United States, Period fertility rates by calendar year and age (Lexis squares, age in completed years (ACY))
Last modified: 27/06/2022
Year    Age        ASFR
1933     12-    0.00004
1933     13     0.00044
1933     14     0.00177
1933     15     0.00672
1933     16     0.01875
1933     17     0.03846
1933     18     0.06586
1933     19     0.08719
1933     20     0.10136
1933     21     0.10639
1933     22     0.11349
1933     23     0.11785
1933     24     0.11476
1933     25     0.11388
1933     26     0.10873
1933     27     0.10118
1933     28     0.10283
1933     29     0.09094
1933     30     0.09009
1933     31     0.06941
1933     32     0.07813
1933     33     0.07614
1933     34     0.06013
1933     35     0.06009
1933     36     0.05416
1933     37     0.04748
1933     38     0.04755
1933     39     0.03724
1933     40     0.03078
1933     41     0.01967
1933     42     0.01877
1933     43     0.01283
1933     44     0.00808
1933     45     0.00526
1933     46     0.00245
1933     47     0.00127
1933     48     0.00081
1933     49     0.00037
1933     50     0.00009
1933     51     0.00003
1933     52     0.00003
1933     53     0.00003
1933     54     0.00002
1933     55+    0.00000
1934     12-    0.00002
1934     13     0.00040
1934     14     0.00198
1934     15     0.00715
1934     16     0.01991
1934     17     0.04062
1934     18     0.06957
1934     19     0.09155
1934     20     0.10749
1934     21     0.11296
1934     22     0.11807
1934     23     0.12034
1934     24     0.12208
1934     25     0.11536
1934     26     0.11399
1934     27     0.10487
1934     28     0.10554
1934     29     0.09483
1934     30     0.09330
1934     31     0.07239
1934     32     0.07541
1934     33     0.06993
1934     34     0.07248
1934     35     0.05676
1934     36     0.05401
1934     37     0.04670
1934     38     0.04769
1934     39     0.03752
1934     40     0.03024
1934     41     0.01963
1934     42     0.01874
1934     43     0.01235
1934     44     0.00789
1934     45     0.00491
1934     46     0.00242
1934     47     0.00122
1934     48     0.00087
1934     49     0.00037
1934     50     0.00011
1934     51     0.00002
1934     52     0.00002
1934     53     0.00001
1934     54     0.00001
1934     55+    0.00000
1935     12-    0.00002
1935     13     0.00044
1935     14     0.00209
1935     15     0.00772
1935     16     0.02046
1935     17     0.04108
1935     18     0.06953
1935     19     0.09187
1935     20     0.10786
1935     21     0.11421
1935     22     0.11915
1935     23     0.12022
1935     24     0.11778
1935     25     0.11656
1935     26     0.10936
1935     27     0.10507
1935     28     0.10411
1935     29     0.09276
1935     30     0.09212
1935     31     0.07185
1935     32     0.07388
1935     33     0.06342
1935     34     0.06336
1935     35     0.06493
1935     36     0.04922
1935     37     0.04429
1935     38     0.04481
1935     39     0.03572
1935     40     0.02936
1935     41     0.01859
1935     42     0.01764
1935     43     0.01164
1935     44     0.00721
1935     45     0.00463
1935     46     0.00222
1935     47     0.00123
1935     48     0.00071
1935     49     0.00038
1935     50     0.00012
1935     51     0.00003
1935     52     0.00003
1935     53     0.00003
1935     54     0.00002
1935     55+    0.00000
1936     12-    0.00004
1936     13     0.00036
1936     14     0.00197
1936     15     0.00732
1936     16     0.02092
1936     17     0.03999
1936     18     0.06906
1936     19     0.09069
1936     20     0.10680
1936     21     0.11575
1936     22     0.11920
1936     23     0.12143
1936     24     0.11824
1936     25     0.11497
1936     26     0.11147
1936     27     0.10191
1936     28     0.10366
1936     29     0.09200
1936     30     0.09024
1936     31     0.07127
1936     32     0.07279
1936     33     0.06365
1936     34     0.05784
1936     35     0.05589
1936     36     0.05633
1936     37     0.04005
1936     38     0.04158
1936     39     0.03323
1936     40     0.02769
1936     41     0.01770
1936     42     0.01640
1936     43     0.01085
1936     44     0.00680
1936     45     0.00419
1936     46     0.00219
1936     47     0.00104
1936     48     0.00067
1936     49     0.00034
1936     50     0.00012
1936     51     0.00003
1936     52     0.00004
1936     53     0.00003
1936     54     0.00003
1936     55+    0.00001
1937     12-    0.00006
1937     13     0.00042
1937     14     0.00207
1937     15     0.00769
1937     16     0.02192
1937     17     0.04449
1937     18     0.07084
1937     19     0.09389
1937     20     0.10953
1937     21     0.11773
1937     22     0.12375
1937     23     0.12675
1937     24     0.12223
1937     25     0.11729
1937     26     0.11233
1937     27     0.10698
1937     28     0.10283
1937     29     0.09519
1937     30     0.09102
1937     31     0.07346
1937     32     0.07343
1937     33     0.06361
1937     34     0.05839
1937     35     0.05205
1937     36     0.04951
1937     37     0.04718
1937     38     0.03804
1937     39     0.03194
1937     40     0.02610
1937     41     0.01741
1937     42     0.01562
1937     43     0.01011
1937     44     0.00634
1937     45     0.00391
1937     46     0.00205
1937     47     0.00107
1937     48     0.00056
1937     49     0.00029
1937     50     0.00011
1937     51     0.00004
1937     52     0.00006
1937     53     0.00004
1937     54     0.00002
1937     55+    0.00001
1938     12-    0.00007
1938     13     0.00042
1938     14     0.00221
1938     15     0.00769
1938     16     0.02223
1938     17     0.04581
1938     18     0.07606
1938     19     0.09482
1938     20     0.11394
1938     21     0.12086
1938     22     0.12684
1938     23     0.13110
1938     24     0.12788
1938     25     0.12244
1938     26     0.11639
1938     27     0.10886
1938     28     0.10942
1938     29     0.09596
1938     30     0.09489
1938     31     0.07579
1938     32     0.07546
1938     33     0.06484
1938     34     0.05985
1938     35     0.05306
1938     36     0.04672
1938     37     0.04273
1938     38     0.04409
1938     39     0.02977
1938     40     0.02579
1938     41     0.01676
1938     42     0.01546
1938     43     0.01018
1938     44     0.00614
1938     45     0.00381
1938     46     0.00187
1938     47     0.00097
1938     48     0.00062
1938     49     0.00027
1938     50     0.00011
1938     51     0.00005
1938     52     0.00006
1938     53     0.00002
1938     54     0.00001
1938     55+    0.00000
1939     12-    0.00000
1939     13     0.00015
1939     14     0.00262
1939     15     0.00903
1939     16     0.02368
1939     17     0.04588
1939     18     0.07029
1939     19     0.09311
1939     20     0.11130
1939     21     0.11949
1939     22     0.12156
1939     23     0.12262
1939     24     0.12732
1939     25     0.12605
1939     26     0.11561
1939     27     0.10696
1939     28     0.10103
1939     29     0.09780
1939     30     0.09021
1939     31     0.07946
1939     32     0.07186
1939     33     0.06648
1939     34     0.06225
1939     35     0.05583
1939     36     0.04816
1939     37     0.04139
1939     38     0.03509
1939     39     0.02907
1939     40     0.02364
1939     41     0.01819
1939     42     0.01287
1939     43     0.00850
1939     44     0.00533
1939     45     0.00326
1939     46     0.00196
1939     47     0.00109
1939     48     0.00058
1939     49     0.00029
1939     50     0.00015
1939     51     0.00008
1939     52     0.00003
1939     53     0.00001
1939     54     0.00000
1939     55+    0.00001
1940     12-    0.00000
1940     13     0.00015
1940     14     0.00257
1940     15     0.00894
1940     16     0.02365
1940     17     0.04617
1940     18     0.07128
1940     19     0.09514
1940     20     0.11505
1940     21     0.12413
1940     22     0.12672
1940     23     0.12808
1940     24     0.13303
1940     25     0.13152
1940     26     0.12038
1940     27     0.11128
1940     28     0.10517
1940     29     0.10197
1940     30     0.09432
1940     31     0.08324
1940     32     0.07495
1940     33     0.06862
1940     34     0.06334
1940     35     0.05575
1940     36     0.04741
1940     37     0.04067
1940     38     0.03474
1940     39     0.02912
1940     40     0.02397
1940     41     0.01849
1940     42     0.01288
1940     43     0.00829
1940     44     0.00503
1940     45     0.00305
1940     46     0.00180
1940     47     0.00095
1940     48     0.00047
1940     49     0.00023
1940     50     0.00013
1940     51     0.00007
1940     52     0.00003
1940     53     0.00001
1940     54     0.00000
1940     55+    0.00000
1941     12-    0.00000
1941     13     0.00016
1941     14     0.00273
1941     15     0.00949
1941     16     0.02495
1941     17     0.04848
1941     18     0.07488
1941     19     0.10083
1941     20     0.12374
1941     21     0.13443
1941     22     0.13777
1941     23     0.13914
1941     24     0.14361
1941     25     0.14086
1941     26     0.12812
1941     27     0.11774
1941     28     0.11075
1941     29     0.10695
1941     30     0.09842
1941     31     0.08641
1941     32     0.07743
1941     33     0.07059
1941     34     0.06489
1941     35     0.05693
1941     36     0.04820
1941     37     0.04110
1941     38     0.03485
1941     39     0.02896
1941     40     0.02350
1941     41     0.01795
1941     42     0.01247
1941     43     0.00803
1941     44     0.00487
1941     45     0.00299
1941     46     0.00172
1941     47     0.00086
1941     48     0.00039
1941     49     0.00017
1941     50     0.00009
1941     51     0.00005
1941     52     0.00002
1941     53     0.00001
1941     54     0.00000
1941     55+    0.00000
1942     12-    0.00000
1942     13     0.00017
1942     14     0.00286
1942     15     0.01008
1942     16     0.02657
1942     17     0.05191
1942     18     0.08104
1942     19     0.11125
1942     20     0.13957
1942     21     0.15400
1942     22     0.15936
1942     23     0.16115
1942     24     0.16492
1942     25     0.15993
1942     26     0.14418
1942     27     0.13147
1942     28     0.12290
1942     29     0.11817
1942     30     0.10811
1942     31     0.09424
1942     32     0.08394
1942     33     0.07609
1942     34     0.06955
1942     35     0.06077
1942     36     0.05115
1942     37     0.04319
1942     38     0.03616
1942     39     0.02963
1942     40     0.02380
1942     41     0.01796
1942     42     0.01223
1942     43     0.00770
1942     44     0.00458
1942     45     0.00275
1942     46     0.00160
1942     47     0.00084
1942     48     0.00042
1942     49     0.00020
1942     50     0.00012
1942     51     0.00006
1942     52     0.00003
1942     53     0.00001
1942     54     0.00000
1942     55+    0.00000
1943     12-    0.00000
1943     13     0.00018
1943     14     0.00304
1943     15     0.01058
1943     16     0.02756
1943     17     0.05325
1943     18     0.08232
1943     19     0.11201
1943     20     0.13937
1943     21     0.15315
1943     22     0.15850
1943     23     0.16113
1943     24     0.16669
1943     25     0.16357
1943     26     0.14886
1943     27     0.13712
1943     28     0.12956
1943     29     0.12592
1943     30     0.11634
1943     31     0.10231
1943     32     0.09182
1943     33     0.08377
1943     34     0.07691
1943     35     0.06747
1943     36     0.05694
1943     37     0.04806
1943     38     0.04010
1943     39     0.03263
1943     40     0.02625
1943     41     0.01964
1943     42     0.01295
1943     43     0.00782
1943     44     0.00445
1943     45     0.00269
1943     46     0.00156
1943     47     0.00079
1943     48     0.00037
1943     49     0.00016
1943     50     0.00007
1943     51     0.00004
1943     52     0.00003
1943     53     0.00003
1943     54     0.00002
1943     55+    0.00008
1944     12-    0.00000
1944     13     0.00017
1944     14     0.00295
1944     15     0.00992
1944     16     0.02502
1944     17     0.04714
1944     18     0.07208
1944     19     0.09918
1944     20     0.12642
1944     21     0.14183
1944     22     0.14907
1944     23     0.15218
1944     24     0.15591
1944     25     0.15111
1944     26     0.13682
1944     27     0.12623
1944     28     0.12055
1944     29     0.11951
1944     30     0.11263
1944     31     0.10042
1944     32     0.09137
1944     33     0.08443
1944     34     0.07843
1944     35     0.06961
1944     36     0.05938
1944     37     0.05043
1944     38     0.04216
1944     39     0.03427
1944     40     0.02748
1944     41     0.02048
1944     42     0.01338
1944     43     0.00798
1944     44     0.00449
1944     45     0.00268
1944     46     0.00153
1944     47     0.00075
1944     48     0.00034
1944     49     0.00014
1944     50     0.00006
1944     51     0.00004
1944     52     0.00003
1944     53     0.00002
1944     54     0.00002
1944     55+    0.00008
1945     12-    0.00000
1945     13     0.00018
1945     14     0.00303
1945     15     0.00983
1945     16     0.02437
1945     17     0.04518
1945     18     0.06803
1945     19     0.09232
1945     20     0.11642
1945     21     0.12954
1945     22     0.13592
1945     23     0.13970
1945     24     0.14542
1945     25     0.14354
1945     26     0.13183
1945     27     0.12332
1945     28     0.11926
1945     29     0.11953
1945     30     0.11402
1945     31     0.10283
1945     32     0.09439
1945     33     0.08776
1945     34     0.08182
1945     35     0.07307
1945     36     0.06267
1945     37     0.05313
1945     38     0.04412
1945     39     0.03557
1945     40     0.02815
1945     41     0.02094
1945     42     0.01392
1945     43     0.00852
1945     44     0.00494
1945     45     0.00303
1945     46     0.00177
1945     47     0.00087
1945     48     0.00040
1945     49     0.00017
1945     50     0.00007
1945     51     0.00004
1945     52     0.00003
1945     53     0.00003
1945     54     0.00003
1945     55+    0.00010
1946     12-    0.00000
1946     13     0.00021
1946     14     0.00300
1946     15     0.00826
1946     16     0.02295
1946     17     0.04523
1946     18     0.08273
1946     19     0.11996
1946     20     0.15051
1946     21     0.17292
1946     22     0.18181
1946     23     0.18849
1946     24     0.18544
1946     25     0.17849
1946     26     0.16992
1946     27     0.14886
1946     28     0.14896
1946     29     0.13457
1946     30     0.12912
1946     31     0.11217
1946     32     0.10670
1946     33     0.09382
1946     34     0.08376
1946     35     0.07475
1946     36     0.06586
1946     37     0.05292
1946     38     0.04834
1946     39     0.03689
1946     40     0.02792
1946     41     0.01868
1946     42     0.01507
1946     43     0.00955
1946     44     0.00542
1946     45     0.00315
1946     46     0.00172
1946     47     0.00060
1946     48     0.00035
1946     49     0.00020
1946     50     0.00006
1946     51     0.00002
1946     52     0.00003
1946     53     0.00003
1946     54     0.00002
1946     55+    0.00009
1947     12-    0.00000
1947     13     0.00026
1947     14     0.00396
1947     15     0.01150
1947     16     0.03111
1947     17     0.06562
1947     18     0.10991
1947     19     0.15668
1947     20     0.18776
1947     21     0.20254
1947     22     0.21111
1947     23     0.21482
1947     24     0.20257
1947     25     0.19465
1947     26     0.18807
1947     27     0.17192
1947     28     0.15515
1947     29     0.14600
1947     30     0.13497
1947     31     0.11539
1947     32     0.10990
1947     33     0.09651
1947     34     0.08585
1947     35     0.07419
1947     36     0.06565
1947     37     0.05609
1947     38     0.04734
1947     39     0.03790
1947     40     0.02848
1947     41     0.01882
1947     42     0.01536
1947     43     0.00956
1947     44     0.00552
1947     45     0.00301
1947     46     0.00158
1947     47     0.00084
1947     48     0.00030
1947     49     0.00015
1947     50     0.00005
1947     51     0.00003
1947     52     0.00003
1947     53     0.00002
1947     54     0.00004
1947     55+    0.00009
1948     12-    0.00000
1948     13     0.00028
1948     14     0.00445
1948     15     0.01278
1948     16     0.03490
1948     17     0.06987
1948     18     0.11551
1948     19     0.15356
1948     20     0.18316
1948     21     0.19529
1948     22     0.19791
1948     23     0.20368
1948     24     0.19571
1948     25     0.17960
1948     26     0.17242
1948     27     0.16214
1948     28     0.15256
1948     29     0.13048
1948     30     0.12759
1948     31     0.10681
1948     32     0.10053
1948     33     0.08875
1948     34     0.08059
1948     35     0.06924
1948     36     0.05941
1948     37     0.05140
1948     38     0.04640
1948     39     0.03471
1948     40     0.02711
1948     41     0.01802
1948     42     0.01453
1948     43     0.00898
1948     44     0.00511
1948     45     0.00291
1948     46     0.00137
1948     47     0.00067
1948     48     0.00042
1948     49     0.00014
1948     50     0.00004
1948     51     0.00003
1948     52     0.00002
1948     53     0.00002
1948     54     0.00003
1948     55+    0.00006
1949     12-    0.00000
1949     13     0.00028
1949     14     0.00447
1949     15     0.01337
1949     16     0.03650
1949     17     0.07179
1949     18     0.11546
1949     19     0.15811
1949     20     0.18023
1949     21     0.19633
1949     22     0.20066
1949     23     0.20196
1949     24     0.19873
1949     25     0.18604
1949     26     0.17059
1949     27     0.16075
1949     28     0.15508
1949     29     0.13853
1949     30     0.12339
1949     31     0.10906
1949     32     0.09951
1949     33     0.08711
1949     34     0.07897
1949     35     0.06924
1949     36     0.05868
1949     37     0.04930
1949     38     0.04479
1949     39     0.03562
1949     40     0.02637
1949     41     0.01774
1949     42     0.01402
1949     43     0.00883
1949     44     0.00514
1949     45     0.00286
1949     46     0.00138
1949     47     0.00066
1949     48     0.00035
1949     49     0.00022
1949     50     0.00009
1949     51     0.00005
1949     52     0.00002
1949     53     0.00001
1949     54     0.00000
1949     55+    0.00000
1950     12-    0.00000
1950     13     0.00028
1950     14     0.00447
1950     15     0.01352
1950     16     0.03703
1950     17     0.07172
1950     18     0.11510
1950     19     0.15479
1950     20     0.18146
1950     21     0.19010
1950     22     0.20032
1950     23     0.20139
1950     24     0.19416
1950     25     0.19099
1950     26     0.17433
1950     27     0.15789
1950     28     0.15620
1950     29     0.14072
1950     30     0.12892
1950     31     0.10621
1950     32     0.10302
1950     33     0.08695
1950     34     0.07876
1950     35     0.06938
1950     36     0.05909
1950     37     0.04924
1950     38     0.04311
1950     39     0.03460
1950     40     0.02699
1950     41     0.01695
1950     42     0.01408
1950     43     0.00855
1950     44     0.00484
1950     45     0.00271
1950     46     0.00126
1950     47     0.00056
1950     48     0.00029
1950     49     0.00018
1950     50     0.00008
1950     51     0.00004
1950     52     0.00002
1950     53     0.00001
1950     54     0.00000
1950     55+    0.00000
1951     12-    0.00000
1951     13     0.00027
1951     14     0.00447
1951     15     0.01423
1951     16     0.03862
1951     17     0.07681
1951     18     0.12411
1951     19     0.16999
1951     20     0.19518
1951     21     0.21032
1951     22     0.21264
1951     23     0.21450
1951     24     0.20784
1951     25     0.20007
1951     26     0.18767
1951     27     0.16805
1951     28     0.16333
1951     29     0.14589
1951     30     0.13309
1951     31     0.11734
1951     32     0.10473
1951     33     0.09202
1951     34     0.08009
1951     35     0.07135
1951     36     0.06149
1951     37     0.05114
1951     38     0.04389
1951     39     0.03473
1951     40     0.02756
1951     41     0.01853
1951     42     0.01370
1951     43     0.00869
1951     44     0.00506
1951     45     0.00263
1951     46     0.00134
1951     47     0.00055
1951     48     0.00029
1951     49     0.00014
1951     50     0.00009
1951     51     0.00006
1951     52     0.00003
1951     53     0.00001
1951     54     0.00000
1951     55+    0.00000
1952     12-    0.00000
1952     13     0.00026
1952     14     0.00428
1952     15     0.01341
1952     16     0.03811
1952     17     0.07568
1952     18     0.12429
1952     19     0.17066
1952     20     0.20076
1952     21     0.21443
1952     22     0.22457
1952     23     0.21856
1952     24     0.21410
1952     25     0.20646
1952     26     0.19296
1952     27     0.17691
1952     28     0.17018
1952     29     0.15150
1952     30     0.13857
1952     31     0.12058
1952     32     0.11525
1952     33     0.09400
1952     34     0.08478
1952     35     0.07234
1952     36     0.06274
1952     37     0.05405
1952     38     0.04605
1952     39     0.03662
1952     40     0.02743
1952     41     0.01851
1952     42     0.01488
1952     43     0.00863
1952     44     0.00506
1952     45     0.00271
1952     46     0.00133
1952     47     0.00055
1952     48     0.00029
1952     49     0.00019
1952     50     0.00010
1952     51     0.00005
1952     52     0.00003
1952     53     0.00001
1952     54     0.00000
1952     55+    0.00000
1953     12-    0.00000
1953     13     0.00028
1953     14     0.00444
1953     15     0.01365
1953     16     0.03874
1953     17     0.07805
1953     18     0.12895
1953     19     0.17836
1953     20     0.20799
1953     21     0.22163
1953     22     0.22714
1953     23     0.23180
1953     24     0.21544
1953     25     0.21155
1953     26     0.19500
1953     27     0.17806
1953     28     0.17222
1953     29     0.15529
1953     30     0.13894
1953     31     0.11921
1953     32     0.11521
1953     33     0.09981
1953     34     0.08381
1953     35     0.07550
1953     36     0.06320
1953     37     0.05386
1953     38     0.04695
1953     39     0.03656
1953     40     0.02811
1953     41     0.01878
1953     42     0.01462
1953     43     0.00941
1953     44     0.00492
1953     45     0.00259
1953     46     0.00127
1953     47     0.00059
1953     48     0.00025
1953     49     0.00011
1953     50     0.00008
1953     51     0.00005
1953     52     0.00003
1953     53     0.00001
1953     54     0.00000
1953     55+    0.00000
1954     12-    0.00000
1954     13     0.00031
1954     14     0.00494
1954     15     0.01463
1954     16     0.04056
1954     17     0.07933
1954     18     0.13041
1954     19     0.18566
1954     20     0.21676
1954     21     0.23429
1954     22     0.24136
1954     23     0.23844
1954     24     0.23171
1954     25     0.21480
1954     26     0.19926
1954     27     0.18390
1954     28     0.17449
1954     29     0.16042
1954     30     0.14562
1954     31     0.12219
1954     32     0.11625
1954     33     0.10179
1954     34     0.09068
1954     35     0.07533
1954     36     0.06693
1954     37     0.05454
1954     38     0.04793
1954     39     0.03827
1954     40     0.02887
1954     41     0.01962
1954     42     0.01494
1954     43     0.00923
1954     44     0.00519
1954     45     0.00254
1954     46     0.00130
1954     47     0.00057
1954     48     0.00026
1954     49     0.00014
1954     50     0.00008
1954     51     0.00005
1954     52     0.00003
1954     53     0.00001
1954     54     0.00000
1954     55+    0.00000
1955     12-    0.00000
1955     13     0.00027
1955     14     0.00457
1955     15     0.01479
1955     16     0.04038
1955     17     0.08006
1955     18     0.12962
1955     19     0.18681
1955     20     0.22241
1955     21     0.24150
1955     22     0.24862
1955     23     0.24631
1955     24     0.23452
1955     25     0.22505
1955     26     0.19917
1955     27     0.18400
1955     28     0.17697
1955     29     0.15862
1955     30     0.14610
1955     31     0.12403
1955     32     0.11564
1955     33     0.10018
1955     34     0.08976
1955     35     0.07974
1955     36     0.06425
1955     37     0.05603
1955     38     0.04765
1955     39     0.03853
1955     40     0.02909
1955     41     0.01949
1955     42     0.01480
1955     43     0.00912
1955     44     0.00510
1955     45     0.00275
1955     46     0.00114
1955     47     0.00053
1955     48     0.00024
1955     49     0.00012
1955     50     0.00005
1955     51     0.00003
1955     52     0.00002
1955     53     0.00001
1955     54     0.00000
1955     55+    0.00000
1956     12-    0.00000
1956     13     0.00028
1956     14     0.00460
1956     15     0.01485
1956     16     0.04340
1956     17     0.08374
1956     18     0.13816
1956     19     0.19641
1956     20     0.23266
1956     21     0.25396
1956     22     0.26123
1956     23     0.25762
1956     24     0.24547
1956     25     0.23223
1956     26     0.21121
1956     27     0.18274
1956     28     0.18046
1956     29     0.16104
1956     30     0.14684
1956     31     0.12596
1956     32     0.11890
1956     33     0.10041
1956     34     0.08881
1956     35     0.07949
1956     36     0.06844
1956     37     0.05429
1956     38     0.05071
1956     39     0.03623
1956     40     0.02942
1956     41     0.01963
1956     42     0.01497
1956     43     0.00934
1956     44     0.00528
1956     45     0.00267
1956     46     0.00127
1956     47     0.00047
1956     48     0.00021
1956     49     0.00011
1956     50     0.00005
1956     51     0.00003
1956     52     0.00002
1956     53     0.00001
1956     54     0.00000
1956     55+    0.00000
1957     12-    0.00000
1957     13     0.00028
1957     14     0.00457
1957     15     0.01502
1957     16     0.04357
1957     17     0.08739
1957     18     0.14135
1957     19     0.20286
1957     20     0.23729
1957     21     0.25958
1957     22     0.26932
1957     23     0.26610
1957     24     0.25244
1957     25     0.23967
1957     26     0.21434
1957     27     0.19571
1957     28     0.17842
1957     29     0.16504
1957     30     0.14869
1957     31     0.12620
1957     32     0.12005
1957     33     0.10404
1957     34     0.08978
1957     35     0.07908
1957     36     0.06836
1957     37     0.05796
1957     38     0.04825
1957     39     0.03911
1957     40     0.02918
1957     41     0.01976
1957     42     0.01518
1957     43     0.00935
1957     44     0.00520
1957     45     0.00267
1957     46     0.00124
1957     47     0.00056
1957     48     0.00020
1957     49     0.00012
1957     50     0.00005
1957     51     0.00003
1957     52     0.00001
1957     53     0.00001
1957     54     0.00000
1957     55+    0.00000
1958     12-    0.00000
1958     13     0.00029
1958     14     0.00451
1958     15     0.01385
1958     16     0.04071
1958     17     0.08395
1958     18     0.13945
1958     19     0.20140
1958     20     0.23713
1958     21     0.25522
1958     22     0.26604
1958     23     0.26587
1958     24     0.25299
1958     25     0.23767
1958     26     0.21428
1958     27     0.19310
1958     28     0.18033
1958     29     0.15977
1958     30     0.14755
1958     31     0.12424
1958     32     0.11575
1958     33     0.10100
1958     34     0.08927
1958     35     0.07669
1958     36     0.06525
1958     37     0.05568
1958     38     0.05023
1958     39     0.03661
1958     40     0.02868
1958     41     0.01896
1958     42     0.01423
1958     43     0.00896
1958     44     0.00505
1958     45     0.00256
1958     46     0.00112
1958     47     0.00056
1958     48     0.00024
1958     49     0.00009
1958     50     0.00004
1958     51     0.00003
1958     52     0.00002
1958     53     0.00001
1958     54     0.00000
1958     55+    0.00000
1959     12-    0.00000
1959     13     0.00028
1959     14     0.00461
1959     15     0.01459
1959     16     0.03912
1959     17     0.07988
1959     18     0.13649
1959     19     0.20178
1959     20     0.24175
1959     21     0.25919
1959     22     0.26180
1959     23     0.26535
1959     24     0.25517
1959     25     0.23831
1959     26     0.21584
1959     27     0.19352
1959     28     0.17940
1959     29     0.16449
1959     30     0.14608
1959     31     0.12434
1959     32     0.11496
1959     33     0.09880
1959     34     0.08810
1959     35     0.07765
1959     36     0.06477
1959     37     0.05413
1959     38     0.04885
1959     39     0.03964
1959     40     0.02763
1959     41     0.01945
1959     42     0.01428
1959     43     0.00889
1959     44     0.00520
1959     45     0.00259
1959     46     0.00116
1959     47     0.00052
1959     48     0.00024
1959     49     0.00011
1959     50     0.00003
1959     51     0.00002
1959     52     0.00001
1959     53     0.00001
1959     54     0.00000
1959     55+    0.00000
1960     12-    0.00000
1960     13     0.00026
1960     14     0.00446
1960     15     0.01432
1960     16     0.03949
1960     17     0.07659
1960     18     0.13056
1960     19     0.19895
1960     20     0.23561
1960     21     0.25773
1960     22     0.26686
1960     23     0.26459
1960     24     0.25424
1960     25     0.24013
1960     26     0.21716
1960     27     0.19448
1960     28     0.17919
1960     29     0.16193
1960     30     0.14827
1960     31     0.12245
1960     32     0.11365
1960     33     0.09818
1960     34     0.08638
1960     35     0.07725
1960     36     0.06536
1960     37     0.05339
1960     38     0.04725
1960     39     0.03814
1960     40     0.02877
1960     41     0.01902
1960     42     0.01427
1960     43     0.00896
1960     44     0.00486
1960     45     0.00256
1960     46     0.00112
1960     47     0.00049
1960     48     0.00019
1960     49     0.00009
1960     50     0.00006
1960     51     0.00004
1960     52     0.00002
1960     53     0.00001
1960     54     0.00000
1960     55+    0.00000
1961     12-    0.00000
1961     13     0.00024
1961     14     0.00390
1961     15     0.01383
1961     16     0.03934
1961     17     0.07666
1961     18     0.12561
1961     19     0.19197
1961     20     0.23028
1961     21     0.25418
1961     22     0.26145
1961     23     0.26344
1961     24     0.24969
1961     25     0.23554
1961     26     0.21744
1961     27     0.19542
1961     28     0.17751
1961     29     0.16069
1961     30     0.14457
1961     31     0.12846
1961     32     0.11113
1961     33     0.09925
1961     34     0.08553
1961     35     0.07550
1961     36     0.06540
1961     37     0.05452
1961     38     0.04601
1961     39     0.03730
1961     40     0.02882
1961     41     0.02012
1961     42     0.01374
1961     43     0.00897
1961     44     0.00496
1961     45     0.00258
1961     46     0.00113
1961     47     0.00044
1961     48     0.00024
1961     49     0.00009
1961     50     0.00006
1961     51     0.00004
1961     52     0.00002
1961     53     0.00001
1961     54     0.00000
1961     55+    0.00000
1962     12-    0.00000
1962     13     0.00026
1962     14     0.00394
1962     15     0.01204
1962     16     0.03669
1962     17     0.07360
1962     18     0.12272
1962     19     0.18167
1962     20     0.21847
1962     21     0.24437
1962     22     0.25298
1962     23     0.25338
1962     24     0.24093
1962     25     0.22554
1962     26     0.20988
1962     27     0.19117
1962     28     0.17210
1962     29     0.15326
1962     30     0.13618
1962     31     0.12165
1962     32     0.11186
1962     33     0.09285
1962     34     0.08320
1962     35     0.07153
1962     36     0.06157
1962     37     0.05219
1962     38     0.04434
1962     39     0.03451
1962     40     0.02707
1962     41     0.01897
1962     42     0.01431
1962     43     0.00820
1962     44     0.00466
1962     45     0.00244
1962     46     0.00114
1962     47     0.00050
1962     48     0.00017
1962     49     0.00007
1962     50     0.00005
1962     51     0.00003
1962     52     0.00002
1962     53     0.00001
1962     54     0.00000
1962     55+    0.00000
1963     12-    0.00000
1963     13     0.00026
1963     14     0.00409
1963     15     0.01233
1963     16     0.03337
1963     17     0.07175
1963     18     0.11785
1963     19     0.17689
1963     20     0.20683
1963     21     0.23190
1963     22     0.24103
1963     23     0.24374
1963     24     0.22975
1963     25     0.21820
1963     26     0.20100
1963     27     0.18429
1963     28     0.16867
1963     29     0.14994
1963     30     0.13188
1963     31     0.11663
1963     32     0.10866
1963     33     0.09439
1963     34     0.07908
1963     35     0.07052
1963     36     0.05912
1963     37     0.04999
1963     38     0.04357
1963     39     0.03390
1963     40     0.02558
1963     41     0.01798
1963     42     0.01390
1963     43     0.00848
1963     44     0.00434
1963     45     0.00234
1963     46     0.00113
1963     47     0.00046
1963     48     0.00016
1963     49     0.00009
1963     50     0.00004
1963     51     0.00002
1963     52     0.00001
1963     53     0.00001
1963     54     0.00000
1963     55+    0.00000
1964     12-    0.00000
1964     13     0.00027
1964     14     0.00419
1964     15     0.01237
1964     16     0.03379
1964     17     0.06551
1964     18     0.11352
1964     19     0.16687
1964     20     0.19621
1964     21     0.21824
1964     22     0.22857
1964     23     0.23064
1964     24     0.21943
1964     25     0.20822
1964     26     0.19412
1964     27     0.17794
1964     28     0.16286
1964     29     0.14802
1964     30     0.12930
1964     31     0.11148
1964     32     0.10466
1964     33     0.09156
1964     34     0.08096
1964     35     0.06745
1964     36     0.05823
1964     37     0.04938
1964     38     0.04158
1964     39     0.03398
1964     40     0.02564
1964     41     0.01719
1964     42     0.01294
1964     43     0.00832
1964     44     0.00462
1964     45     0.00218
1964     46     0.00106
1964     47     0.00045
1964     48     0.00020
1964     49     0.00007
1964     50     0.00000
1964     51     0.00000
1964     52     0.00000
1964     53     0.00000
1964     54     0.00000
1964     55+    0.00000
1965     12-    0.00000
1965     13     0.00025
1965     14     0.00405
1965     15     0.01247
1965     16     0.03318
1965     17     0.06377
1965     18     0.10292
1965     19     0.15344
1965     20     0.17555
1965     21     0.19589
1965     22     0.20402
1965     23     0.20798
1965     24     0.19626
1965     25     0.18906
1965     26     0.17471
1965     27     0.16143
1965     28     0.14656
1965     29     0.13224
1965     30     0.11826
1965     31     0.10333
1965     32     0.09486
1965     33     0.08279
1965     34     0.07276
1965     35     0.06441
1965     36     0.05292
1965     37     0.04537
1965     38     0.03880
1965     39     0.03090
1965     40     0.02415
1965     41     0.01627
1965     42     0.01176
1965     43     0.00760
1965     44     0.00426
1965     45     0.00227
1965     46     0.00094
1965     47     0.00040
1965     48     0.00016
1965     49     0.00007
1965     50     0.00000
1965     51     0.00000
1965     52     0.00000
1965     53     0.00000
1965     54     0.00000
1965     55+    0.00000
1966     12-    0.00000
1966     13     0.00026
1966     14     0.00414
1966     15     0.01247
1966     16     0.03292
1966     17     0.06249
1966     18     0.10107
1966     19     0.14249
1966     20     0.16763
1966     21     0.18333
1966     22     0.19253
1966     23     0.19531
1966     24     0.18506
1966     25     0.17548
1966     26     0.16247
1966     27     0.14550
1966     28     0.13390
1966     29     0.11945
1966     30     0.10583
1966     31     0.09454
1966     32     0.08433
1966     33     0.07451
1966     34     0.06492
1966     35     0.05768
1966     36     0.04955
1966     37     0.04053
1966     38     0.03532
1966     39     0.02766
1966     40     0.02169
1966     41     0.01512
1966     42     0.01088
1966     43     0.00694
1966     44     0.00394
1966     45     0.00211
1966     46     0.00092
1966     47     0.00038
1966     48     0.00017
1966     49     0.00004
1966     50     0.00000
1966     51     0.00000
1966     52     0.00000
1966     53     0.00000
1966     54     0.00000
1966     55+    0.00000
1967     12-    0.00000
1967     13     0.00026
1967     14     0.00426
1967     15     0.01242
1967     16     0.03295
1967     17     0.06164
1967     18     0.09664
1967     19     0.13617
1967     20     0.15447
1967     21     0.17430
1967     22     0.18051
1967     23     0.18793
1967     24     0.17741
1967     25     0.16930
1967     26     0.15669
1967     27     0.13961
1967     28     0.12512
1967     29     0.11361
1967     30     0.09646
1967     31     0.08776
1967     32     0.07832
1967     33     0.06909
1967     34     0.05963
1967     35     0.05196
1967     36     0.04473
1967     37     0.03898
1967     38     0.03166
1967     39     0.02548
1967     40     0.01938
1967     41     0.01373
1967     42     0.01003
1967     43     0.00643
1967     44     0.00356
1967     45     0.00194
1967     46     0.00083
1967     47     0.00038
1967     48     0.00014
1967     49     0.00005
1967     50     0.00000
1967     51     0.00000
1967     52     0.00000
1967     53     0.00000
1967     54     0.00000
1967     55+    0.00000
1968     12-    0.00014
1968     13     0.00088
1968     14     0.00386
1968     15     0.01307
1968     16     0.03278
1968     17     0.06076
1968     18     0.09511
1968     19     0.13122
1968     20     0.14887
1968     21     0.16502
1968     22     0.17456
1968     23     0.17677
1968     24     0.17278
1968     25     0.16758
1968     26     0.15511
1968     27     0.13893
1968     28     0.12398
1968     29     0.10847
1968     30     0.09265
1968     31     0.08219
1968     32     0.07396
1968     33     0.06344
1968     34     0.05632
1968     35     0.04835
1968     36     0.04116
1968     37     0.03513
1968     38     0.03021
1968     39     0.02280
1968     40     0.01785
1968     41     0.01246
1968     42     0.00897
1968     43     0.00591
1968     44     0.00317
1968     45     0.00167
1968     46     0.00077
1968     47     0.00034
1968     48     0.00017
1968     49     0.00006
1968     50     0.00000
1968     51     0.00000
1968     52     0.00000
1968     53     0.00000
1968     54     0.00000
1968     55+    0.00000
1969     12-    0.00017
1969     13     0.00081
1969     14     0.00429
1969     15     0.01373
1969     16     0.03368
1969     17     0.06114
1969     18     0.09528
1969     19     0.12915
1969     20     0.14609
1969     21     0.16409
1969     22     0.17257
1969     23     0.17858
1969     24     0.17040
1969     25     0.16823
1969     26     0.15996
1969     27     0.14228
1969     28     0.12741
1969     29     0.11115
1969     30     0.09313
1969     31     0.08293
1969     32     0.07260
1969     33     0.06218
1969     34     0.05400
1969     35     0.04691
1969     36     0.03828
1969     37     0.03198
1969     38     0.02722
1969     39     0.02212
1969     40     0.01613
1969     41     0.01141
1969     42     0.00816
1969     43     0.00529
1969     44     0.00308
1969     45     0.00150
1969     46     0.00065
1969     47     0.00031
1969     48     0.00017
1969     49     0.00006
1969     50     0.00000
1969     51     0.00000
1969     52     0.00000
1969     53     0.00000
1969     54     0.00000
1969     55+    0.00000
1970     12-    0.00032
1970     13     0.00091
1970     14     0.00457
1970     15     0.01504
1970     16     0.03707
1970     17     0.06482
1970     18     0.09817
1970     19     0.12935
1970     20     0.14600
1970     21     0.16247
1970     22     0.17227
1970     23     0.17726
1970     24     0.17246
1970     25     0.16796
1970     26     0.16022
1970     27     0.14483
1970     28     0.13037
1970     29     0.11352
1970     30     0.09430
1970     31     0.08300
1970     32     0.07210
1970     33     0.06040
1970     34     0.05126
1970     35     0.04489
1970     36     0.03708
1970     37     0.03061
1970     38     0.02581
1970     39     0.02044
1970     40     0.01551
1970     41     0.01043
1970     42     0.00758
1970     43     0.00480
1970     44     0.00251
1970     45     0.00144
1970     46     0.00060
1970     47     0.00028
1970     48     0.00010
1970     49     0.00008
1970     50     0.00000
1970     51     0.00000
1970     52     0.00000
1970     53     0.00000
1970     54     0.00000
1970     55+    0.00000
1971     12-    0.00015
1971     13     0.00087
1971     14     0.00456
1971     15     0.01542
1971     16     0.03670
1971     17     0.06334
1971     18     0.09219
1971     19     0.11896
1971     20     0.13181
1971     21     0.14734
1971     22     0.15597
1971     23     0.16381
1971     24     0.15689
1971     25     0.15666
1971     26     0.14723
1971     27     0.13483
1971     28     0.12131
1971     29     0.10625
1971     30     0.08751
1971     31     0.07759
1971     32     0.06542
1971     33     0.05608
1971     34     0.04633
1971     35     0.04045
1971     36     0.03415
1971     37     0.02759
1971     38     0.02309
1971     39     0.01781
1971     40     0.01342
1971     41     0.00943
1971     42     0.00655
1971     43     0.00408
1971     44     0.00222
1971     45     0.00118
1971     46     0.00057
1971     47     0.00025
1971     48     0.00009
1971     49     0.00003
1971     50     0.00000
1971     51     0.00000
1971     52     0.00000
1971     53     0.00000
1971     54     0.00000
1971     55+    0.00000
1972     12-    0.00014
1972     13     0.00093
1972     14     0.00473
1972     15     0.01627
1972     16     0.03815
1972     17     0.06370
1972     18     0.08811
1972     19     0.10604
1972     20     0.11567
1972     21     0.12561
1972     22     0.13304
1972     23     0.13953
1972     24     0.13740
1972     25     0.13634
1972     26     0.13196
1972     27     0.11817
1972     28     0.10750
1972     29     0.09352
1972     30     0.07835
1972     31     0.06805
1972     32     0.05835
1972     33     0.04899
1972     34     0.04081
1972     35     0.03410
1972     36     0.02970
1972     37     0.02456
1972     38     0.01995
1972     39     0.01548
1972     40     0.01158
1972     41     0.00813
1972     42     0.00592
1972     43     0.00353
1972     44     0.00203
1972     45     0.00102
1972     46     0.00050
1972     47     0.00021
1972     48     0.00009
1972     49     0.00004
1972     50     0.00000
1972     51     0.00000
1972     52     0.00000
1972     53     0.00000
1972     54     0.00000
1972     55+    0.00000
1973     12-    0.00017
1973     13     0.00100
1973     14     0.00498
1973     15     0.01661
1973     16     0.03767
1973     17     0.06223
1973     18     0.08386
1973     19     0.09888
1973     20     0.10662
1973     21     0.11613
1973     22     0.12227
1973     23     0.12818
1973     24     0.12688
1973     25     0.12758
1973     26     0.12370
1973     27     0.11368
1973     28     0.10182
1973     29     0.08727
1973     30     0.07337
1973     31     0.06373
1973     32     0.05384
1973     33     0.04524
1973     34     0.03674
1973     35     0.03090
1973     36     0.02579
1973     37     0.02171
1973     38     0.01766
1973     39     0.01360
1973     40     0.01007
1973     41     0.00726
1973     42     0.00514
1973     43     0.00322
1973     44     0.00167
1973     45     0.00091
1973     46     0.00042
1973     47     0.00017
1973     48     0.00007
1973     49     0.00002
1973     50     0.00000
1973     51     0.00000
1973     52     0.00000
1973     53     0.00000
1973     54     0.00000
1973     55+    0.00000
1974     12-    0.00018
1974     13     0.00096
1974     14     0.00486
1974     15     0.01607
1974     16     0.03634
1974     17     0.05994
1974     18     0.08098
1974     19     0.09604
1974     20     0.10492
1974     21     0.11417
1974     22     0.12075
1974     23     0.12583
1974     24     0.12428
1974     25     0.12579
1974     26     0.12319
1974     27     0.11251
1974     28     0.10381
1974     29     0.08569
1974     30     0.07216
1974     31     0.06174
1974     32     0.05236
1974     33     0.04328
1974     34     0.03516
1974     35     0.02861
1974     36     0.02391
1974     37     0.01973
1974     38     0.01594
1974     39     0.01229
1974     40     0.00918
1974     41     0.00638
1974     42     0.00448
1974     43     0.00281
1974     44     0.00150
1974     45     0.00074
1974     46     0.00041
1974     47     0.00017
1974     48     0.00007
1974     49     0.00003
1974     50     0.00000
1974     51     0.00000
1974     52     0.00000
1974     53     0.00000
1974     54     0.00000
1974     55+    0.00000
1975     12-    0.00015
1975     13     0.00101
1975     14     0.00486
1975     15     0.01598
1975     16     0.03535
1975     17     0.05705
1975     18     0.07785
1975     19     0.09217
1975     20     0.10109
1975     21     0.10998
1975     22     0.11572
1975     23     0.12097
1975     24     0.11951
1975     25     0.12103
1975     26     0.11780
1975     27     0.11006
1975     28     0.10126
1975     29     0.08650
1975     30     0.07114
1975     31     0.06092
1975     32     0.05105
1975     33     0.04206
1975     34     0.03445
1975     35     0.02885
1975     36     0.02241
1975     37     0.01848
1975     38     0.01527
1975     39     0.01143
1975     40     0.00873
1975     41     0.00593
1975     42     0.00409
1975     43     0.00268
1975     44     0.00158
1975     45     0.00077
1975     46     0.00034
1975     47     0.00016
1975     48     0.00006
1975     49     0.00002
1975     50     0.00000
1975     51     0.00000
1975     52     0.00000
1975     53     0.00000
1975     54     0.00000
1975     55+    0.00000
1976     12-    0.00018
1976     13     0.00095
1976     14     0.00464
1976     15     0.01504
1976     16     0.03402
1976     17     0.05343
1976     18     0.07327
1976     19     0.08811
1976     20     0.09775
1976     21     0.10672
1976     22     0.11294
1976     23     0.11764
1976     24     0.11773
1976     25     0.11856
1976     26     0.11679
1976     27     0.10911
1976     28     0.10282
1976     29     0.08723
1976     30     0.07506
1976     31     0.06207
1976     32     0.05162
1976     33     0.04246
1976     34     0.03418
1976     35     0.02782
1976     36     0.02290
1976     37     0.01790
1976     38     0.01476
1976     39     0.01063
1976     40     0.00788
1976     41     0.00561
1976     42     0.00395
1976     43     0.00246
1976     44     0.00136
1976     45     0.00067
1976     46     0.00035
1976     47     0.00013
1976     48     0.00005
1976     49     0.00002
1976     50     0.00000
1976     51     0.00000
1976     52     0.00000
1976     53     0.00000
1976     54     0.00000
1976     55+    0.00000
1977     12-    0.00015
1977     13     0.00094
1977     14     0.00454
1977     15     0.01483
1977     16     0.03303
1977     17     0.05373
1977     18     0.07310
1977     19     0.08832
1977     20     0.09940
1977     21     0.10972
1977     22     0.11557
1977     23     0.12089
1977     24     0.12082
1977     25     0.12237
1977     26     0.12076
1977     27     0.11210
1977     28     0.10689
1977     29     0.09140
1977     30     0.07768
1977     31     0.06703
1977     32     0.05396
1977     33     0.04454
1977     34     0.03459
1977     35     0.02857
1977     36     0.02281
1977     37     0.01802
1977     38     0.01448
1977     39     0.01046
1977     40     0.00778
1977     41     0.00555
1977     42     0.00386
1977     43     0.00240
1977     44     0.00126
1977     45     0.00066
1977     46     0.00031
1977     47     0.00012
1977     48     0.00005
1977     49     0.00002
1977     50     0.00000
1977     51     0.00000
1977     52     0.00000
1977     53     0.00000
1977     54     0.00000
1977     55+    0.00000
1978     12-    0.00015
1978     13     0.00089
1978     14     0.00438
1978     15     0.01400
1978     16     0.03101
1978     17     0.05119
1978     18     0.07251
1978     19     0.08672
1978     20     0.09675
1978     21     0.10711
1978     22     0.11283
1978     23     0.11694
1978     24     0.11731
1978     25     0.11818
1978     26     0.11758
1978     27     0.11037
1978     28     0.10570
1978     29     0.08983
1978     30     0.07830
1978     31     0.06724
1978     32     0.05597
1978     33     0.04461
1978     34     0.03503
1978     35     0.02814
1978     36     0.02276
1978     37     0.01736
1978     38     0.01423
1978     39     0.00993
1978     40     0.00722
1978     41     0.00509
1978     42     0.00362
1978     43     0.00216
1978     44     0.00112
1978     45     0.00062
1978     46     0.00030
1978     47     0.00012
1978     48     0.00004
1978     49     0.00002
1978     50     0.00000
1978     51     0.00000
1978     52     0.00000
1978     53     0.00000
1978     54     0.00000
1978     55+    0.00000
1979     12-    0.00015
1979     13     0.00098
1979     14     0.00446
1979     15     0.01403
1979     16     0.03091
1979     17     0.05143
1979     18     0.07248
1979     19     0.08982
1979     20     0.09927
1979     21     0.10898
1979     22     0.11543
1979     23     0.12039
1979     24     0.12060
1979     25     0.12059
1979     26     0.11964
1979     27     0.11344
1979     28     0.10931
1979     29     0.09284
1979     30     0.08154
1979     31     0.06988
1979     32     0.05789
1979     33     0.04784
1979     34     0.03708
1979     35     0.02964
1979     36     0.02309
1979     37     0.01804
1979     38     0.01424
1979     39     0.01047
1979     40     0.00723
1979     41     0.00509
1979     42     0.00346
1979     43     0.00217
1979     44     0.00124
1979     45     0.00060
1979     46     0.00026
1979     47     0.00013
1979     48     0.00006
1979     49     0.00002
1979     50     0.00000
1979     51     0.00000
1979     52     0.00000
1979     53     0.00000
1979     54     0.00000
1979     55+    0.00000
1980     12-    0.00016
1980     13     0.00091
1980     14     0.00448
1980     15     0.01442
1980     16     0.03116
1980     17     0.05170
1980     18     0.07352
1980     19     0.09038
1980     20     0.10307
1980     21     0.11185
1980     22     0.11704
1980     23     0.12149
1980     24     0.12128
1980     25     0.12176
1980     26     0.11983
1980     27     0.11340
1980     28     0.11114
1980     29     0.09431
1980     30     0.08330
1980     31     0.07175
1980     32     0.05972
1980     33     0.04854
1980     34     0.03916
1980     35     0.03072
1980     36     0.02415
1980     37     0.01791
1980     38     0.01423
1980     39     0.01019
1980     40     0.00727
1980     41     0.00496
1980     42     0.00347
1980     43     0.00203
1980     44     0.00116
1980     45     0.00059
1980     46     0.00027
1980     47     0.00012
1980     48     0.00006
1980     49     0.00002
1980     50     0.00000
1980     51     0.00000
1980     52     0.00000
1980     53     0.00000
1980     54     0.00000
1980     55+    0.00000
1981     12-    0.00014
1981     13     0.00089
1981     14     0.00438
1981     15     0.01394
1981     16     0.03047
1981     17     0.05030
1981     18     0.07140
1981     19     0.08804
1981     20     0.09970
1981     21     0.11038
1981     22     0.11443
1981     23     0.11821
1981     24     0.11945
1981     25     0.11967
1981     26     0.11861
1981     27     0.11260
1981     28     0.11083
1981     29     0.09519
1981     30     0.08447
1981     31     0.07351
1981     32     0.06099
1981     33     0.05020
1981     34     0.03958
1981     35     0.03227
1981     36     0.02450
1981     37     0.01823
1981     38     0.01399
1981     39     0.00993
1981     40     0.00716
1981     41     0.00508
1981     42     0.00323
1981     43     0.00200
1981     44     0.00106
1981     45     0.00058
1981     46     0.00025
1981     47     0.00013
1981     48     0.00006
1981     49     0.00004
1981     50     0.00000
1981     51     0.00000
1981     52     0.00000
1981     53     0.00000
1981     54     0.00000
1981     55+    0.00000
1982     12-    0.00015
1982     13     0.00089
1982     14     0.00452
1982     15     0.01387
1982     16     0.03078
1982     17     0.05047
1982     18     0.07182
1982     19     0.08667
1982     20     0.09886
1982     21     0.10866
1982     22     0.11536
1982     23     0.11762
1982     24     0.11810
1982     25     0.11878
1982     26     0.11785
1982     27     0.11252
1982     28     0.11078
1982     29     0.09529
1982     30     0.08580
1982     31     0.07510
1982     32     0.06357
1982     33     0.05211
1982     34     0.04170
1982     35     0.03326
1982     36     0.02631
1982     37     0.01910
1982     38     0.01486
1982     39     0.00998
1982     40     0.00730
1982     41     0.00505
1982     42     0.00347
1982     43     0.00191
1982     44     0.00106
1982     45     0.00060
1982     46     0.00027
1982     47     0.00014
1982     48     0.00006
1982     49     0.00002
1982     50     0.00000
1982     51     0.00000
1982     52     0.00000
1982     53     0.00000
1982     54     0.00000
1982     55+    0.00000
1983     12-    0.00015
1983     13     0.00092
1983     14     0.00438
1983     15     0.01395
1983     16     0.03039
1983     17     0.04981
1983     18     0.07022
1983     19     0.08453
1983     20     0.09508
1983     21     0.10463
1983     22     0.11024
1983     23     0.11512
1983     24     0.11405
1983     25     0.11515
1983     26     0.11489
1983     27     0.11030
1983     28     0.10890
1983     29     0.09352
1983     30     0.08640
1983     31     0.07589
1983     32     0.06415
1983     33     0.05341
1983     34     0.04243
1983     35     0.03409
1983     36     0.02641
1983     37     0.02004
1983     38     0.01508
1983     39     0.01019
1983     40     0.00716
1983     41     0.00495
1983     42     0.00337
1983     43     0.00193
1983     44     0.00101
1983     45     0.00051
1983     46     0.00030
1983     47     0.00009
1983     48     0.00006
1983     49     0.00002
1983     50     0.00000
1983     51     0.00000
1983     52     0.00000
1983     53     0.00000
1983     54     0.00000
1983     55+    0.00000
1984     12-    0.00019
1984     13     0.00096
1984     14     0.00435
1984     15     0.01340
1984     16     0.03004
1984     17     0.04917
1984     18     0.06992
1984     19     0.08398
1984     20     0.09469
1984     21     0.10290
1984     22     0.10939
1984     23     0.11294
1984     24     0.11457
1984     25     0.11440
1984     26     0.11413
1984     27     0.11016
1984     28     0.10982
1984     29     0.09518
1984     30     0.08758
1984     31     0.07779
1984     32     0.06660
1984     33     0.05579
1984     34     0.04458
1984     35     0.03538
1984     36     0.02803
1984     37     0.02038
1984     38     0.01623
1984     39     0.01066
1984     40     0.00737
1984     41     0.00481
1984     42     0.00329
1984     43     0.00202
1984     44     0.00111
1984     45     0.00049
1984     46     0.00025
1984     47     0.00010
1984     48     0.00006
1984     49     0.00003
1984     50     0.00000
1984     51     0.00000
1984     52     0.00000
1984     53     0.00000
1984     54     0.00000
1984     55+    0.00000
1985     12-    0.00016
1985     13     0.00099
1985     14     0.00452
1985     15     0.01366
1985     16     0.02966
1985     17     0.05008
1985     18     0.07144
1985     19     0.08649
1985     20     0.09673
1985     21     0.10522
1985     22     0.11044
1985     23     0.11466
1985     24     0.11461
1985     25     0.11771
1985     26     0.11564
1985     27     0.11250
1985     28     0.11237
1985     29     0.09719
1985     30     0.08979
1985     31     0.07940
1985     32     0.06912
1985     33     0.05829
1985     34     0.04676
1985     35     0.03809
1985     36     0.02952
1985     37     0.02176
1985     38     0.01685
1985     39     0.01134
1985     40     0.00775
1985     41     0.00510
1985     42     0.00337
1985     43     0.00199
1985     44     0.00110
1985     45     0.00053
1985     46     0.00024
1985     47     0.00010
1985     48     0.00005
1985     49     0.00002
1985     50     0.00000
1985     51     0.00000
1985     52     0.00000
1985     53     0.00000
1985     54     0.00000
1985     55+    0.00000
1986     12-    0.00018
1986     13     0.00106
1986     14     0.00478
1986     15     0.01406
1986     16     0.02960
1986     17     0.04855
1986     18     0.07185
1986     19     0.08627
1986     20     0.09655
1986     21     0.10400
1986     22     0.10972
1986     23     0.11295
1986     24     0.11313
1986     25     0.11505
1986     26     0.11555
1986     27     0.11129
1986     28     0.11183
1986     29     0.09695
1986     30     0.09001
1986     31     0.08071
1986     32     0.06995
1986     33     0.05930
1986     34     0.04813
1986     35     0.03954
1986     36     0.03096
1986     37     0.02290
1986     38     0.01778
1986     39     0.01154
1986     40     0.00841
1986     41     0.00524
1986     42     0.00340
1986     43     0.00193
1986     44     0.00105
1986     45     0.00057
1986     46     0.00024
1986     47     0.00011
1986     48     0.00004
1986     49     0.00002
1986     50     0.00000
1986     51     0.00000
1986     52     0.00000
1986     53     0.00000
1986     54     0.00000
1986     55+    0.00000
1987     12-    0.00017
1987     13     0.00116
1987     14     0.00505
1987     15     0.01472
1987     16     0.03049
1987     17     0.04898
1987     18     0.07011
1987     19     0.08614
1987     20     0.09611
1987     21     0.10454
1987     22     0.11032
1987     23     0.11411
1987     24     0.11299
1987     25     0.11569
1987     26     0.11622
1987     27     0.11411
1987     28     0.11425
1987     29     0.09871
1987     30     0.09207
1987     31     0.08281
1987     32     0.07231
1987     33     0.06153
1987     34     0.05020
1987     35     0.04156
1987     36     0.03308
1987     37     0.02462
1987     38     0.01893
1987     39     0.01224
1987     40     0.00850
1987     41     0.00579
1987     42     0.00342
1987     43     0.00203
1987     44     0.00109
1987     45     0.00057
1987     46     0.00027
1987     47     0.00012
1987     48     0.00005
1987     49     0.00003
1987     50     0.00000
1987     51     0.00000
1987     52     0.00000
1987     53     0.00000
1987     54     0.00000
1987     55+    0.00000
1988     12-    0.00017
1988     13     0.00113
1988     14     0.00538
1988     15     0.01559
1988     16     0.03192
1988     17     0.05107
1988     18     0.07209
1988     19     0.08730
1988     20     0.09881
1988     21     0.10606
1988     22     0.11271
1988     23     0.11600
1988     24     0.11595
1988     25     0.11844
1988     26     0.11864
1988     27     0.11621
1988     28     0.11806
1988     29     0.10147
1988     30     0.09490
1988     31     0.08537
1988     32     0.07522
1988     33     0.06430
1988     34     0.05273
1988     35     0.04352
1988     36     0.03498
1988     37     0.02646
1988     38     0.02060
1988     39     0.01328
1988     40     0.00927
1988     41     0.00595
1988     42     0.00392
1988     43     0.00214
1988     44     0.00110
1988     45     0.00051
1988     46     0.00029
1988     47     0.00011
1988     48     0.00007
1988     49     0.00003
1988     50     0.00000
1988     51     0.00000
1988     52     0.00000
1988     53     0.00000
1988     54     0.00000
1988     55+    0.00000
1989     12-    0.00029
1989     13     0.00124
1989     14     0.00565
1989     15     0.01675
1989     16     0.03477
1989     17     0.05515
1989     18     0.07706
1989     19     0.09212
1989     20     0.10165
1989     21     0.11078
1989     22     0.11655
1989     23     0.11888
1989     24     0.11910
1989     25     0.12219
1989     26     0.12223
1989     27     0.11923
1989     28     0.12018
1989     29     0.10562
1989     30     0.09725
1989     31     0.08908
1989     32     0.07747
1989     33     0.06646
1989     34     0.05516
1989     35     0.04582
1989     36     0.03714
1989     37     0.02840
1989     38     0.02197
1989     39     0.01437
1989     40     0.01006
1989     41     0.00665
1989     42     0.00405
1989     43     0.00242
1989     44     0.00123
1989     45     0.00059
1989     46     0.00026
1989     47     0.00014
1989     48     0.00009
1989     49     0.00004
1989     50     0.00000
1989     51     0.00000
1989     52     0.00000
1989     53     0.00000
1989     54     0.00000
1989     55+    0.00000
1990     12-    0.00023
1990     13     0.00121
1990     14     0.00579
1990     15     0.01711
1990     16     0.03609
1990     17     0.05810
1990     18     0.08251
1990     19     0.09727
1990     20     0.10555
1990     21     0.11264
1990     22     0.11999
1990     23     0.12229
1990     24     0.12098
1990     25     0.12449
1990     26     0.12540
1990     27     0.12253
1990     28     0.12303
1990     29     0.10822
1990     30     0.10120
1990     31     0.09267
1990     32     0.08085
1990     33     0.06923
1990     34     0.05742
1990     35     0.04783
1990     36     0.03919
1990     37     0.02975
1990     38     0.02327
1990     39     0.01548
1990     40     0.01094
1990     41     0.00714
1990     42     0.00425
1990     43     0.00247
1990     44     0.00131
1990     45     0.00060
1990     46     0.00029
1990     47     0.00012
1990     48     0.00006
1990     49     0.00006
1990     50     0.00000
1990     51     0.00000
1990     52     0.00000
1990     53     0.00000
1990     54     0.00000
1990     55+    0.00000
1991     12-    0.00024
1991     13     0.00122
1991     14     0.00574
1991     15     0.01773
1991     16     0.03709
1991     17     0.06032
1991     18     0.08573
1991     19     0.10046
1991     20     0.10828
1991     21     0.11371
1991     22     0.11786
1991     23     0.11985
1991     24     0.11775
1991     25     0.12067
1991     26     0.12104
1991     27     0.11947
1991     28     0.12056
1991     29     0.10613
1991     30     0.09940
1991     31     0.09198
1991     32     0.07940
1991     33     0.06846
1991     34     0.05683
1991     35     0.04799
1991     36     0.03943
1991     37     0.03035
1991     38     0.02407
1991     39     0.01615
1991     40     0.01134
1991     41     0.00755
1991     42     0.00457
1991     43     0.00258
1991     44     0.00131
1991     45     0.00066
1991     46     0.00029
1991     47     0.00010
1991     48     0.00006
1991     49     0.00004
1991     50     0.00000
1991     51     0.00000
1991     52     0.00000
1991     53     0.00000
1991     54     0.00000
1991     55+    0.00000
1992     12-    0.00018
1992     13     0.00122
1992     14     0.00577
1992     15     0.01731
1992     16     0.03670
1992     17     0.05890
1992     18     0.08448
1992     19     0.10061
1992     20     0.10858
1992     21     0.11311
1992     22     0.11588
1992     23     0.11549
1992     24     0.11607
1992     25     0.11746
1992     26     0.11808
1992     27     0.11769
1992     28     0.11997
1992     29     0.10629
1992     30     0.09920
1992     31     0.09158
1992     32     0.08025
1992     33     0.06910
1992     34     0.05815
1992     35     0.04821
1992     36     0.03982
1992     37     0.03090
1992     38     0.02434
1992     39     0.01673
1992     40     0.01183
1992     41     0.00801
1992     42     0.00480
1992     43     0.00267
1992     44     0.00138
1992     45     0.00065
1992     46     0.00028
1992     47     0.00013
1992     48     0.00008
1992     49     0.00003
1992     50     0.00000
1992     51     0.00000
1992     52     0.00000
1992     53     0.00000
1992     54     0.00000
1992     55+    0.00000
1993     12-    0.00015
1993     13     0.00123
1993     14     0.00568
1993     15     0.01748
1993     16     0.03635
1993     17     0.05897
1993     18     0.08265
1993     19     0.09921
1993     20     0.10757
1993     21     0.11160
1993     22     0.11396
1993     23     0.11219
1993     24     0.11099
1993     25     0.11390
1993     26     0.11573
1993     27     0.11394
1993     28     0.11677
1993     29     0.10637
1993     30     0.09928
1993     31     0.09171
1993     32     0.08030
1993     33     0.07037
1993     34     0.05838
1993     35     0.04853
1993     36     0.04046
1993     37     0.03125
1993     38     0.02477
1993     39     0.01706
1993     40     0.01216
1993     41     0.00812
1993     42     0.00498
1993     43     0.00290
1993     44     0.00149
1993     45     0.00071
1993     46     0.00033
1993     47     0.00015
1993     48     0.00008
1993     49     0.00004
1993     50     0.00000
1993     51     0.00000
1993     52     0.00000
1993     53     0.00000
1993     54     0.00000
1993     55+    0.00000
1994     12-    0.00017
1994     13     0.00115
1994     14     0.00571
1994     15     0.01716
1994     16     0.03643
1994     17     0.05848
1994     18     0.08179
1994     19     0.09794
1994     20     0.10558
1994     21     0.10930
1994     22     0.11214
1994     23     0.11079
1994     24     0.10846
1994     25     0.10964
1994     26     0.11284
1994     27     0.11216
1994     28     0.11401
1994     29     0.10563
1994     30     0.09984
1994     31     0.09279
1994     32     0.08087
1994     33     0.07078
1994     34     0.05960
1994     35     0.04961
1994     36     0.04100
1994     37     0.03183
1994     38     0.02546
1994     39     0.01787
1994     40     0.01261
1994     41     0.00850
1994     42     0.00530
1994     43     0.00298
1994     44     0.00163
1994     45     0.00074
1994     46     0.00034
1994     47     0.00015
1994     48     0.00009
1994     49     0.00006
1994     50     0.00000
1994     51     0.00000
1994     52     0.00000
1994     53     0.00000
1994     54     0.00000
1994     55+    0.00000
1995     12-    0.00015
1995     13     0.00109
1995     14     0.00530
1995     15     0.01655
1995     16     0.03451
1995     17     0.05671
1995     18     0.07924
1995     19     0.09557
1995     20     0.10290
1995     21     0.10713
1995     22     0.11055
1995     23     0.10943
1995     24     0.10704
1995     25     0.10713
1995     26     0.10905
1995     27     0.10955
1995     28     0.11267
1995     29     0.10511
1995     30     0.09909
1995     31     0.09394
1995     32     0.08237
1995     33     0.07160
1995     34     0.06053
1995     35     0.05069
1995     36     0.04159
1995     37     0.03266
1995     38     0.02594
1995     39     0.01824
1995     40     0.01290
1995     41     0.00885
1995     42     0.00540
1995     43     0.00319
1995     44     0.00166
1995     45     0.00080
1995     46     0.00036
1995     47     0.00017
1995     48     0.00009
1995     49     0.00004
1995     50     0.00000
1995     51     0.00000
1995     52     0.00000
1995     53     0.00000
1995     54     0.00000
1995     55+    0.00000
1996     12-    0.00015
1996     13     0.00098
1996     14     0.00474
1996     15     0.01505
1996     16     0.03230
1996     17     0.05319
1996     18     0.07598
1996     19     0.09329
1996     20     0.10152
1996     21     0.10655
1996     22     0.11119
1996     23     0.11006
1996     24     0.10772
1996     25     0.10747
1996     26     0.10953
1996     27     0.10863
1996     28     0.11196
1996     29     0.10574
1996     30     0.09918
1996     31     0.09442
1996     32     0.08420
1996     33     0.07339
1996     34     0.06198
1996     35     0.05182
1996     36     0.04317
1996     37     0.03372
1996     38     0.02633
1996     39     0.01903
1996     40     0.01346
1996     41     0.00920
1996     42     0.00565
1996     43     0.00328
1996     44     0.00177
1996     45     0.00084
1996     46     0.00044
1996     47     0.00018
1996     48     0.00008
1996     49     0.00005
1996     50     0.00000
1996     51     0.00000
1996     52     0.00000
1996     53     0.00000
1996     54     0.00000
1996     55+    0.00000
1997     12-    0.00014
1997     13     0.00088
1997     14     0.00428
1997     15     0.01368
1997     16     0.02992
1997     17     0.05140
1997     18     0.07279
1997     19     0.09078
1997     20     0.09992
1997     21     0.10554
1997     22     0.11047
1997     23     0.11044
1997     24     0.10892
1997     25     0.10792
1997     26     0.10943
1997     27     0.10834
1997     28     0.11013
1997     29     0.10624
1997     30     0.09951
1997     31     0.09461
1997     32     0.08459
1997     33     0.07517
1997     34     0.06351
1997     35     0.05255
1997     36     0.04391
1997     37     0.03473
1997     38     0.02698
1997     39     0.01970
1997     40     0.01382
1997     41     0.00946
1997     42     0.00587
1997     43     0.00347
1997     44     0.00184
1997     45     0.00093
1997     46     0.00042
1997     47     0.00021
1997     48     0.00009
1997     49     0.00006
1997     50     0.00003
1997     51     0.00002
1997     52     0.00001
1997     53     0.00001
1997     54     0.00001
1997     55+    0.00000
1998     12-    0.00012
1998     13     0.00084
1998     14     0.00400
1998     15     0.01279
1998     16     0.02845
1998     17     0.04872
1998     18     0.07182
1998     19     0.09050
1998     20     0.10113
1998     21     0.10633
1998     22     0.11208
1998     23     0.11175
1998     24     0.11099
1998     25     0.10969
1998     26     0.11181
1998     27     0.11007
1998     28     0.11142
1998     29     0.10818
1998     30     0.10169
1998     31     0.09706
1998     32     0.08640
1998     33     0.07717
1998     34     0.06616
1998     35     0.05481
1998     36     0.04516
1998     37     0.03580
1998     38     0.02825
1998     39     0.02053
1998     40     0.01434
1998     41     0.00985
1998     42     0.00619
1998     43     0.00368
1998     44     0.00196
1998     45     0.00094
1998     46     0.00045
1998     47     0.00025
1998     48     0.00011
1998     49     0.00005
1998     50     0.00003
1998     51     0.00002
1998     52     0.00002
1998     53     0.00001
1998     54     0.00000
1998     55+    0.00000
1999     12-    0.00013
1999     13     0.00076
1999     14     0.00375
1999     15     0.01190
1999     16     0.02644
1999     17     0.04592
1999     18     0.06865
1999     19     0.08980
1999     20     0.09909
1999     21     0.10608
1999     22     0.11123
1999     23     0.11166
1999     24     0.11145
1999     25     0.11129
1999     26     0.11274
1999     27     0.11116
1999     28     0.11166
1999     29     0.10975
1999     30     0.10245
1999     31     0.09911
1999     32     0.08835
1999     33     0.07818
1999     34     0.06765
1999     35     0.05651
1999     36     0.04683
1999     37     0.03669
1999     38     0.02846
1999     39     0.02128
1999     40     0.01458
1999     41     0.00998
1999     42     0.00624
1999     43     0.00362
1999     44     0.00204
1999     45     0.00104
1999     46     0.00052
1999     47     0.00026
1999     48     0.00013
1999     49     0.00007
1999     50     0.00004
1999     51     0.00002
1999     52     0.00002
1999     53     0.00001
1999     54     0.00001
1999     55+    0.00000
2000     12-    0.00012
2000     13     0.00072
2000     14     0.00347
2000     15     0.01110
2000     16     0.02505
2000     17     0.04435
2000     18     0.06735
2000     19     0.08897
2000     20     0.10019
2000     21     0.10545
2000     22     0.11182
2000     23     0.11339
2000     24     0.11369
2000     25     0.11385
2000     26     0.11525
2000     27     0.11453
2000     28     0.11396
2000     29     0.11322
2000     30     0.10771
2000     31     0.10153
2000     32     0.09251
2000     33     0.08212
2000     34     0.07099
2000     35     0.05958
2000     36     0.04927
2000     37     0.03887
2000     38     0.03017
2000     39     0.02235
2000     40     0.01597
2000     41     0.01067
2000     42     0.00652
2000     43     0.00388
2000     44     0.00214
2000     45     0.00105
2000     46     0.00054
2000     47     0.00026
2000     48     0.00013
2000     49     0.00008
2000     50     0.00005
2000     51     0.00004
2000     52     0.00002
2000     53     0.00002
2000     54     0.00001
2000     55+    0.00000
2001     12-    0.00012
2001     13     0.00064
2001     14     0.00315
2001     15     0.01013
2001     16     0.02285
2001     17     0.04087
2001     18     0.06376
2001     19     0.08677
2001     20     0.09643
2001     21     0.10234
2001     22     0.10759
2001     23     0.11111
2001     24     0.11224
2001     25     0.11322
2001     26     0.11405
2001     27     0.11422
2001     28     0.11380
2001     29     0.11242
2001     30     0.10787
2001     31     0.10187
2001     32     0.09250
2001     33     0.08324
2001     34     0.07266
2001     35     0.06147
2001     36     0.04985
2001     37     0.03967
2001     38     0.03088
2001     39     0.02311
2001     40     0.01630
2001     41     0.01086
2001     42     0.00680
2001     43     0.00399
2001     44     0.00215
2001     45     0.00113
2001     46     0.00057
2001     47     0.00029
2001     48     0.00015
2001     49     0.00011
2001     50     0.00006
2001     51     0.00003
2001     52     0.00001
2001     53     0.00001
2001     54     0.00001
2001     55+    0.00000
2002     12-    0.00010
2002     13     0.00059
2002     14     0.00292
2002     15     0.00935
2002     16     0.02151
2002     17     0.03845
2002     18     0.06002
2002     19     0.08381
2002     20     0.09444
2002     21     0.09903
2002     22     0.10524
2002     23     0.10727
2002     24     0.11104
2002     25     0.11330
2002     26     0.11465
2002     27     0.11480
2002     28     0.11523
2002     29     0.11373
2002     30     0.10907
2002     31     0.10268
2002     32     0.09375
2002     33     0.08348
2002     34     0.07491
2002     35     0.06360
2002     36     0.05156
2002     37     0.04059
2002     38     0.03158
2002     39     0.02385
2002     40     0.01684
2002     41     0.01118
2002     42     0.00703
2002     43     0.00412
2002     44     0.00226
2002     45     0.00122
2002     46     0.00059
2002     47     0.00029
2002     48     0.00017
2002     49     0.00010
2002     50     0.00005
2002     51     0.00003
2002     52     0.00002
2002     53     0.00002
2002     54     0.00001
2002     55+    0.00000
2003     12-    0.00000
2003     13     0.00019
2003     14     0.00302
2003     15     0.00897
2003     16     0.02051
2003     17     0.03707
2003     18     0.05816
2003     19     0.08124
2003     20     0.09396
2003     21     0.09892
2003     22     0.10353
2003     23     0.10630
2003     24     0.10923
2003     25     0.11399
2003     26     0.11657
2003     27     0.11664
2003     28     0.11764
2003     29     0.11790
2003     30     0.11156
2003     31     0.10686
2003     32     0.09761
2003     33     0.08712
2003     34     0.07726
2003     35     0.06636
2003     36     0.05510
2003     37     0.04305
2003     38     0.03306
2003     39     0.02516
2003     40     0.01789
2003     41     0.01187
2003     42     0.00737
2003     43     0.00433
2003     44     0.00237
2003     45     0.00125
2003     46     0.00064
2003     47     0.00031
2003     48     0.00017
2003     49     0.00009
2003     50     0.00007
2003     51     0.00005
2003     52     0.00002
2003     53     0.00002
2003     54     0.00001
2003     55+    0.00000
2004     12-    0.00009
2004     13     0.00051
2004     14     0.00260
2004     15     0.00875
2004     16     0.02043
2004     17     0.03647
2004     18     0.05734
2004     19     0.08012
2004     20     0.09244
2004     21     0.09830
2004     22     0.10407
2004     23     0.10470
2004     24     0.10868
2004     25     0.11083
2004     26     0.11612
2004     27     0.11782
2004     28     0.11850
2004     29     0.11867
2004     30     0.11333
2004     31     0.10665
2004     32     0.09790
2004     33     0.08794
2004     34     0.07889
2004     35     0.06772
2004     36     0.05632
2004     37     0.04473
2004     38     0.03412
2004     39     0.02565
2004     40     0.01834
2004     41     0.01216
2004     42     0.00772
2004     43     0.00444
2004     44     0.00251
2004     45     0.00129
2004     46     0.00064
2004     47     0.00033
2004     48     0.00017
2004     49     0.00009
2004     50     0.00008
2004     51     0.00006
2004     52     0.00003
2004     53     0.00001
2004     54     0.00000
2004     55+    0.00000
2005     12-    0.00008
2005     13     0.00052
2005     14     0.00257
2005     15     0.00850
2005     16     0.01950
2005     17     0.03593
2005     18     0.05670
2005     19     0.07975
2005     20     0.09183
2005     21     0.09791
2005     22     0.10500
2005     23     0.10628
2005     24     0.10777
2005     25     0.11091
2005     26     0.11449
2005     27     0.11782
2005     28     0.11961
2005     29     0.11966
2005     30     0.11295
2005     31     0.10867
2005     32     0.09742
2005     33     0.08828
2005     34     0.07861
2005     35     0.06805
2005     36     0.05669
2005     37     0.04539
2005     38     0.03505
2005     39     0.02609
2005     40     0.01846
2005     41     0.01254
2005     42     0.00790
2005     43     0.00471
2005     44     0.00256
2005     45     0.00133
2005     46     0.00067
2005     47     0.00036
2005     48     0.00018
2005     49     0.00011
2005     50     0.00009
2005     51     0.00006
2005     52     0.00003
2005     53     0.00001
2005     54     0.00000
2005     55+    0.00000
2006     12-    0.00007
2006     13     0.00051
2006     14     0.00247
2006     15     0.00857
2006     16     0.01990
2006     17     0.03666
2006     18     0.05913
2006     19     0.08326
2006     20     0.09555
2006     21     0.10081
2006     22     0.10815
2006     23     0.11057
2006     24     0.11223
2006     25     0.11299
2006     26     0.11668
2006     27     0.11817
2006     28     0.12182
2006     29     0.12193
2006     30     0.11537
2006     31     0.11061
2006     32     0.10029
2006     33     0.08945
2006     34     0.07942
2006     35     0.06915
2006     36     0.05775
2006     37     0.04604
2006     38     0.03606
2006     39     0.02709
2006     40     0.01943
2006     41     0.01280
2006     42     0.00811
2006     43     0.00482
2006     44     0.00270
2006     45     0.00141
2006     46     0.00069
2006     47     0.00037
2006     48     0.00020
2006     49     0.00012
2006     50     0.00011
2006     51     0.00007
2006     52     0.00003
2006     53     0.00001
2006     54     0.00000
2006     55+    0.00000
2007     12-    0.00007
2007     13     0.00045
2007     14     0.00247
2007     15     0.00867
2007     16     0.01997
2007     17     0.03634
2007     18     0.05916
2007     19     0.08395
2007     20     0.09576
2007     21     0.10103
2007     22     0.10644
2007     23     0.11048
2007     24     0.11304
2007     25     0.11416
2007     26     0.11622
2007     27     0.11776
2007     28     0.12006
2007     29     0.12385
2007     30     0.11728
2007     31     0.11225
2007     32     0.10081
2007     33     0.09112
2007     34     0.08066
2007     35     0.06948
2007     36     0.05762
2007     37     0.04680
2007     38     0.03625
2007     39     0.02803
2007     40     0.01989
2007     41     0.01314
2007     42     0.00833
2007     43     0.00491
2007     44     0.00276
2007     45     0.00148
2007     46     0.00075
2007     47     0.00040
2007     48     0.00022
2007     49     0.00012
2007     50     0.00011
2007     51     0.00007
2007     52     0.00003
2007     53     0.00001
2007     54     0.00000
2007     55+    0.00000
2008     12-    0.00007
2008     13     0.00043
2008     14     0.00231
2008     15     0.00813
2008     16     0.01935
2008     17     0.03552
2008     18     0.05660
2008     19     0.08021
2008     20     0.09294
2008     21     0.09677
2008     22     0.10374
2008     23     0.10608
2008     24     0.10943
2008     25     0.11148
2008     26     0.11415
2008     27     0.11410
2008     28     0.11754
2008     29     0.11873
2008     30     0.11482
2008     31     0.11128
2008     32     0.09976
2008     33     0.08971
2008     34     0.08034
2008     35     0.06862
2008     36     0.05742
2008     37     0.04591
2008     38     0.03641
2008     39     0.02785
2008     40     0.02037
2008     41     0.01364
2008     42     0.00856
2008     43     0.00512
2008     44     0.00283
2008     45     0.00151
2008     46     0.00078
2008     47     0.00041
2008     48     0.00025
2008     49     0.00014
2008     50     0.00012
2008     51     0.00007
2008     52     0.00003
2008     53     0.00001
2008     54     0.00000
2008     55+    0.00000
2009     12-    0.00006
2009     13     0.00038
2009     14     0.00204
2009     15     0.00753
2009     16     0.01781
2009     17     0.03296
2009     18     0.05319
2009     19     0.07531
2009     20     0.08730
2009     21     0.09200
2009     22     0.09793
2009     23     0.10022
2009     24     0.10315
2009     25     0.10612
2009     26     0.11115
2009     27     0.11181
2009     28     0.11338
2009     29     0.11571
2009     30     0.11039
2009     31     0.10901
2009     32     0.09874
2009     33     0.08873
2009     34     0.07910
2009     35     0.06844
2009     36     0.05666
2009     37     0.04555
2009     38     0.03571
2009     39     0.02760
2009     40     0.02016
2009     41     0.01375
2009     42     0.00866
2009     43     0.00506
2009     44     0.00291
2009     45     0.00155
2009     46     0.00084
2009     47     0.00045
2009     48     0.00022
2009     49     0.00015
2009     50     0.00012
2009     51     0.00008
2009     52     0.00003
2009     53     0.00001
2009     54     0.00000
2009     55+    0.00000
2010     12-    0.00006
2010     13     0.00034
2010     14     0.00182
2010     15     0.00655
2010     16     0.01592
2010     17     0.02931
2010     18     0.04773
2010     19     0.06924
2010     20     0.07975
2010     21     0.08425
2010     22     0.09149
2010     23     0.09404
2010     24     0.09814
2010     25     0.10156
2010     26     0.10644
2010     27     0.10880
2010     28     0.11118
2010     29     0.11205
2010     30     0.10876
2010     31     0.10503
2010     32     0.09805
2010     33     0.08860
2010     34     0.07847
2010     35     0.06810
2010     36     0.05653
2010     37     0.04502
2010     38     0.03594
2010     39     0.02752
2010     40     0.01995
2010     41     0.01360
2010     42     0.00885
2010     43     0.00532
2010     44     0.00286
2010     45     0.00155
2010     46     0.00080
2010     47     0.00042
2010     48     0.00025
2010     49     0.00014
2010     50     0.00012
2010     51     0.00008
2010     52     0.00003
2010     53     0.00001
2010     54     0.00000
2010     55+    0.00000
2011     12-    0.00005
2011     13     0.00030
2011     14     0.00161
2011     15     0.00578
2011     16     0.01406
2011     17     0.02602
2011     18     0.04318
2011     19     0.06445
2011     20     0.07510
2011     21     0.08009
2011     22     0.08652
2011     23     0.09081
2011     24     0.09477
2011     25     0.10001
2011     26     0.10367
2011     27     0.10806
2011     28     0.11119
2011     29     0.11215
2011     30     0.10883
2011     31     0.10487
2011     32     0.09721
2011     33     0.08974
2011     34     0.07958
2011     35     0.06908
2011     36     0.05734
2011     37     0.04631
2011     38     0.03589
2011     39     0.02781
2011     40     0.02005
2011     41     0.01379
2011     42     0.00874
2011     43     0.00532
2011     44     0.00292
2011     45     0.00157
2011     46     0.00081
2011     47     0.00041
2011     48     0.00026
2011     49     0.00015
2011     50     0.00013
2011     51     0.00008
2011     52     0.00003
2011     53     0.00001
2011     54     0.00000
2011     55+    0.00000
2012     12-    0.00004
2012     13     0.00028
2012     14     0.00149
2012     15     0.00537
2012     16     0.01288
2012     17     0.02370
2012     18     0.04033
2012     19     0.06193
2012     20     0.07285
2012     21     0.07790
2012     22     0.08386
2012     23     0.08779
2012     24     0.09366
2012     25     0.09827
2012     26     0.10285
2012     27     0.10731
2012     28     0.11082
2012     29     0.11203
2012     30     0.11107
2012     31     0.10578
2012     32     0.09812
2012     33     0.08886
2012     34     0.08087
2012     35     0.07005
2012     36     0.05819
2012     37     0.04700
2012     38     0.03703
2012     39     0.02843
2012     40     0.02053
2012     41     0.01390
2012     42     0.00893
2012     43     0.00541
2012     44     0.00312
2012     45     0.00164
2012     46     0.00088
2012     47     0.00045
2012     48     0.00024
2012     49     0.00015
2012     50     0.00013
2012     51     0.00008
2012     52     0.00003
2012     53     0.00001
2012     54     0.00000
2012     55+    0.00000
2013     12-    0.00003
2013     13     0.00022
2013     14     0.00126
2013     15     0.00464
2013     16     0.01106
2013     17     0.02091
2013     18     0.03643
2013     19     0.05739
2013     20     0.06954
2013     21     0.07518
2013     22     0.08169
2013     23     0.08550
2013     24     0.09062
2013     25     0.09667
2013     26     0.10124
2013     27     0.10631
2013     28     0.10947
2013     29     0.11227
2013     30     0.11087
2013     31     0.10783
2013     32     0.09914
2013     33     0.08987
2013     34     0.08072
2013     35     0.07152
2013     36     0.05930
2013     37     0.04788
2013     38     0.03748
2013     39     0.02901
2013     40     0.02098
2013     41     0.01443
2013     42     0.00907
2013     43     0.00551
2013     44     0.00307
2013     45     0.00180
2013     46     0.00091
2013     47     0.00046
2013     48     0.00026
2013     49     0.00017
2013     50     0.00015
2013     51     0.00009
2013     52     0.00004
2013     53     0.00001
2013     54     0.00000
2013     55+    0.00000
2014     12-    0.00004
2014     13     0.00019
2014     14     0.00112
2014     15     0.00396
2014     16     0.00989
2014     17     0.01882
2014     18     0.03363
2014     19     0.05367
2014     20     0.06688
2014     21     0.07361
2014     22     0.08087
2014     23     0.08466
2014     24     0.08939
2014     25     0.09545
2014     26     0.10163
2014     27     0.10690
2014     28     0.11156
2014     29     0.11375
2014     30     0.11356
2014     31     0.11132
2014     32     0.10373
2014     33     0.09304
2014     34     0.08366
2014     35     0.07321
2014     36     0.06186
2014     37     0.04947
2014     38     0.03890
2014     39     0.03005
2014     40     0.02173
2014     41     0.01458
2014     42     0.00954
2014     43     0.00556
2014     44     0.00325
2014     45     0.00176
2014     46     0.00095
2014     47     0.00051
2014     48     0.00028
2014     49     0.00019
2014     50     0.00017
2014     51     0.00010
2014     52     0.00004
2014     53     0.00001
2014     54     0.00000
2014     55+    0.00000
2015     12-    0.00003
2015     13     0.00019
2015     14     0.00100
2015     15     0.00368
2015     16     0.00898
2015     17     0.01716
2015     18     0.03080
2015     19     0.05057
2015     20     0.06353
2015     21     0.07099
2015     22     0.07861
2015     23     0.08313
2015     24     0.08794
2015     25     0.09332
2015     26     0.09947
2015     27     0.10569
2015     28     0.11089
2015     29     0.11337
2015     30     0.11325
2015     31     0.11103
2015     32     0.10411
2015     33     0.09514
2015     34     0.08457
2015     35     0.07401
2015     36     0.06210
2015     37     0.05077
2015     38     0.03983
2015     39     0.03056
2015     40     0.02221
2015     41     0.01516
2015     42     0.00970
2015     43     0.00586
2015     44     0.00328
2015     45     0.00181
2015     46     0.00100
2015     47     0.00054
2015     48     0.00031
2015     49     0.00020
2015     50     0.00017
2015     51     0.00010
2015     52     0.00004
2015     53     0.00001
2015     54     0.00000
2015     55+    0.00000
2016     12-    0.00003
2016     13     0.00017
2016     14     0.00091
2016     15     0.00321
2016     16     0.00793
2016     17     0.01538
2016     18     0.02848
2016     19     0.04639
2016     20     0.05925
2016     21     0.06714
2016     22     0.07542
2016     23     0.08077
2016     24     0.08539
2016     25     0.09066
2016     26     0.09676
2016     27     0.10252
2016     28     0.10882
2016     29     0.11253
2016     30     0.11314
2016     31     0.11099
2016     32     0.10510
2016     33     0.09680
2016     34     0.08667
2016     35     0.07543
2016     36     0.06296
2016     37     0.05073
2016     38     0.04059
2016     39     0.03108
2016     40     0.02281
2016     41     0.01534
2016     42     0.00991
2016     43     0.00600
2016     44     0.00337
2016     45     0.00180
2016     46     0.00095
2016     47     0.00055
2016     48     0.00034
2016     49     0.00021
2016     50     0.00019
2016     51     0.00011
2016     52     0.00004
2016     53     0.00002
2016     54     0.00000
2016     55+    0.00000
2017     12-    0.00003
2017     13     0.00015
2017     14     0.00077
2017     15     0.00276
2017     16     0.00696
2017     17     0.01373
2017     18     0.02612
2017     19     0.04414
2017     20     0.05615
2017     21     0.06432
2017     22     0.07233
2017     23     0.07833
2017     24     0.08329
2017     25     0.08824
2017     26     0.09281
2017     27     0.09836
2017     28     0.10366
2017     29     0.10847
2017     30     0.10950
2017     31     0.10855
2017     32     0.10258
2017     33     0.09489
2017     34     0.08602
2017     35     0.07506
2017     36     0.06272
2017     37     0.05060
2017     38     0.03997
2017     39     0.03160
2017     40     0.02259
2017     41     0.01579
2017     42     0.01006
2017     43     0.00612
2017     44     0.00342
2017     45     0.00190
2017     46     0.00103
2017     47     0.00059
2017     48     0.00029
2017     49     0.00023
2017     50     0.00021
2017     51     0.00012
2017     52     0.00005
2017     53     0.00002
2017     54     0.00000
2017     55+    0.00000
2018     12-    0.00003
2018     13     0.00013
2018     14     0.00070
2018     15     0.00244
2018     16     0.00644
2018     17     0.01265
2018     18     0.02394
2018     19     0.04097
2018     20     0.05384
2018     21     0.06111
2018     22     0.06916
2018     23     0.07519
2018     24     0.08064
2018     25     0.08624
2018     26     0.09054
2018     27     0.09504
2018     28     0.10034
2018     29     0.10467
2018     30     0.10757
2018     31     0.10758
2018     32     0.10189
2018     33     0.09454
2018     34     0.08593
2018     35     0.07597
2018     36     0.06382
2018     37     0.05092
2018     38     0.04009
2018     39     0.03146
2018     40     0.02296
2018     41     0.01601
2018     42     0.01022
2018     43     0.00615
2018     44     0.00350
2018     45     0.00196
2018     46     0.00105
2018     47     0.00061
2018     48     0.00035
2018     49     0.00023
2018     50     0.00024
2018     51     0.00015
2018     52     0.00006
2018     53     0.00002
2018     54     0.00000
2018     55+    0.00000
2019     12-    0.00003
2019     13     0.00014
2019     14     0.00069
2019     15     0.00230
2019     16     0.00579
2019     17     0.01193
2019     18     0.02264
2019     19     0.03939
2019     20     0.05183
2019     21     0.05987
2019     22     0.06761
2019     23     0.07350
2019     24     0.07960
2019     25     0.08531
2019     26     0.08988
2019     27     0.09358
2019     28     0.09836
2019     29     0.10259
2019     30     0.10451
2019     31     0.10536
2019     32     0.10101
2019     33     0.09377
2019     34     0.08519
2019     35     0.07563
2019     36     0.06393
2019     37     0.05174
2019     38     0.04039
2019     39     0.03153
2019     40     0.02303
2019     41     0.01584
2019     42     0.01044
2019     43     0.00618
2019     44     0.00356
2019     45     0.00193
2019     46     0.00109
2019     47     0.00061
2019     48     0.00037
2019     49     0.00026
2019     50     0.00027
2019     51     0.00016
2019     52     0.00006
2019     53     0.00002
2019     54     0.00000
2019     55+    0.00000
2020     12-    0.00003
2020     13     0.00014
2020     14     0.00067
2020     15     0.00225
2020     16     0.00546
2020     17     0.01078
2020     18     0.02065
2020     19     0.03603
2020     20     0.04807
2020     21     0.05617
2020     22     0.06431
2020     23     0.07045
2020     24     0.07678
2020     25     0.08262
2020     26     0.08736
2020     27     0.09112
2020     28     0.09507
2020     29     0.09846
2020     30     0.10036
2020     31     0.10105
2020     32     0.09807
2020     33     0.09097
2020     34     0.08299
2020     35     0.07395
2020     36     0.06216
2020     37     0.05061
2020     38     0.03953
2020     39     0.03055
2020     40     0.02236
2020     41     0.01544
2020     42     0.01015
2020     43     0.00621
2020     44     0.00351
2020     45     0.00191
2020     46     0.00107
2020     47     0.00056
2020     48     0.00036
2020     49     0.00023
2020     50     0.00025
2020     51     0.00015
2020     52     0.00006
2020     53     0.00002
2020     54     0.00000
2020     55+    0.00000
