** Period (Monthly) Age-Specific Fertility Rates for USA in 1965 
* Retrieved from the Human Fertility Database, www.humanfertility.org 
* Max Planck Institute for Demographic Research (Germany) and 
* Vienna Institute of Demography (Austria) 
* Data downloaded on  30 Mar 2023 17:42:58 CEST 
** NB: The original HFD annual rates have been converted into monthly rates 
** The open age interval (55+) is limited to one year [55-56) 

birth 1 F single 0 
12 0 0 
13 0 0 
14 0 0.0000208333333333333 
15 0 0.0003375 
16 0 0.00103916666666667 
17 0 0.002765 
18 0 0.00531416666666667 
19 0 0.00857666666666667 
20 0 0.0127866666666667 
21 0 0.0146291666666667 
22 0 0.0163241666666667 
23 0 0.0170016666666667 
24 0 0.0173316666666667 
25 0 0.016355 
26 0 0.015755 
27 0 0.0145591666666667 
28 0 0.0134525 
29 0 0.0122133333333333 
30 0 0.01102 
31 0 0.009855 
32 0 0.00861083333333333 
33 0 0.007905 
34 0 0.00689916666666667 
35 0 0.00606333333333333 
36 0 0.0053675 
37 0 0.00441 
38 0 0.00378083333333333 
39 0 0.00323333333333333 
40 0 0.002575 
41 0 0.0020125 
42 0 0.00135583333333333 
43 0 0.00098 
44 0 0.000633333333333333 
45 0 0.000355 
46 0 0.000189166666666667 
47 0 0.0000783333333333333 
48 0 0.0000333333333333333 
49 0 0.0000133333333333333 
50 0 0.00000583333333333333 
51 0 0 
52 0 0 
53 0 0 
54 0 0 
55 0 0 
56 0 0 
111 0 0 

birth 1 F married 0 
12 0 0 
13 0 0 
14 0 0.0000208333333333333 
15 0 0.0003375 
16 0 0.00103916666666667 
17 0 0.002765 
18 0 0.00531416666666667 
19 0 0.00857666666666667 
20 0 0.0127866666666667 
21 0 0.0146291666666667 
22 0 0.0163241666666667 
23 0 0.0170016666666667 
24 0 0.0173316666666667 
25 0 0.016355 
26 0 0.015755 
27 0 0.0145591666666667 
28 0 0.0134525 
29 0 0.0122133333333333 
30 0 0.01102 
31 0 0.009855 
32 0 0.00861083333333333 
33 0 0.007905 
34 0 0.00689916666666667 
35 0 0.00606333333333333 
36 0 0.0053675 
37 0 0.00441 
38 0 0.00378083333333333 
39 0 0.00323333333333333 
40 0 0.002575 
41 0 0.0020125 
42 0 0.00135583333333333 
43 0 0.00098 
44 0 0.000633333333333333 
45 0 0.000355 
46 0 0.000189166666666667 
47 0 0.0000783333333333333 
48 0 0.0000333333333333333 
49 0 0.0000133333333333333 
50 0 0.00000583333333333333 
51 0 0 
52 0 0 
53 0 0 
54 0 0 
55 0 0 
56 0 0 
111 0 0 
