** Period (Monthly) Age-Specific Fertility Rates for USA in 2010 
* Retrieved from the Human Fertility Database, www.humanfertility.org 
* Max Planck Institute for Demographic Research (Germany) and 
* Vienna Institute of Demography (Austria) 
* Data downloaded on  03 Apr 2023 21:14:35 CEST 
** NB: The original HFD annual rates have been converted into monthly rates 
** The open age interval (55+) is limited to one year [55-56) 

birth 1 F single 0 
12 0 0 
13 0 0.000005 
14 0 0.0000283333333333333 
15 0 0.000151666666666667 
16 0 0.000545833333333333 
17 0 0.00132666666666667 
18 0 0.0024425 
19 0 0.0039775 
20 0 0.00577 
21 0 0.00664583333333333 
22 0 0.00702083333333333 
23 0 0.00762416666666667 
24 0 0.00783666666666667 
25 0 0.00817833333333333 
26 0 0.00846333333333333 
27 0 0.00887 
28 0 0.00906666666666667 
29 0 0.009265 
30 0 0.0093375 
31 0 0.00906333333333333 
32 0 0.0087525 
33 0 0.00817083333333333 
34 0 0.00738333333333333 
35 0 0.00653916666666667 
36 0 0.005675 
37 0 0.00471083333333333 
38 0 0.00375166666666667 
39 0 0.002995 
40 0 0.00229333333333333 
41 0 0.0016625 
42 0 0.00113333333333333 
43 0 0.0007375 
44 0 0.000443333333333333 
45 0 0.000238333333333333 
46 0 0.000129166666666667 
47 0 0.0000666666666666667 
48 0 0.000035 
49 0 0.0000208333333333333 
50 0 0.0000116666666666667 
51 0 0.00001 
52 0 0.00000666666666666667 
53 0 0.0000025 
54 0 0.000000833333333333333 
55 0 0 
56 0 0 
111 0 0 

birth 1 F married 0 
12 0 0 
13 0 0.000005 
14 0 0.0000283333333333333 
15 0 0.000151666666666667 
16 0 0.000545833333333333 
17 0 0.00132666666666667 
18 0 0.0024425 
19 0 0.0039775 
20 0 0.00577 
21 0 0.00664583333333333 
22 0 0.00702083333333333 
23 0 0.00762416666666667 
24 0 0.00783666666666667 
25 0 0.00817833333333333 
26 0 0.00846333333333333 
27 0 0.00887 
28 0 0.00906666666666667 
29 0 0.009265 
30 0 0.0093375 
31 0 0.00906333333333333 
32 0 0.0087525 
33 0 0.00817083333333333 
34 0 0.00738333333333333 
35 0 0.00653916666666667 
36 0 0.005675 
37 0 0.00471083333333333 
38 0 0.00375166666666667 
39 0 0.002995 
40 0 0.00229333333333333 
41 0 0.0016625 
42 0 0.00113333333333333 
43 0 0.0007375 
44 0 0.000443333333333333 
45 0 0.000238333333333333 
46 0 0.000129166666666667 
47 0 0.0000666666666666667 
48 0 0.000035 
49 0 0.0000208333333333333 
50 0 0.0000116666666666667 
51 0 0.00001 
52 0 0.00000666666666666667 
53 0 0.0000025 
54 0 0.000000833333333333333 
55 0 0 
56 0 0 
111 0 0 
