** Period (Monthly) Age-Specific Fertility Rates for USA in 1966 
* Retrieved from the Human Fertility Database, www.humanfertility.org 
* Max Planck Institute for Demographic Research (Germany) and 
* Vienna Institute of Demography (Austria) 
* Data downloaded on  03 Apr 2023 22:47:26 CEST 
** NB: The original HFD annual rates have been converted into monthly rates 
** The open age interval (55+) is limited to one year [55-56) 

birth 1 F single 0 
12 0 0 
13 0 0 
14 0 0.0000216666666666667 
15 0 0.000345 
16 0 0.00103916666666667 
17 0 0.00274333333333333 
18 0 0.0052075 
19 0 0.0084225 
20 0 0.0118741666666667 
21 0 0.0139691666666667 
22 0 0.0152775 
23 0 0.0160441666666667 
24 0 0.0162758333333333 
25 0 0.0154216666666667 
26 0 0.0146233333333333 
27 0 0.0135391666666667 
28 0 0.012125 
29 0 0.0111583333333333 
30 0 0.00995416666666667 
31 0 0.00881916666666667 
32 0 0.00787833333333333 
33 0 0.0070275 
34 0 0.00620916666666667 
35 0 0.00541 
36 0 0.00480666666666667 
37 0 0.00412916666666667 
38 0 0.0033775 
39 0 0.00294333333333333 
40 0 0.002305 
41 0 0.0018075 
42 0 0.00126 
43 0 0.000906666666666667 
44 0 0.000578333333333333 
45 0 0.000328333333333333 
46 0 0.000175833333333333 
47 0 0.0000766666666666667 
48 0 0.0000316666666666667 
49 0 0.0000141666666666667 
50 0 0.00000333333333333333 
51 0 0 
52 0 0 
53 0 0 
54 0 0 
55 0 0 
56 0 0 
111 0 0 

birth 1 F married 0 
12 0 0 
13 0 0 
14 0 0.0000216666666666667 
15 0 0.000345 
16 0 0.00103916666666667 
17 0 0.00274333333333333 
18 0 0.0052075 
19 0 0.0084225 
20 0 0.0118741666666667 
21 0 0.0139691666666667 
22 0 0.0152775 
23 0 0.0160441666666667 
24 0 0.0162758333333333 
25 0 0.0154216666666667 
26 0 0.0146233333333333 
27 0 0.0135391666666667 
28 0 0.012125 
29 0 0.0111583333333333 
30 0 0.00995416666666667 
31 0 0.00881916666666667 
32 0 0.00787833333333333 
33 0 0.0070275 
34 0 0.00620916666666667 
35 0 0.00541 
36 0 0.00480666666666667 
37 0 0.00412916666666667 
38 0 0.0033775 
39 0 0.00294333333333333 
40 0 0.002305 
41 0 0.0018075 
42 0 0.00126 
43 0 0.000906666666666667 
44 0 0.000578333333333333 
45 0 0.000328333333333333 
46 0 0.000175833333333333 
47 0 0.0000766666666666667 
48 0 0.0000316666666666667 
49 0 0.0000141666666666667 
50 0 0.00000333333333333333 
51 0 0 
52 0 0 
53 0 0 
54 0 0 
55 0 0 
56 0 0 
111 0 0 
