** Period (Monthly) Age-Specific Fertility Rates for USA in 2000 
* Retrieved from the Human Fertility Database, www.humanfertility.org 
* Max Planck Institute for Demographic Research (Germany) and 
* Vienna Institute of Demography (Austria) 
* Data downloaded on  04 Apr 2023 08:22:23 PDT 
** NB: The original HFD annual rates have been converted into monthly rates 
** The open age interval (55+) is limited to one year [55-56) 

birth 1 F single 0 
12 0 0 
13 0 0.00001 
14 0 0.00006 
15 0 0.000289166666666667 
16 0 0.000925 
17 0 0.0020875 
18 0 0.00369583333333333 
19 0 0.0056125 
20 0 0.00741416666666667 
21 0 0.00834916666666667 
22 0 0.0087875 
23 0 0.00931833333333333 
24 0 0.00944916666666667 
25 0 0.00947416666666667 
26 0 0.0094875 
27 0 0.00960416666666667 
28 0 0.00954416666666667 
29 0 0.00949666666666667 
30 0 0.009435 
31 0 0.00897583333333333 
32 0 0.00846083333333333 
33 0 0.00770916666666667 
34 0 0.00684333333333333 
35 0 0.00591583333333333 
36 0 0.004965 
37 0 0.00410583333333333 
38 0 0.00323916666666667 
39 0 0.00251416666666667 
40 0 0.0018625 
41 0 0.00133083333333333 
42 0 0.000889166666666667 
43 0 0.000543333333333333 
44 0 0.000323333333333333 
45 0 0.000178333333333333 
46 0 0.0000875 
47 0 0.000045 
48 0 0.0000216666666666667 
49 0 0.0000108333333333333 
50 0 0.00000666666666666667 
51 0 0.00000416666666666667 
52 0 0.00000333333333333333 
53 0 0.00000166666666666667 
54 0 0.00000166666666666667 
55 0 0.000000833333333333333 
56 0 0 
111 0 0 

birth 1 F married 0 
12 0 0 
13 0 0.00001 
14 0 0.00006 
15 0 0.000289166666666667 
16 0 0.000925 
17 0 0.0020875 
18 0 0.00369583333333333 
19 0 0.0056125 
20 0 0.00741416666666667 
21 0 0.00834916666666667 
22 0 0.0087875 
23 0 0.00931833333333333 
24 0 0.00944916666666667 
25 0 0.00947416666666667 
26 0 0.0094875 
27 0 0.00960416666666667 
28 0 0.00954416666666667 
29 0 0.00949666666666667 
30 0 0.009435 
31 0 0.00897583333333333 
32 0 0.00846083333333333 
33 0 0.00770916666666667 
34 0 0.00684333333333333 
35 0 0.00591583333333333 
36 0 0.004965 
37 0 0.00410583333333333 
38 0 0.00323916666666667 
39 0 0.00251416666666667 
40 0 0.0018625 
41 0 0.00133083333333333 
42 0 0.000889166666666667 
43 0 0.000543333333333333 
44 0 0.000323333333333333 
45 0 0.000178333333333333 
46 0 0.0000875 
47 0 0.000045 
48 0 0.0000216666666666667 
49 0 0.0000108333333333333 
50 0 0.00000666666666666667 
51 0 0.00000416666666666667 
52 0 0.00000333333333333333 
53 0 0.00000166666666666667 
54 0 0.00000166666666666667 
55 0 0.000000833333333333333 
56 0 0 
111 0 0 
