** Period (Monthly) Age-Specific Fertility Rates for USA in 2019 
* Retrieved from the Human Fertility Database, www.humanfertility.org 
* Max Planck Institute for Demographic Research (Germany) and 
* Vienna Institute of Demography (Austria) 
* Data downloaded on  06 Apr 2023 08:10:18 PDT 
** NB: The original HFD annual rates have been converted into monthly rates 
** The open age interval (55+) is limited to one year [55-56) 

birth 1 F single 0 
12 0 0 
13 0 0.0000025 
14 0 0.0000116666666666667 
15 0 0.0000575 
16 0 0.000191666666666667 
17 0 0.0004825 
18 0 0.000994166666666667 
19 0 0.00188666666666667 
20 0 0.0032825 
21 0 0.00431916666666667 
22 0 0.00498916666666667 
23 0 0.00563416666666667 
24 0 0.006125 
25 0 0.00663333333333333 
26 0 0.00710916666666667 
27 0 0.00749 
28 0 0.00779833333333333 
29 0 0.00819666666666667 
30 0 0.00854916666666667 
31 0 0.00870916666666667 
32 0 0.00878 
33 0 0.0084175 
34 0 0.00781416666666667 
35 0 0.00709916666666667 
36 0 0.0063025 
37 0 0.0053275 
38 0 0.00431166666666667 
39 0 0.00336583333333333 
40 0 0.0026275 
41 0 0.00191916666666667 
42 0 0.00132 
43 0 0.00087 
44 0 0.000515 
45 0 0.000296666666666667 
46 0 0.000160833333333333 
47 0 0.0000908333333333333 
48 0 0.0000508333333333333 
49 0 0.0000308333333333333 
50 0 0.0000216666666666667 
51 0 0.0000225 
52 0 0.0000133333333333333 
53 0 0.000005 
54 0 0.00000166666666666667 
55 0 0 
56 0 0 
111 0 0 

birth 1 F married 0 
12 0 0 
13 0 0.0000025 
14 0 0.0000116666666666667 
15 0 0.0000575 
16 0 0.000191666666666667 
17 0 0.0004825 
18 0 0.000994166666666667 
19 0 0.00188666666666667 
20 0 0.0032825 
21 0 0.00431916666666667 
22 0 0.00498916666666667 
23 0 0.00563416666666667 
24 0 0.006125 
25 0 0.00663333333333333 
26 0 0.00710916666666667 
27 0 0.00749 
28 0 0.00779833333333333 
29 0 0.00819666666666667 
30 0 0.00854916666666667 
31 0 0.00870916666666667 
32 0 0.00878 
33 0 0.0084175 
34 0 0.00781416666666667 
35 0 0.00709916666666667 
36 0 0.0063025 
37 0 0.0053275 
38 0 0.00431166666666667 
39 0 0.00336583333333333 
40 0 0.0026275 
41 0 0.00191916666666667 
42 0 0.00132 
43 0 0.00087 
44 0 0.000515 
45 0 0.000296666666666667 
46 0 0.000160833333333333 
47 0 0.0000908333333333333 
48 0 0.0000508333333333333 
49 0 0.0000308333333333333 
50 0 0.0000216666666666667 
51 0 0.0000225 
52 0 0.0000133333333333333 
53 0 0.000005 
54 0 0.00000166666666666667 
55 0 0 
56 0 0 
111 0 0 
