** Period (Monthly) Age-Specific Fertility Rates for USA in 1986 
* Retrieved from the Human Fertility Database, www.humanfertility.org 
* Max Planck Institute for Demographic Research (Germany) and 
* Vienna Institute of Demography (Austria) 
* Data downloaded on  03 Apr 2023 22:47:27 CEST 
** NB: The original HFD annual rates have been converted into monthly rates 
** The open age interval (55+) is limited to one year [55-56) 

birth 1 F single 0 
12 0 0 
13 0 0.000015 
14 0 0.0000883333333333333 
15 0 0.000398333333333333 
16 0 0.00117166666666667 
17 0 0.00246666666666667 
18 0 0.00404583333333333 
19 0 0.0059875 
20 0 0.00718916666666667 
21 0 0.00804583333333333 
22 0 0.00866666666666667 
23 0 0.00914333333333333 
24 0 0.0094125 
25 0 0.0094275 
26 0 0.0095875 
27 0 0.00962916666666667 
28 0 0.00927416666666667 
29 0 0.00931916666666667 
30 0 0.00807916666666667 
31 0 0.00750083333333333 
32 0 0.00672583333333333 
33 0 0.00582916666666667 
34 0 0.00494166666666667 
35 0 0.00401083333333333 
36 0 0.003295 
37 0 0.00258 
38 0 0.00190833333333333 
39 0 0.00148166666666667 
40 0 0.000961666666666667 
41 0 0.000700833333333333 
42 0 0.000436666666666667 
43 0 0.000283333333333333 
44 0 0.000160833333333333 
45 0 0.0000875 
46 0 0.0000475 
47 0 0.00002 
48 0 0.00000916666666666667 
49 0 0.00000333333333333333 
50 0 0.00000166666666666667 
51 0 0 
52 0 0 
53 0 0 
54 0 0 
55 0 0 
56 0 0 
111 0 0 

birth 1 F married 0 
12 0 0 
13 0 0.000015 
14 0 0.0000883333333333333 
15 0 0.000398333333333333 
16 0 0.00117166666666667 
17 0 0.00246666666666667 
18 0 0.00404583333333333 
19 0 0.0059875 
20 0 0.00718916666666667 
21 0 0.00804583333333333 
22 0 0.00866666666666667 
23 0 0.00914333333333333 
24 0 0.0094125 
25 0 0.0094275 
26 0 0.0095875 
27 0 0.00962916666666667 
28 0 0.00927416666666667 
29 0 0.00931916666666667 
30 0 0.00807916666666667 
31 0 0.00750083333333333 
32 0 0.00672583333333333 
33 0 0.00582916666666667 
34 0 0.00494166666666667 
35 0 0.00401083333333333 
36 0 0.003295 
37 0 0.00258 
38 0 0.00190833333333333 
39 0 0.00148166666666667 
40 0 0.000961666666666667 
41 0 0.000700833333333333 
42 0 0.000436666666666667 
43 0 0.000283333333333333 
44 0 0.000160833333333333 
45 0 0.0000875 
46 0 0.0000475 
47 0 0.00002 
48 0 0.00000916666666666667 
49 0 0.00000333333333333333 
50 0 0.00000166666666666667 
51 0 0 
52 0 0 
53 0 0 
54 0 0 
55 0 0 
56 0 0 
111 0 0 
