** Period (Monthly) Age-Specific Fertility Rates for USA in 1981 
* Retrieved from the Human Fertility Database, www.humanfertility.org 
* Max Planck Institute for Demographic Research (Germany) and 
* Vienna Institute of Demography (Austria) 
* Data downloaded on  16 Aug 2023 13:36:13 CEST 
** NB: The original HFD annual rates have been converted into monthly rates 
** The open age interval (55+) is limited to one year [55-56) 

birth 1 F single 0 
12 0 0 
13 0 0.0000116666666666667 
14 0 0.0000741666666666667 
15 0 0.000365 
16 0 0.00116166666666667 
17 0 0.00253916666666667 
18 0 0.00419166666666667 
19 0 0.00595 
20 0 0.00733666666666667 
21 0 0.00830833333333333 
22 0 0.00919833333333333 
23 0 0.00953583333333333 
24 0 0.00985083333333333 
25 0 0.00995416666666667 
26 0 0.0099725 
27 0 0.00988416666666667 
28 0 0.00938333333333333 
29 0 0.00923583333333333 
30 0 0.0079325 
31 0 0.00703916666666667 
32 0 0.00612583333333333 
33 0 0.0050825 
34 0 0.00418333333333333 
35 0 0.00329833333333333 
36 0 0.00268916666666667 
37 0 0.00204166666666667 
38 0 0.00151916666666667 
39 0 0.00116583333333333 
40 0 0.0008275 
41 0 0.000596666666666667 
42 0 0.000423333333333333 
43 0 0.000269166666666667 
44 0 0.000166666666666667 
45 0 0.0000883333333333333 
46 0 0.0000483333333333333 
47 0 0.0000208333333333333 
48 0 0.0000108333333333333 
49 0 0.000005 
50 0 0.00000333333333333333 
51 0 0 
52 0 0 
53 0 0 
54 0 0 
55 0 0 
56 0 0 
111 0 0 

birth 1 F married 0 
12 0 0 
13 0 0.0000116666666666667 
14 0 0.0000741666666666667 
15 0 0.000365 
16 0 0.00116166666666667 
17 0 0.00253916666666667 
18 0 0.00419166666666667 
19 0 0.00595 
20 0 0.00733666666666667 
21 0 0.00830833333333333 
22 0 0.00919833333333333 
23 0 0.00953583333333333 
24 0 0.00985083333333333 
25 0 0.00995416666666667 
26 0 0.0099725 
27 0 0.00988416666666667 
28 0 0.00938333333333333 
29 0 0.00923583333333333 
30 0 0.0079325 
31 0 0.00703916666666667 
32 0 0.00612583333333333 
33 0 0.0050825 
34 0 0.00418333333333333 
35 0 0.00329833333333333 
36 0 0.00268916666666667 
37 0 0.00204166666666667 
38 0 0.00151916666666667 
39 0 0.00116583333333333 
40 0 0.0008275 
41 0 0.000596666666666667 
42 0 0.000423333333333333 
43 0 0.000269166666666667 
44 0 0.000166666666666667 
45 0 0.0000883333333333333 
46 0 0.0000483333333333333 
47 0 0.0000208333333333333 
48 0 0.0000108333333333333 
49 0 0.000005 
50 0 0.00000333333333333333 
51 0 0 
52 0 0 
53 0 0 
54 0 0 
55 0 0 
56 0 0 
111 0 0 
