** Period (Monthly) Age-Specific Fertility Rates for USA in 2011 
* Retrieved from the Human Fertility Database, www.humanfertility.org 
* Max Planck Institute for Demographic Research (Germany) and 
* Vienna Institute of Demography (Austria) 
* Data downloaded on  31 Mar 2023 06:10:04 CEST 
** NB: The original HFD annual rates have been converted into monthly rates 
** The open age interval (55+) is limited to one year [55-56) 

birth 1 F single 0 
12 0 0 
13 0 0.00000416666666666667 
14 0 0.000025 
15 0 0.000134166666666667 
16 0 0.000481666666666667 
17 0 0.00117166666666667 
18 0 0.00216833333333333 
19 0 0.00359833333333333 
20 0 0.00537083333333333 
21 0 0.00625833333333333 
22 0 0.00667416666666667 
23 0 0.00721 
24 0 0.0075675 
25 0 0.0078975 
26 0 0.00833416666666667 
27 0 0.00863916666666667 
28 0 0.009005 
29 0 0.00926583333333333 
30 0 0.00934583333333333 
31 0 0.00906916666666667 
32 0 0.00873916666666667 
33 0 0.00810083333333333 
34 0 0.00747833333333333 
35 0 0.00663166666666667 
36 0 0.00575666666666667 
37 0 0.00477833333333333 
38 0 0.00385916666666667 
39 0 0.00299083333333333 
40 0 0.0023175 
41 0 0.00167083333333333 
42 0 0.00114916666666667 
43 0 0.000728333333333333 
44 0 0.000443333333333333 
45 0 0.000243333333333333 
46 0 0.000130833333333333 
47 0 0.0000675 
48 0 0.0000341666666666667 
49 0 0.0000216666666666667 
50 0 0.0000125 
51 0 0.0000108333333333333 
52 0 0.00000666666666666667 
53 0 0.0000025 
54 0 0.000000833333333333333 
55 0 0 
56 0 0 
111 0 0 

birth 1 F married 0 
12 0 0 
13 0 0.00000416666666666667 
14 0 0.000025 
15 0 0.000134166666666667 
16 0 0.000481666666666667 
17 0 0.00117166666666667 
18 0 0.00216833333333333 
19 0 0.00359833333333333 
20 0 0.00537083333333333 
21 0 0.00625833333333333 
22 0 0.00667416666666667 
23 0 0.00721 
24 0 0.0075675 
25 0 0.0078975 
26 0 0.00833416666666667 
27 0 0.00863916666666667 
28 0 0.009005 
29 0 0.00926583333333333 
30 0 0.00934583333333333 
31 0 0.00906916666666667 
32 0 0.00873916666666667 
33 0 0.00810083333333333 
34 0 0.00747833333333333 
35 0 0.00663166666666667 
36 0 0.00575666666666667 
37 0 0.00477833333333333 
38 0 0.00385916666666667 
39 0 0.00299083333333333 
40 0 0.0023175 
41 0 0.00167083333333333 
42 0 0.00114916666666667 
43 0 0.000728333333333333 
44 0 0.000443333333333333 
45 0 0.000243333333333333 
46 0 0.000130833333333333 
47 0 0.0000675 
48 0 0.0000341666666666667 
49 0 0.0000216666666666667 
50 0 0.0000125 
51 0 0.0000108333333333333 
52 0 0.00000666666666666667 
53 0 0.0000025 
54 0 0.000000833333333333333 
55 0 0 
56 0 0 
111 0 0 
