** Period (Monthly) Age-Specific Fertility Rates for USA in 1978 
* Retrieved from the Human Fertility Database, www.humanfertility.org 
* Max Planck Institute for Demographic Research (Germany) and 
* Vienna Institute of Demography (Austria) 
* Data downloaded on  30 Mar 2023 19:31:06 CEST 
** NB: The original HFD annual rates have been converted into monthly rates 
** The open age interval (55+) is limited to one year [55-56) 

birth 1 F single 0 
12 0 0 
13 0 0.0000125 
14 0 0.0000741666666666667 
15 0 0.000365 
16 0 0.00116666666666667 
17 0 0.00258416666666667 
18 0 0.00426583333333333 
19 0 0.0060425 
20 0 0.00722666666666667 
21 0 0.0080625 
22 0 0.00892583333333333 
23 0 0.0094025 
24 0 0.009745 
25 0 0.00977583333333333 
26 0 0.00984833333333333 
27 0 0.00979833333333333 
28 0 0.0091975 
29 0 0.00880833333333333 
30 0 0.00748583333333333 
31 0 0.006525 
32 0 0.00560333333333333 
33 0 0.00466416666666667 
34 0 0.0037175 
35 0 0.00291916666666667 
36 0 0.002345 
37 0 0.00189666666666667 
38 0 0.00144666666666667 
39 0 0.00118583333333333 
40 0 0.0008275 
41 0 0.000601666666666667 
42 0 0.000424166666666667 
43 0 0.000301666666666667 
44 0 0.00018 
45 0 0.0000933333333333333 
46 0 0.0000516666666666667 
47 0 0.000025 
48 0 0.00001 
49 0 0.00000333333333333333 
50 0 0.00000166666666666667 
51 0 0 
52 0 0 
53 0 0 
54 0 0 
55 0 0 
56 0 0 
111 0 0 

birth 1 F married 0 
12 0 0 
13 0 0.0000125 
14 0 0.0000741666666666667 
15 0 0.000365 
16 0 0.00116666666666667 
17 0 0.00258416666666667 
18 0 0.00426583333333333 
19 0 0.0060425 
20 0 0.00722666666666667 
21 0 0.0080625 
22 0 0.00892583333333333 
23 0 0.0094025 
24 0 0.009745 
25 0 0.00977583333333333 
26 0 0.00984833333333333 
27 0 0.00979833333333333 
28 0 0.0091975 
29 0 0.00880833333333333 
30 0 0.00748583333333333 
31 0 0.006525 
32 0 0.00560333333333333 
33 0 0.00466416666666667 
34 0 0.0037175 
35 0 0.00291916666666667 
36 0 0.002345 
37 0 0.00189666666666667 
38 0 0.00144666666666667 
39 0 0.00118583333333333 
40 0 0.0008275 
41 0 0.000601666666666667 
42 0 0.000424166666666667 
43 0 0.000301666666666667 
44 0 0.00018 
45 0 0.0000933333333333333 
46 0 0.0000516666666666667 
47 0 0.000025 
48 0 0.00001 
49 0 0.00000333333333333333 
50 0 0.00000166666666666667 
51 0 0 
52 0 0 
53 0 0 
54 0 0 
55 0 0 
56 0 0 
111 0 0 
