** Period (Monthly) Age-Specific Fertility Rates for USA in 1983 
* Retrieved from the Human Fertility Database, www.humanfertility.org 
* Max Planck Institute for Demographic Research (Germany) and 
* Vienna Institute of Demography (Austria) 
* Data downloaded on  04 Apr 2023 20:02:37 CEST 
** NB: The original HFD annual rates have been converted into monthly rates 
** The open age interval (55+) is limited to one year [55-56) 

birth 1 F single 0 
12 0 0 
13 0 0.0000125 
14 0 0.0000766666666666667 
15 0 0.000365 
16 0 0.0011625 
17 0 0.0025325 
18 0 0.00415083333333333 
19 0 0.00585166666666667 
20 0 0.00704416666666667 
21 0 0.00792333333333333 
22 0 0.00871916666666667 
23 0 0.00918666666666667 
24 0 0.00959333333333333 
25 0 0.00950416666666667 
26 0 0.00959583333333333 
27 0 0.00957416666666667 
28 0 0.00919166666666667 
29 0 0.009075 
30 0 0.00779333333333333 
31 0 0.0072 
32 0 0.00632416666666667 
33 0 0.00534583333333333 
34 0 0.00445083333333333 
35 0 0.00353583333333333 
36 0 0.00284083333333333 
37 0 0.00220083333333333 
38 0 0.00167 
39 0 0.00125666666666667 
40 0 0.000849166666666667 
41 0 0.000596666666666667 
42 0 0.0004125 
43 0 0.000280833333333333 
44 0 0.000160833333333333 
45 0 0.0000841666666666667 
46 0 0.0000425 
47 0 0.000025 
48 0 0.0000075 
49 0 0.000005 
50 0 0.00000166666666666667 
51 0 0 
52 0 0 
53 0 0 
54 0 0 
55 0 0 
56 0 0 
111 0 0 

birth 1 F married 0 
12 0 0 
13 0 0.0000125 
14 0 0.0000766666666666667 
15 0 0.000365 
16 0 0.0011625 
17 0 0.0025325 
18 0 0.00415083333333333 
19 0 0.00585166666666667 
20 0 0.00704416666666667 
21 0 0.00792333333333333 
22 0 0.00871916666666667 
23 0 0.00918666666666667 
24 0 0.00959333333333333 
25 0 0.00950416666666667 
26 0 0.00959583333333333 
27 0 0.00957416666666667 
28 0 0.00919166666666667 
29 0 0.009075 
30 0 0.00779333333333333 
31 0 0.0072 
32 0 0.00632416666666667 
33 0 0.00534583333333333 
34 0 0.00445083333333333 
35 0 0.00353583333333333 
36 0 0.00284083333333333 
37 0 0.00220083333333333 
38 0 0.00167 
39 0 0.00125666666666667 
40 0 0.000849166666666667 
41 0 0.000596666666666667 
42 0 0.0004125 
43 0 0.000280833333333333 
44 0 0.000160833333333333 
45 0 0.0000841666666666667 
46 0 0.0000425 
47 0 0.000025 
48 0 0.0000075 
49 0 0.000005 
50 0 0.00000166666666666667 
51 0 0 
52 0 0 
53 0 0 
54 0 0 
55 0 0 
56 0 0 
111 0 0 
