** Period (Monthly) Age-Specific Fertility Rates for USA in 1970 
* Retrieved from the Human Fertility Database, www.humanfertility.org 
* Max Planck Institute for Demographic Research (Germany) and 
* Vienna Institute of Demography (Austria) 
* Data downloaded on  31 Mrz 2023 12:08:12 CEST 
** NB: The original HFD annual rates have been converted into monthly rates 
** The open age interval (55+) is limited to one year [55-56) 

birth 1 F single 0 
12 0 0 
13 0 0.0000266666666666667 
14 0 0.0000758333333333333 
15 0 0.000380833333333333 
16 0 0.00125333333333333 
17 0 0.00308916666666667 
18 0 0.00540166666666667 
19 0 0.00818083333333333 
20 0 0.0107791666666667 
21 0 0.0121666666666667 
22 0 0.0135391666666667 
23 0 0.0143558333333333 
24 0 0.0147716666666667 
25 0 0.0143716666666667 
26 0 0.0139966666666667 
27 0 0.0133516666666667 
28 0 0.0120691666666667 
29 0 0.0108641666666667 
30 0 0.00946 
31 0 0.00785833333333333 
32 0 0.00691666666666667 
33 0 0.00600833333333333 
34 0 0.00503333333333333 
35 0 0.00427166666666667 
36 0 0.00374083333333333 
37 0 0.00309 
38 0 0.00255083333333333 
39 0 0.00215083333333333 
40 0 0.00170333333333333 
41 0 0.0012925 
42 0 0.000869166666666667 
43 0 0.000631666666666667 
44 0 0.0004 
45 0 0.000209166666666667 
46 0 0.00012 
47 0 0.00005 
48 0 0.0000233333333333333 
49 0 0.00000833333333333333 
50 0 0.00000666666666666667 
51 0 0 
52 0 0 
53 0 0 
54 0 0 
55 0 0 
56 0 0 
111 0 0 

birth 1 F married 0 
12 0 0 
13 0 0.0000266666666666667 
14 0 0.0000758333333333333 
15 0 0.000380833333333333 
16 0 0.00125333333333333 
17 0 0.00308916666666667 
18 0 0.00540166666666667 
19 0 0.00818083333333333 
20 0 0.0107791666666667 
21 0 0.0121666666666667 
22 0 0.0135391666666667 
23 0 0.0143558333333333 
24 0 0.0147716666666667 
25 0 0.0143716666666667 
26 0 0.0139966666666667 
27 0 0.0133516666666667 
28 0 0.0120691666666667 
29 0 0.0108641666666667 
30 0 0.00946 
31 0 0.00785833333333333 
32 0 0.00691666666666667 
33 0 0.00600833333333333 
34 0 0.00503333333333333 
35 0 0.00427166666666667 
36 0 0.00374083333333333 
37 0 0.00309 
38 0 0.00255083333333333 
39 0 0.00215083333333333 
40 0 0.00170333333333333 
41 0 0.0012925 
42 0 0.000869166666666667 
43 0 0.000631666666666667 
44 0 0.0004 
45 0 0.000209166666666667 
46 0 0.00012 
47 0 0.00005 
48 0 0.0000233333333333333 
49 0 0.00000833333333333333 
50 0 0.00000666666666666667 
51 0 0 
52 0 0 
53 0 0 
54 0 0 
55 0 0 
56 0 0 
111 0 0 
