** Period (Monthly) Age-Specific Fertility Rates for USA in 1984 
* Retrieved from the Human Fertility Database, www.humanfertility.org 
* Max Planck Institute for Demographic Research (Germany) and 
* Vienna Institute of Demography (Austria) 
* Data downloaded on  02 Apr 2023 10:04:55 PDT 
** NB: The original HFD annual rates have been converted into monthly rates 
** The open age interval (55+) is limited to one year [55-56) 

birth 1 F single 0 
12 0 0 
13 0 0.0000158333333333333 
14 0 0.00008 
15 0 0.0003625 
16 0 0.00111666666666667 
17 0 0.00250333333333333 
18 0 0.0040975 
19 0 0.00582666666666667 
20 0 0.00699833333333333 
21 0 0.00789083333333333 
22 0 0.008575 
23 0 0.00911583333333333 
24 0 0.00941166666666667 
25 0 0.0095475 
26 0 0.00953333333333333 
27 0 0.00951083333333333 
28 0 0.00918 
29 0 0.00915166666666667 
30 0 0.00793166666666667 
31 0 0.00729833333333333 
32 0 0.0064825 
33 0 0.00555 
34 0 0.00464916666666667 
35 0 0.003715 
36 0 0.00294833333333333 
37 0 0.00233583333333333 
38 0 0.00169833333333333 
39 0 0.0013525 
40 0 0.000888333333333333 
41 0 0.000614166666666667 
42 0 0.000400833333333333 
43 0 0.000274166666666667 
44 0 0.000168333333333333 
45 0 0.0000925 
46 0 0.0000408333333333333 
47 0 0.0000208333333333333 
48 0 0.00000833333333333333 
49 0 0.000005 
50 0 0.0000025 
51 0 0 
52 0 0 
53 0 0 
54 0 0 
55 0 0 
56 0 0 
111 0 0 

birth 1 F married 0 
12 0 0 
13 0 0.0000158333333333333 
14 0 0.00008 
15 0 0.0003625 
16 0 0.00111666666666667 
17 0 0.00250333333333333 
18 0 0.0040975 
19 0 0.00582666666666667 
20 0 0.00699833333333333 
21 0 0.00789083333333333 
22 0 0.008575 
23 0 0.00911583333333333 
24 0 0.00941166666666667 
25 0 0.0095475 
26 0 0.00953333333333333 
27 0 0.00951083333333333 
28 0 0.00918 
29 0 0.00915166666666667 
30 0 0.00793166666666667 
31 0 0.00729833333333333 
32 0 0.0064825 
33 0 0.00555 
34 0 0.00464916666666667 
35 0 0.003715 
36 0 0.00294833333333333 
37 0 0.00233583333333333 
38 0 0.00169833333333333 
39 0 0.0013525 
40 0 0.000888333333333333 
41 0 0.000614166666666667 
42 0 0.000400833333333333 
43 0 0.000274166666666667 
44 0 0.000168333333333333 
45 0 0.0000925 
46 0 0.0000408333333333333 
47 0 0.0000208333333333333 
48 0 0.00000833333333333333 
49 0 0.000005 
50 0 0.0000025 
51 0 0 
52 0 0 
53 0 0 
54 0 0 
55 0 0 
56 0 0 
111 0 0 
