** Period (Monthly) Age-Specific Fertility Rates for USA in 2007 
* Retrieved from the Human Fertility Database, www.humanfertility.org 
* Max Planck Institute for Demographic Research (Germany) and 
* Vienna Institute of Demography (Austria) 
* Data downloaded on  04 Apr 2023 08:22:23 PDT 
** NB: The original HFD annual rates have been converted into monthly rates 
** The open age interval (55+) is limited to one year [55-56) 

birth 1 F single 0 
12 0 0 
13 0 0.00000583333333333333 
14 0 0.0000375 
15 0 0.000205833333333333 
16 0 0.0007225 
17 0 0.00166416666666667 
18 0 0.00302833333333333 
19 0 0.00493 
20 0 0.00699583333333333 
21 0 0.00798 
22 0 0.00841916666666667 
23 0 0.00887 
24 0 0.00920666666666667 
25 0 0.00942 
26 0 0.00951333333333333 
27 0 0.009685 
28 0 0.00981333333333333 
29 0 0.010005 
30 0 0.0103208333333333 
31 0 0.00977333333333333 
32 0 0.00935416666666667 
33 0 0.00840083333333333 
34 0 0.00759333333333333 
35 0 0.00672166666666667 
36 0 0.00579 
37 0 0.00480166666666667 
38 0 0.0039 
39 0 0.00302083333333333 
40 0 0.00233583333333333 
41 0 0.0016575 
42 0 0.001095 
43 0 0.000694166666666667 
44 0 0.000409166666666667 
45 0 0.00023 
46 0 0.000123333333333333 
47 0 0.0000625 
48 0 0.0000333333333333333 
49 0 0.0000183333333333333 
50 0 0.00001 
51 0 0.00000916666666666667 
52 0 0.00000583333333333333 
53 0 0.0000025 
54 0 0.000000833333333333333 
55 0 0 
56 0 0 
111 0 0 

birth 1 F married 0 
12 0 0 
13 0 0.00000583333333333333 
14 0 0.0000375 
15 0 0.000205833333333333 
16 0 0.0007225 
17 0 0.00166416666666667 
18 0 0.00302833333333333 
19 0 0.00493 
20 0 0.00699583333333333 
21 0 0.00798 
22 0 0.00841916666666667 
23 0 0.00887 
24 0 0.00920666666666667 
25 0 0.00942 
26 0 0.00951333333333333 
27 0 0.009685 
28 0 0.00981333333333333 
29 0 0.010005 
30 0 0.0103208333333333 
31 0 0.00977333333333333 
32 0 0.00935416666666667 
33 0 0.00840083333333333 
34 0 0.00759333333333333 
35 0 0.00672166666666667 
36 0 0.00579 
37 0 0.00480166666666667 
38 0 0.0039 
39 0 0.00302083333333333 
40 0 0.00233583333333333 
41 0 0.0016575 
42 0 0.001095 
43 0 0.000694166666666667 
44 0 0.000409166666666667 
45 0 0.00023 
46 0 0.000123333333333333 
47 0 0.0000625 
48 0 0.0000333333333333333 
49 0 0.0000183333333333333 
50 0 0.00001 
51 0 0.00000916666666666667 
52 0 0.00000583333333333333 
53 0 0.0000025 
54 0 0.000000833333333333333 
55 0 0 
56 0 0 
111 0 0 
