** Period (Monthly) Age-Specific Fertility Rates for USA in 1976 
* Retrieved from the Human Fertility Database, www.humanfertility.org 
* Max Planck Institute for Demographic Research (Germany) and 
* Vienna Institute of Demography (Austria) 
* Data downloaded on  31 Mar 2023 06:10:02 CEST 
** NB: The original HFD annual rates have been converted into monthly rates 
** The open age interval (55+) is limited to one year [55-56) 

birth 1 F single 0 
12 0 0 
13 0 0.000015 
14 0 0.0000791666666666667 
15 0 0.000386666666666667 
16 0 0.00125333333333333 
17 0 0.002835 
18 0 0.0044525 
19 0 0.00610583333333333 
20 0 0.0073425 
21 0 0.00814583333333333 
22 0 0.00889333333333333 
23 0 0.00941166666666667 
24 0 0.00980333333333333 
25 0 0.00981083333333333 
26 0 0.00988 
27 0 0.0097325 
28 0 0.0090925 
29 0 0.00856833333333333 
30 0 0.00726916666666667 
31 0 0.006255 
32 0 0.0051725 
33 0 0.00430166666666667 
34 0 0.00353833333333333 
35 0 0.00284833333333333 
36 0 0.00231833333333333 
37 0 0.00190833333333333 
38 0 0.00149166666666667 
39 0 0.00123 
40 0 0.000885833333333333 
41 0 0.000656666666666667 
42 0 0.0004675 
43 0 0.000329166666666667 
44 0 0.000205 
45 0 0.000113333333333333 
46 0 0.0000558333333333333 
47 0 0.0000291666666666667 
48 0 0.0000108333333333333 
49 0 0.00000416666666666667 
50 0 0.00000166666666666667 
51 0 0 
52 0 0 
53 0 0 
54 0 0 
55 0 0 
56 0 0 
111 0 0 

birth 1 F married 0 
12 0 0 
13 0 0.000015 
14 0 0.0000791666666666667 
15 0 0.000386666666666667 
16 0 0.00125333333333333 
17 0 0.002835 
18 0 0.0044525 
19 0 0.00610583333333333 
20 0 0.0073425 
21 0 0.00814583333333333 
22 0 0.00889333333333333 
23 0 0.00941166666666667 
24 0 0.00980333333333333 
25 0 0.00981083333333333 
26 0 0.00988 
27 0 0.0097325 
28 0 0.0090925 
29 0 0.00856833333333333 
30 0 0.00726916666666667 
31 0 0.006255 
32 0 0.0051725 
33 0 0.00430166666666667 
34 0 0.00353833333333333 
35 0 0.00284833333333333 
36 0 0.00231833333333333 
37 0 0.00190833333333333 
38 0 0.00149166666666667 
39 0 0.00123 
40 0 0.000885833333333333 
41 0 0.000656666666666667 
42 0 0.0004675 
43 0 0.000329166666666667 
44 0 0.000205 
45 0 0.000113333333333333 
46 0 0.0000558333333333333 
47 0 0.0000291666666666667 
48 0 0.0000108333333333333 
49 0 0.00000416666666666667 
50 0 0.00000166666666666667 
51 0 0 
52 0 0 
53 0 0 
54 0 0 
55 0 0 
56 0 0 
111 0 0 
