** Period (Monthly) Age-Specific Fertility Rates for USA in 1979 
* Retrieved from the Human Fertility Database, www.humanfertility.org 
* Max Planck Institute for Demographic Research (Germany) and 
* Vienna Institute of Demography (Austria) 
* Data downloaded on  06 Apr 2023 08:10:17 PDT 
** NB: The original HFD annual rates have been converted into monthly rates 
** The open age interval (55+) is limited to one year [55-56) 

birth 1 F single 0 
12 0 0 
13 0 0.0000125 
14 0 0.0000816666666666667 
15 0 0.000371666666666667 
16 0 0.00116916666666667 
17 0 0.00257583333333333 
18 0 0.00428583333333333 
19 0 0.00604 
20 0 0.007485 
21 0 0.0082725 
22 0 0.00908166666666667 
23 0 0.00961916666666667 
24 0 0.0100325 
25 0 0.01005 
26 0 0.0100491666666667 
27 0 0.00997 
28 0 0.00945333333333333 
29 0 0.00910916666666667 
30 0 0.00773666666666667 
31 0 0.006795 
32 0 0.00582333333333333 
33 0 0.00482416666666667 
34 0 0.00398666666666667 
35 0 0.00309 
36 0 0.00247 
37 0 0.00192416666666667 
38 0 0.00150333333333333 
39 0 0.00118666666666667 
40 0 0.0008725 
41 0 0.0006025 
42 0 0.000424166666666667 
43 0 0.000288333333333333 
44 0 0.000180833333333333 
45 0 0.000103333333333333 
46 0 0.00005 
47 0 0.0000216666666666667 
48 0 0.0000108333333333333 
49 0 0.000005 
50 0 0.00000166666666666667 
51 0 0 
52 0 0 
53 0 0 
54 0 0 
55 0 0 
56 0 0 
111 0 0 

birth 1 F married 0 
12 0 0 
13 0 0.0000125 
14 0 0.0000816666666666667 
15 0 0.000371666666666667 
16 0 0.00116916666666667 
17 0 0.00257583333333333 
18 0 0.00428583333333333 
19 0 0.00604 
20 0 0.007485 
21 0 0.0082725 
22 0 0.00908166666666667 
23 0 0.00961916666666667 
24 0 0.0100325 
25 0 0.01005 
26 0 0.0100491666666667 
27 0 0.00997 
28 0 0.00945333333333333 
29 0 0.00910916666666667 
30 0 0.00773666666666667 
31 0 0.006795 
32 0 0.00582333333333333 
33 0 0.00482416666666667 
34 0 0.00398666666666667 
35 0 0.00309 
36 0 0.00247 
37 0 0.00192416666666667 
38 0 0.00150333333333333 
39 0 0.00118666666666667 
40 0 0.0008725 
41 0 0.0006025 
42 0 0.000424166666666667 
43 0 0.000288333333333333 
44 0 0.000180833333333333 
45 0 0.000103333333333333 
46 0 0.00005 
47 0 0.0000216666666666667 
48 0 0.0000108333333333333 
49 0 0.000005 
50 0 0.00000166666666666667 
51 0 0 
52 0 0 
53 0 0 
54 0 0 
55 0 0 
56 0 0 
111 0 0 
