** Period (Monthly) Age-Specific Fertility Rates for USA in 1985 
* Retrieved from the Human Fertility Database, www.humanfertility.org 
* Max Planck Institute for Demographic Research (Germany) and 
* Vienna Institute of Demography (Austria) 
* Data downloaded on  03 Apr 2023 22:47:27 CEST 
** NB: The original HFD annual rates have been converted into monthly rates 
** The open age interval (55+) is limited to one year [55-56) 

birth 1 F single 0 
12 0 0 
13 0 0.0000133333333333333 
14 0 0.0000825 
15 0 0.000376666666666667 
16 0 0.00113833333333333 
17 0 0.00247166666666667 
18 0 0.00417333333333333 
19 0 0.00595333333333333 
20 0 0.0072075 
21 0 0.00806083333333333 
22 0 0.00876833333333333 
23 0 0.00920333333333333 
24 0 0.009555 
25 0 0.00955083333333333 
26 0 0.00980916666666667 
27 0 0.00963666666666667 
28 0 0.009375 
29 0 0.00936416666666667 
30 0 0.00809916666666667 
31 0 0.0074825 
32 0 0.00661666666666667 
33 0 0.00576 
34 0 0.0048575 
35 0 0.00389666666666667 
36 0 0.00317416666666667 
37 0 0.00246 
38 0 0.00181333333333333 
39 0 0.00140416666666667 
40 0 0.000945 
41 0 0.000645833333333333 
42 0 0.000425 
43 0 0.000280833333333333 
44 0 0.000165833333333333 
45 0 0.0000916666666666667 
46 0 0.0000441666666666667 
47 0 0.00002 
48 0 0.00000833333333333333 
49 0 0.00000416666666666667 
50 0 0.00000166666666666667 
51 0 0 
52 0 0 
53 0 0 
54 0 0 
55 0 0 
56 0 0 
111 0 0 

birth 1 F married 0 
12 0 0 
13 0 0.0000133333333333333 
14 0 0.0000825 
15 0 0.000376666666666667 
16 0 0.00113833333333333 
17 0 0.00247166666666667 
18 0 0.00417333333333333 
19 0 0.00595333333333333 
20 0 0.0072075 
21 0 0.00806083333333333 
22 0 0.00876833333333333 
23 0 0.00920333333333333 
24 0 0.009555 
25 0 0.00955083333333333 
26 0 0.00980916666666667 
27 0 0.00963666666666667 
28 0 0.009375 
29 0 0.00936416666666667 
30 0 0.00809916666666667 
31 0 0.0074825 
32 0 0.00661666666666667 
33 0 0.00576 
34 0 0.0048575 
35 0 0.00389666666666667 
36 0 0.00317416666666667 
37 0 0.00246 
38 0 0.00181333333333333 
39 0 0.00140416666666667 
40 0 0.000945 
41 0 0.000645833333333333 
42 0 0.000425 
43 0 0.000280833333333333 
44 0 0.000165833333333333 
45 0 0.0000916666666666667 
46 0 0.0000441666666666667 
47 0 0.00002 
48 0 0.00000833333333333333 
49 0 0.00000416666666666667 
50 0 0.00000166666666666667 
51 0 0 
52 0 0 
53 0 0 
54 0 0 
55 0 0 
56 0 0 
111 0 0 
