** Period (Monthly) Age-Specific Fertility Rates for USA in 1951 
* Retrieved from the Human Fertility Database, www.humanfertility.org 
* Max Planck Institute for Demographic Research (Germany) and 
* Vienna Institute of Demography (Austria) 
* Data downloaded on  16 Aug 2023 13:36:05 CEST 
** NB: The original HFD annual rates have been converted into monthly rates 
** The open age interval (55+) is limited to one year [55-56) 

birth 1 F single 0 
12 0 0 
13 0 0 
14 0 0.0000225 
15 0 0.0003725 
16 0 0.00118583333333333 
17 0 0.00321833333333333 
18 0 0.00640083333333333 
19 0 0.0103425 
20 0 0.0141658333333333 
21 0 0.016265 
22 0 0.0175266666666667 
23 0 0.01772 
24 0 0.017875 
25 0 0.01732 
26 0 0.0166725 
27 0 0.0156391666666667 
28 0 0.0140041666666667 
29 0 0.0136108333333333 
30 0 0.0121575 
31 0 0.0110908333333333 
32 0 0.00977833333333333 
33 0 0.0087275 
34 0 0.00766833333333333 
35 0 0.00667416666666667 
36 0 0.00594583333333333 
37 0 0.00512416666666667 
38 0 0.00426166666666667 
39 0 0.0036575 
40 0 0.00289416666666667 
41 0 0.00229666666666667 
42 0 0.00154416666666667 
43 0 0.00114166666666667 
44 0 0.000724166666666667 
45 0 0.000421666666666667 
46 0 0.000219166666666667 
47 0 0.000111666666666667 
48 0 0.0000458333333333333 
49 0 0.0000241666666666667 
50 0 0.0000116666666666667 
51 0 0.0000075 
52 0 0.000005 
53 0 0.0000025 
54 0 0.000000833333333333333 
55 0 0 
56 0 0 
111 0 0 

birth 1 F married 0 
12 0 0 
13 0 0 
14 0 0.0000225 
15 0 0.0003725 
16 0 0.00118583333333333 
17 0 0.00321833333333333 
18 0 0.00640083333333333 
19 0 0.0103425 
20 0 0.0141658333333333 
21 0 0.016265 
22 0 0.0175266666666667 
23 0 0.01772 
24 0 0.017875 
25 0 0.01732 
26 0 0.0166725 
27 0 0.0156391666666667 
28 0 0.0140041666666667 
29 0 0.0136108333333333 
30 0 0.0121575 
31 0 0.0110908333333333 
32 0 0.00977833333333333 
33 0 0.0087275 
34 0 0.00766833333333333 
35 0 0.00667416666666667 
36 0 0.00594583333333333 
37 0 0.00512416666666667 
38 0 0.00426166666666667 
39 0 0.0036575 
40 0 0.00289416666666667 
41 0 0.00229666666666667 
42 0 0.00154416666666667 
43 0 0.00114166666666667 
44 0 0.000724166666666667 
45 0 0.000421666666666667 
46 0 0.000219166666666667 
47 0 0.000111666666666667 
48 0 0.0000458333333333333 
49 0 0.0000241666666666667 
50 0 0.0000116666666666667 
51 0 0.0000075 
52 0 0.000005 
53 0 0.0000025 
54 0 0.000000833333333333333 
55 0 0 
56 0 0 
111 0 0 
