** Period (Monthly) Age-Specific Fertility Rates for USA in 1946 
* Retrieved from the Human Fertility Database, www.humanfertility.org 
* Max Planck Institute for Demographic Research (Germany) and 
* Vienna Institute of Demography (Austria) 
* Data downloaded on  31 Mrz 2023 12:07:48 CEST 
** NB: The original HFD annual rates have been converted into monthly rates 
** The open age interval (55+) is limited to one year [55-56) 

birth 1 F single 0 
12 0 0 
13 0 0 
14 0 0.0000175 
15 0 0.00025 
16 0 0.000688333333333333 
17 0 0.0019125 
18 0 0.00376916666666667 
19 0 0.00689416666666667 
20 0 0.00999666666666667 
21 0 0.0125425 
22 0 0.01441 
23 0 0.0151508333333333 
24 0 0.0157075 
25 0 0.0154533333333333 
26 0 0.0148741666666667 
27 0 0.01416 
28 0 0.012405 
29 0 0.0124133333333333 
30 0 0.0112141666666667 
31 0 0.01076 
32 0 0.0093475 
33 0 0.00889166666666667 
34 0 0.00781833333333333 
35 0 0.00698 
36 0 0.00622916666666667 
37 0 0.00548833333333333 
38 0 0.00441 
39 0 0.00402833333333333 
40 0 0.00307416666666667 
41 0 0.00232666666666667 
42 0 0.00155666666666667 
43 0 0.00125583333333333 
44 0 0.000795833333333333 
45 0 0.000451666666666667 
46 0 0.0002625 
47 0 0.000143333333333333 
48 0 0.00005 
49 0 0.0000291666666666667 
50 0 0.0000166666666666667 
51 0 0.000005 
52 0 0.00000166666666666667 
53 0 0.0000025 
54 0 0.0000025 
55 0 0.00000166666666666667 
56 0 0.0000075 
111 0 0 

birth 1 F married 0 
12 0 0 
13 0 0 
14 0 0.0000175 
15 0 0.00025 
16 0 0.000688333333333333 
17 0 0.0019125 
18 0 0.00376916666666667 
19 0 0.00689416666666667 
20 0 0.00999666666666667 
21 0 0.0125425 
22 0 0.01441 
23 0 0.0151508333333333 
24 0 0.0157075 
25 0 0.0154533333333333 
26 0 0.0148741666666667 
27 0 0.01416 
28 0 0.012405 
29 0 0.0124133333333333 
30 0 0.0112141666666667 
31 0 0.01076 
32 0 0.0093475 
33 0 0.00889166666666667 
34 0 0.00781833333333333 
35 0 0.00698 
36 0 0.00622916666666667 
37 0 0.00548833333333333 
38 0 0.00441 
39 0 0.00402833333333333 
40 0 0.00307416666666667 
41 0 0.00232666666666667 
42 0 0.00155666666666667 
43 0 0.00125583333333333 
44 0 0.000795833333333333 
45 0 0.000451666666666667 
46 0 0.0002625 
47 0 0.000143333333333333 
48 0 0.00005 
49 0 0.0000291666666666667 
50 0 0.0000166666666666667 
51 0 0.000005 
52 0 0.00000166666666666667 
53 0 0.0000025 
54 0 0.0000025 
55 0 0.00000166666666666667 
56 0 0.0000075 
111 0 0 
