** Period (Monthly) Age-Specific Fertility Rates for USA in 1936 
* Retrieved from the Human Fertility Database, www.humanfertility.org 
* Max Planck Institute for Demographic Research (Germany) and 
* Vienna Institute of Demography (Austria) 
* Data downloaded on  31 Mar 2023 06:30:35 CEST 
** NB: The original HFD annual rates have been converted into monthly rates 
** The open age interval (55+) is limited to one year [55-56) 

birth 1 F single 0 
12 0 0 
13 0 0.00000333333333333333 
14 0 0.00003 
15 0 0.000164166666666667 
16 0 0.00061 
17 0 0.00174333333333333 
18 0 0.0033325 
19 0 0.005755 
20 0 0.0075575 
21 0 0.0089 
22 0 0.00964583333333333 
23 0 0.00993333333333333 
24 0 0.0101191666666667 
25 0 0.00985333333333333 
26 0 0.00958083333333333 
27 0 0.00928916666666667 
28 0 0.0084925 
29 0 0.00863833333333333 
30 0 0.00766666666666667 
31 0 0.00752 
32 0 0.00593916666666667 
33 0 0.00606583333333333 
34 0 0.00530416666666667 
35 0 0.00482 
36 0 0.0046575 
37 0 0.00469416666666667 
38 0 0.0033375 
39 0 0.003465 
40 0 0.00276916666666667 
41 0 0.0023075 
42 0 0.001475 
43 0 0.00136666666666667 
44 0 0.000904166666666667 
45 0 0.000566666666666667 
46 0 0.000349166666666667 
47 0 0.0001825 
48 0 0.0000866666666666667 
49 0 0.0000558333333333333 
50 0 0.0000283333333333333 
51 0 0.00001 
52 0 0.0000025 
53 0 0.00000333333333333333 
54 0 0.0000025 
55 0 0.0000025 
56 0 0.000000833333333333333 
111 0 0 

birth 1 F married 0 
12 0 0 
13 0 0.00000333333333333333 
14 0 0.00003 
15 0 0.000164166666666667 
16 0 0.00061 
17 0 0.00174333333333333 
18 0 0.0033325 
19 0 0.005755 
20 0 0.0075575 
21 0 0.0089 
22 0 0.00964583333333333 
23 0 0.00993333333333333 
24 0 0.0101191666666667 
25 0 0.00985333333333333 
26 0 0.00958083333333333 
27 0 0.00928916666666667 
28 0 0.0084925 
29 0 0.00863833333333333 
30 0 0.00766666666666667 
31 0 0.00752 
32 0 0.00593916666666667 
33 0 0.00606583333333333 
34 0 0.00530416666666667 
35 0 0.00482 
36 0 0.0046575 
37 0 0.00469416666666667 
38 0 0.0033375 
39 0 0.003465 
40 0 0.00276916666666667 
41 0 0.0023075 
42 0 0.001475 
43 0 0.00136666666666667 
44 0 0.000904166666666667 
45 0 0.000566666666666667 
46 0 0.000349166666666667 
47 0 0.0001825 
48 0 0.0000866666666666667 
49 0 0.0000558333333333333 
50 0 0.0000283333333333333 
51 0 0.00001 
52 0 0.0000025 
53 0 0.00000333333333333333 
54 0 0.0000025 
55 0 0.0000025 
56 0 0.000000833333333333333 
111 0 0 
