** Period (Monthly) Age-Specific Fertility Rates for USA in 1952 
* Retrieved from the Human Fertility Database, www.humanfertility.org 
* Max Planck Institute for Demographic Research (Germany) and 
* Vienna Institute of Demography (Austria) 
* Data downloaded on  30 Mar 2023 19:31:05 CEST 
** NB: The original HFD annual rates have been converted into monthly rates 
** The open age interval (55+) is limited to one year [55-56) 

birth 1 F single 0 
12 0 0 
13 0 0 
14 0 0.0000216666666666667 
15 0 0.000356666666666667 
16 0 0.0011175 
17 0 0.00317583333333333 
18 0 0.00630666666666667 
19 0 0.0103575 
20 0 0.0142216666666667 
21 0 0.01673 
22 0 0.0178691666666667 
23 0 0.0187141666666667 
24 0 0.0182133333333333 
25 0 0.0178416666666667 
26 0 0.017205 
27 0 0.01608 
28 0 0.0147425 
29 0 0.0141816666666667 
30 0 0.012625 
31 0 0.0115475 
32 0 0.0100483333333333 
33 0 0.00960416666666667 
34 0 0.00783333333333333 
35 0 0.007065 
36 0 0.00602833333333333 
37 0 0.00522833333333333 
38 0 0.00450416666666667 
39 0 0.0038375 
40 0 0.00305166666666667 
41 0 0.00228583333333333 
42 0 0.0015425 
43 0 0.00124 
44 0 0.000719166666666667 
45 0 0.000421666666666667 
46 0 0.000225833333333333 
47 0 0.000110833333333333 
48 0 0.0000458333333333333 
49 0 0.0000241666666666667 
50 0 0.0000158333333333333 
51 0 0.00000833333333333333 
52 0 0.00000416666666666667 
53 0 0.0000025 
54 0 0.000000833333333333333 
55 0 0 
56 0 0 
111 0 0 

birth 1 F married 0 
12 0 0 
13 0 0 
14 0 0.0000216666666666667 
15 0 0.000356666666666667 
16 0 0.0011175 
17 0 0.00317583333333333 
18 0 0.00630666666666667 
19 0 0.0103575 
20 0 0.0142216666666667 
21 0 0.01673 
22 0 0.0178691666666667 
23 0 0.0187141666666667 
24 0 0.0182133333333333 
25 0 0.0178416666666667 
26 0 0.017205 
27 0 0.01608 
28 0 0.0147425 
29 0 0.0141816666666667 
30 0 0.012625 
31 0 0.0115475 
32 0 0.0100483333333333 
33 0 0.00960416666666667 
34 0 0.00783333333333333 
35 0 0.007065 
36 0 0.00602833333333333 
37 0 0.00522833333333333 
38 0 0.00450416666666667 
39 0 0.0038375 
40 0 0.00305166666666667 
41 0 0.00228583333333333 
42 0 0.0015425 
43 0 0.00124 
44 0 0.000719166666666667 
45 0 0.000421666666666667 
46 0 0.000225833333333333 
47 0 0.000110833333333333 
48 0 0.0000458333333333333 
49 0 0.0000241666666666667 
50 0 0.0000158333333333333 
51 0 0.00000833333333333333 
52 0 0.00000416666666666667 
53 0 0.0000025 
54 0 0.000000833333333333333 
55 0 0 
56 0 0 
111 0 0 
