** Period (Monthly) Age-Specific Fertility Rates for USA in 1956 
* Retrieved from the Human Fertility Database, www.humanfertility.org 
* Max Planck Institute for Demographic Research (Germany) and 
* Vienna Institute of Demography (Austria) 
* Data downloaded on  03 Apr 2023 22:47:25 CEST 
** NB: The original HFD annual rates have been converted into monthly rates 
** The open age interval (55+) is limited to one year [55-56) 

birth 1 F single 0 
12 0 0 
13 0 0 
14 0 0.0000233333333333333 
15 0 0.000383333333333333 
16 0 0.0012375 
17 0 0.00361666666666667 
18 0 0.00697833333333333 
19 0 0.0115133333333333 
20 0 0.0163675 
21 0 0.0193883333333333 
22 0 0.0211633333333333 
23 0 0.0217691666666667 
24 0 0.0214683333333333 
25 0 0.0204558333333333 
26 0 0.0193525 
27 0 0.0176008333333333 
28 0 0.0152283333333333 
29 0 0.0150383333333333 
30 0 0.01342 
31 0 0.0122366666666667 
32 0 0.0104966666666667 
33 0 0.00990833333333333 
34 0 0.0083675 
35 0 0.00740083333333333 
36 0 0.00662416666666667 
37 0 0.00570333333333333 
38 0 0.00452416666666667 
39 0 0.00422583333333333 
40 0 0.00301916666666667 
41 0 0.00245166666666667 
42 0 0.00163583333333333 
43 0 0.0012475 
44 0 0.000778333333333333 
45 0 0.00044 
46 0 0.0002225 
47 0 0.000105833333333333 
48 0 0.0000391666666666667 
49 0 0.0000175 
50 0 0.00000916666666666667 
51 0 0.00000416666666666667 
52 0 0.0000025 
53 0 0.00000166666666666667 
54 0 0.000000833333333333333 
55 0 0 
56 0 0 
111 0 0 

birth 1 F married 0 
12 0 0 
13 0 0 
14 0 0.0000233333333333333 
15 0 0.000383333333333333 
16 0 0.0012375 
17 0 0.00361666666666667 
18 0 0.00697833333333333 
19 0 0.0115133333333333 
20 0 0.0163675 
21 0 0.0193883333333333 
22 0 0.0211633333333333 
23 0 0.0217691666666667 
24 0 0.0214683333333333 
25 0 0.0204558333333333 
26 0 0.0193525 
27 0 0.0176008333333333 
28 0 0.0152283333333333 
29 0 0.0150383333333333 
30 0 0.01342 
31 0 0.0122366666666667 
32 0 0.0104966666666667 
33 0 0.00990833333333333 
34 0 0.0083675 
35 0 0.00740083333333333 
36 0 0.00662416666666667 
37 0 0.00570333333333333 
38 0 0.00452416666666667 
39 0 0.00422583333333333 
40 0 0.00301916666666667 
41 0 0.00245166666666667 
42 0 0.00163583333333333 
43 0 0.0012475 
44 0 0.000778333333333333 
45 0 0.00044 
46 0 0.0002225 
47 0 0.000105833333333333 
48 0 0.0000391666666666667 
49 0 0.0000175 
50 0 0.00000916666666666667 
51 0 0.00000416666666666667 
52 0 0.0000025 
53 0 0.00000166666666666667 
54 0 0.000000833333333333333 
55 0 0 
56 0 0 
111 0 0 
