** Period (Monthly) Age-Specific Fertility Rates for USA in 1957 
* Retrieved from the Human Fertility Database, www.humanfertility.org 
* Max Planck Institute for Demographic Research (Germany) and 
* Vienna Institute of Demography (Austria) 
* Data downloaded on  16 Aug 2023 13:36:07 CEST 
** NB: The original HFD annual rates have been converted into monthly rates 
** The open age interval (55+) is limited to one year [55-56) 

birth 1 F single 0 
12 0 0 
13 0 0 
14 0 0.0000233333333333333 
15 0 0.000380833333333333 
16 0 0.00125166666666667 
17 0 0.00363083333333333 
18 0 0.0072825 
19 0 0.0117791666666667 
20 0 0.016905 
21 0 0.0197741666666667 
22 0 0.0216316666666667 
23 0 0.0224433333333333 
24 0 0.022175 
25 0 0.0210366666666667 
26 0 0.0199725 
27 0 0.0178616666666667 
28 0 0.0163091666666667 
29 0 0.0148683333333333 
30 0 0.0137533333333333 
31 0 0.0123908333333333 
32 0 0.0105166666666667 
33 0 0.0100041666666667 
34 0 0.00867 
35 0 0.00748166666666667 
36 0 0.00659 
37 0 0.00569666666666667 
38 0 0.00483 
39 0 0.00402083333333333 
40 0 0.00325916666666667 
41 0 0.00243166666666667 
42 0 0.00164666666666667 
43 0 0.001265 
44 0 0.000779166666666667 
45 0 0.000433333333333333 
46 0 0.0002225 
47 0 0.000103333333333333 
48 0 0.0000466666666666667 
49 0 0.0000166666666666667 
50 0 0.00001 
51 0 0.00000416666666666667 
52 0 0.0000025 
53 0 0.000000833333333333333 
54 0 0.000000833333333333333 
55 0 0 
56 0 0 
111 0 0 

birth 1 F married 0 
12 0 0 
13 0 0 
14 0 0.0000233333333333333 
15 0 0.000380833333333333 
16 0 0.00125166666666667 
17 0 0.00363083333333333 
18 0 0.0072825 
19 0 0.0117791666666667 
20 0 0.016905 
21 0 0.0197741666666667 
22 0 0.0216316666666667 
23 0 0.0224433333333333 
24 0 0.022175 
25 0 0.0210366666666667 
26 0 0.0199725 
27 0 0.0178616666666667 
28 0 0.0163091666666667 
29 0 0.0148683333333333 
30 0 0.0137533333333333 
31 0 0.0123908333333333 
32 0 0.0105166666666667 
33 0 0.0100041666666667 
34 0 0.00867 
35 0 0.00748166666666667 
36 0 0.00659 
37 0 0.00569666666666667 
38 0 0.00483 
39 0 0.00402083333333333 
40 0 0.00325916666666667 
41 0 0.00243166666666667 
42 0 0.00164666666666667 
43 0 0.001265 
44 0 0.000779166666666667 
45 0 0.000433333333333333 
46 0 0.0002225 
47 0 0.000103333333333333 
48 0 0.0000466666666666667 
49 0 0.0000166666666666667 
50 0 0.00001 
51 0 0.00000416666666666667 
52 0 0.0000025 
53 0 0.000000833333333333333 
54 0 0.000000833333333333333 
55 0 0 
56 0 0 
111 0 0 
