** Period (Monthly) Age-Specific Fertility Rates for USA in 1939 
* Retrieved from the Human Fertility Database, www.humanfertility.org 
* Max Planck Institute for Demographic Research (Germany) and 
* Vienna Institute of Demography (Austria) 
* Data downloaded on  04 Apr 2023 20:02:36 CEST 
** NB: The original HFD annual rates have been converted into monthly rates 
** The open age interval (55+) is limited to one year [55-56) 

birth 1 F single 0 
12 0 0 
13 0 0 
14 0 0.0000125 
15 0 0.000218333333333333 
16 0 0.0007525 
17 0 0.00197333333333333 
18 0 0.00382333333333333 
19 0 0.0058575 
20 0 0.00775916666666667 
21 0 0.009275 
22 0 0.0099575 
23 0 0.01013 
24 0 0.0102183333333333 
25 0 0.01061 
26 0 0.0105041666666667 
27 0 0.00963416666666667 
28 0 0.00891333333333333 
29 0 0.00841916666666667 
30 0 0.00815 
31 0 0.0075175 
32 0 0.00662166666666667 
33 0 0.00598833333333333 
34 0 0.00554 
35 0 0.0051875 
36 0 0.0046525 
37 0 0.00401333333333333 
38 0 0.00344916666666667 
39 0 0.00292416666666667 
40 0 0.0024225 
41 0 0.00197 
42 0 0.00151583333333333 
43 0 0.0010725 
44 0 0.000708333333333333 
45 0 0.000444166666666667 
46 0 0.000271666666666667 
47 0 0.000163333333333333 
48 0 0.0000908333333333333 
49 0 0.0000483333333333333 
50 0 0.0000241666666666667 
51 0 0.0000125 
52 0 0.00000666666666666667 
53 0 0.0000025 
54 0 0.000000833333333333333 
55 0 0 
56 0 0.000000833333333333333 
111 0 0 

birth 1 F married 0 
12 0 0 
13 0 0 
14 0 0.0000125 
15 0 0.000218333333333333 
16 0 0.0007525 
17 0 0.00197333333333333 
18 0 0.00382333333333333 
19 0 0.0058575 
20 0 0.00775916666666667 
21 0 0.009275 
22 0 0.0099575 
23 0 0.01013 
24 0 0.0102183333333333 
25 0 0.01061 
26 0 0.0105041666666667 
27 0 0.00963416666666667 
28 0 0.00891333333333333 
29 0 0.00841916666666667 
30 0 0.00815 
31 0 0.0075175 
32 0 0.00662166666666667 
33 0 0.00598833333333333 
34 0 0.00554 
35 0 0.0051875 
36 0 0.0046525 
37 0 0.00401333333333333 
38 0 0.00344916666666667 
39 0 0.00292416666666667 
40 0 0.0024225 
41 0 0.00197 
42 0 0.00151583333333333 
43 0 0.0010725 
44 0 0.000708333333333333 
45 0 0.000444166666666667 
46 0 0.000271666666666667 
47 0 0.000163333333333333 
48 0 0.0000908333333333333 
49 0 0.0000483333333333333 
50 0 0.0000241666666666667 
51 0 0.0000125 
52 0 0.00000666666666666667 
53 0 0.0000025 
54 0 0.000000833333333333333 
55 0 0 
56 0 0.000000833333333333333 
111 0 0 
