** Period (Monthly) Age-Specific Fertility Rates for USA in 1945 
* Retrieved from the Human Fertility Database, www.humanfertility.org 
* Max Planck Institute for Demographic Research (Germany) and 
* Vienna Institute of Demography (Austria) 
* Data downloaded on  06 Apr 2023 08:10:16 PDT 
** NB: The original HFD annual rates have been converted into monthly rates 
** The open age interval (55+) is limited to one year [55-56) 

birth 1 F single 0 
12 0 0 
13 0 0 
14 0 0.000015 
15 0 0.0002525 
16 0 0.000819166666666667 
17 0 0.00203083333333333 
18 0 0.003765 
19 0 0.00566916666666667 
20 0 0.00769333333333333 
21 0 0.00970166666666667 
22 0 0.010795 
23 0 0.0113266666666667 
24 0 0.0116416666666667 
25 0 0.0121183333333333 
26 0 0.0119616666666667 
27 0 0.0109858333333333 
28 0 0.0102766666666667 
29 0 0.00993833333333333 
30 0 0.00996083333333333 
31 0 0.00950166666666667 
32 0 0.00856916666666667 
33 0 0.00786583333333333 
34 0 0.00731333333333333 
35 0 0.00681833333333333 
36 0 0.00608916666666667 
37 0 0.0052225 
38 0 0.0044275 
39 0 0.00367666666666667 
40 0 0.00296416666666667 
41 0 0.00234583333333333 
42 0 0.001745 
43 0 0.00116 
44 0 0.00071 
45 0 0.000411666666666667 
46 0 0.0002525 
47 0 0.0001475 
48 0 0.0000725 
49 0 0.0000333333333333333 
50 0 0.0000141666666666667 
51 0 0.00000583333333333333 
52 0 0.00000333333333333333 
53 0 0.0000025 
54 0 0.0000025 
55 0 0.0000025 
56 0 0.00000833333333333333 
111 0 0 

birth 1 F married 0 
12 0 0 
13 0 0 
14 0 0.000015 
15 0 0.0002525 
16 0 0.000819166666666667 
17 0 0.00203083333333333 
18 0 0.003765 
19 0 0.00566916666666667 
20 0 0.00769333333333333 
21 0 0.00970166666666667 
22 0 0.010795 
23 0 0.0113266666666667 
24 0 0.0116416666666667 
25 0 0.0121183333333333 
26 0 0.0119616666666667 
27 0 0.0109858333333333 
28 0 0.0102766666666667 
29 0 0.00993833333333333 
30 0 0.00996083333333333 
31 0 0.00950166666666667 
32 0 0.00856916666666667 
33 0 0.00786583333333333 
34 0 0.00731333333333333 
35 0 0.00681833333333333 
36 0 0.00608916666666667 
37 0 0.0052225 
38 0 0.0044275 
39 0 0.00367666666666667 
40 0 0.00296416666666667 
41 0 0.00234583333333333 
42 0 0.001745 
43 0 0.00116 
44 0 0.00071 
45 0 0.000411666666666667 
46 0 0.0002525 
47 0 0.0001475 
48 0 0.0000725 
49 0 0.0000333333333333333 
50 0 0.0000141666666666667 
51 0 0.00000583333333333333 
52 0 0.00000333333333333333 
53 0 0.0000025 
54 0 0.0000025 
55 0 0.0000025 
56 0 0.00000833333333333333 
111 0 0 
