** Period (Monthly) Age-Specific Fertility Rates for USA in 2015 
* Retrieved from the Human Fertility Database, www.humanfertility.org 
* Max Planck Institute for Demographic Research (Germany) and 
* Vienna Institute of Demography (Austria) 
* Data downloaded on  03 Apr 2023 22:47:28 CEST 
** NB: The original HFD annual rates have been converted into monthly rates 
** The open age interval (55+) is limited to one year [55-56) 

birth 1 F single 0 
12 0 0 
13 0 0.0000025 
14 0 0.0000158333333333333 
15 0 0.0000833333333333333 
16 0 0.000306666666666667 
17 0 0.000748333333333333 
18 0 0.00143 
19 0 0.00256666666666667 
20 0 0.00421416666666667 
21 0 0.00529416666666667 
22 0 0.00591583333333333 
23 0 0.00655083333333333 
24 0 0.0069275 
25 0 0.00732833333333333 
26 0 0.00777666666666667 
27 0 0.00828916666666667 
28 0 0.0088075 
29 0 0.00924083333333333 
30 0 0.0094475 
31 0 0.0094375 
32 0 0.0092525 
33 0 0.00867583333333333 
34 0 0.00792833333333333 
35 0 0.0070475 
36 0 0.0061675 
37 0 0.005175 
38 0 0.00423083333333333 
39 0 0.00331916666666667 
40 0 0.00254666666666667 
41 0 0.00185083333333333 
42 0 0.00126333333333333 
43 0 0.000808333333333333 
44 0 0.000488333333333333 
45 0 0.000273333333333333 
46 0 0.000150833333333333 
47 0 0.0000833333333333333 
48 0 0.000045 
49 0 0.0000258333333333333 
50 0 0.0000166666666666667 
51 0 0.0000141666666666667 
52 0 0.00000833333333333333 
53 0 0.00000333333333333333 
54 0 0.000000833333333333333 
55 0 0 
56 0 0 
111 0 0 

birth 1 F married 0 
12 0 0 
13 0 0.0000025 
14 0 0.0000158333333333333 
15 0 0.0000833333333333333 
16 0 0.000306666666666667 
17 0 0.000748333333333333 
18 0 0.00143 
19 0 0.00256666666666667 
20 0 0.00421416666666667 
21 0 0.00529416666666667 
22 0 0.00591583333333333 
23 0 0.00655083333333333 
24 0 0.0069275 
25 0 0.00732833333333333 
26 0 0.00777666666666667 
27 0 0.00828916666666667 
28 0 0.0088075 
29 0 0.00924083333333333 
30 0 0.0094475 
31 0 0.0094375 
32 0 0.0092525 
33 0 0.00867583333333333 
34 0 0.00792833333333333 
35 0 0.0070475 
36 0 0.0061675 
37 0 0.005175 
38 0 0.00423083333333333 
39 0 0.00331916666666667 
40 0 0.00254666666666667 
41 0 0.00185083333333333 
42 0 0.00126333333333333 
43 0 0.000808333333333333 
44 0 0.000488333333333333 
45 0 0.000273333333333333 
46 0 0.000150833333333333 
47 0 0.0000833333333333333 
48 0 0.000045 
49 0 0.0000258333333333333 
50 0 0.0000166666666666667 
51 0 0.0000141666666666667 
52 0 0.00000833333333333333 
53 0 0.00000333333333333333 
54 0 0.000000833333333333333 
55 0 0 
56 0 0 
111 0 0 
