** Period (Monthly) Age-Specific Fertility Rates for USA in 1982 
* Retrieved from the Human Fertility Database, www.humanfertility.org 
* Max Planck Institute for Demographic Research (Germany) and 
* Vienna Institute of Demography (Austria) 
* Data downloaded on  16 Aug 2023 13:36:13 CEST 
** NB: The original HFD annual rates have been converted into monthly rates 
** The open age interval (55+) is limited to one year [55-56) 

birth 1 F single 0 
12 0 0 
13 0 0.0000125 
14 0 0.0000741666666666667 
15 0 0.000376666666666667 
16 0 0.00115583333333333 
17 0 0.002565 
18 0 0.00420583333333333 
19 0 0.005985 
20 0 0.0072225 
21 0 0.00823833333333333 
22 0 0.009055 
23 0 0.00961333333333333 
24 0 0.00980166666666667 
25 0 0.00984166666666667 
26 0 0.00989833333333333 
27 0 0.00982083333333333 
28 0 0.00937666666666667 
29 0 0.00923166666666667 
30 0 0.00794083333333333 
31 0 0.00715 
32 0 0.00625833333333333 
33 0 0.0052975 
34 0 0.0043425 
35 0 0.003475 
36 0 0.00277166666666667 
37 0 0.0021925 
38 0 0.00159166666666667 
39 0 0.00123833333333333 
40 0 0.000831666666666667 
41 0 0.000608333333333333 
42 0 0.000420833333333333 
43 0 0.000289166666666667 
44 0 0.000159166666666667 
45 0 0.0000883333333333333 
46 0 0.00005 
47 0 0.0000225 
48 0 0.0000116666666666667 
49 0 0.000005 
50 0 0.00000166666666666667 
51 0 0 
52 0 0 
53 0 0 
54 0 0 
55 0 0 
56 0 0 
111 0 0 

birth 1 F married 0 
12 0 0 
13 0 0.0000125 
14 0 0.0000741666666666667 
15 0 0.000376666666666667 
16 0 0.00115583333333333 
17 0 0.002565 
18 0 0.00420583333333333 
19 0 0.005985 
20 0 0.0072225 
21 0 0.00823833333333333 
22 0 0.009055 
23 0 0.00961333333333333 
24 0 0.00980166666666667 
25 0 0.00984166666666667 
26 0 0.00989833333333333 
27 0 0.00982083333333333 
28 0 0.00937666666666667 
29 0 0.00923166666666667 
30 0 0.00794083333333333 
31 0 0.00715 
32 0 0.00625833333333333 
33 0 0.0052975 
34 0 0.0043425 
35 0 0.003475 
36 0 0.00277166666666667 
37 0 0.0021925 
38 0 0.00159166666666667 
39 0 0.00123833333333333 
40 0 0.000831666666666667 
41 0 0.000608333333333333 
42 0 0.000420833333333333 
43 0 0.000289166666666667 
44 0 0.000159166666666667 
45 0 0.0000883333333333333 
46 0 0.00005 
47 0 0.0000225 
48 0 0.0000116666666666667 
49 0 0.000005 
50 0 0.00000166666666666667 
51 0 0 
52 0 0 
53 0 0 
54 0 0 
55 0 0 
56 0 0 
111 0 0 
