** Period (Monthly) Age-Specific Fertility Rates for USA in 1960 
* Retrieved from the Human Fertility Database, www.humanfertility.org 
* Max Planck Institute for Demographic Research (Germany) and 
* Vienna Institute of Demography (Austria) 
* Data downloaded on  04 Apr 2023 20:02:36 CEST 
** NB: The original HFD annual rates have been converted into monthly rates 
** The open age interval (55+) is limited to one year [55-56) 

birth 1 F single 0 
12 0 0 
13 0 0 
14 0 0.0000216666666666667 
15 0 0.000371666666666667 
16 0 0.00119333333333333 
17 0 0.00329083333333333 
18 0 0.0063825 
19 0 0.01088 
20 0 0.0165791666666667 
21 0 0.0196341666666667 
22 0 0.0214775 
23 0 0.0222383333333333 
24 0 0.0220491666666667 
25 0 0.0211866666666667 
26 0 0.0200108333333333 
27 0 0.0180966666666667 
28 0 0.0162066666666667 
29 0 0.0149325 
30 0 0.0134941666666667 
31 0 0.0123558333333333 
32 0 0.0102041666666667 
33 0 0.00947083333333333 
34 0 0.00818166666666667 
35 0 0.00719833333333333 
36 0 0.0064375 
37 0 0.00544666666666667 
38 0 0.00444916666666667 
39 0 0.0039375 
40 0 0.00317833333333333 
41 0 0.0023975 
42 0 0.001585 
43 0 0.00118916666666667 
44 0 0.000746666666666667 
45 0 0.000405 
46 0 0.000213333333333333 
47 0 0.0000933333333333333 
48 0 0.0000408333333333333 
49 0 0.0000158333333333333 
50 0 0.0000075 
51 0 0.000005 
52 0 0.00000333333333333333 
53 0 0.00000166666666666667 
54 0 0.000000833333333333333 
55 0 0 
56 0 0 
111 0 0 

birth 1 F married 0 
12 0 0 
13 0 0 
14 0 0.0000216666666666667 
15 0 0.000371666666666667 
16 0 0.00119333333333333 
17 0 0.00329083333333333 
18 0 0.0063825 
19 0 0.01088 
20 0 0.0165791666666667 
21 0 0.0196341666666667 
22 0 0.0214775 
23 0 0.0222383333333333 
24 0 0.0220491666666667 
25 0 0.0211866666666667 
26 0 0.0200108333333333 
27 0 0.0180966666666667 
28 0 0.0162066666666667 
29 0 0.0149325 
30 0 0.0134941666666667 
31 0 0.0123558333333333 
32 0 0.0102041666666667 
33 0 0.00947083333333333 
34 0 0.00818166666666667 
35 0 0.00719833333333333 
36 0 0.0064375 
37 0 0.00544666666666667 
38 0 0.00444916666666667 
39 0 0.0039375 
40 0 0.00317833333333333 
41 0 0.0023975 
42 0 0.001585 
43 0 0.00118916666666667 
44 0 0.000746666666666667 
45 0 0.000405 
46 0 0.000213333333333333 
47 0 0.0000933333333333333 
48 0 0.0000408333333333333 
49 0 0.0000158333333333333 
50 0 0.0000075 
51 0 0.000005 
52 0 0.00000333333333333333 
53 0 0.00000166666666666667 
54 0 0.000000833333333333333 
55 0 0 
56 0 0 
111 0 0 
