** Period (Monthly) Age-Specific Fertility Rates for USA in 1980 
* Retrieved from the Human Fertility Database, www.humanfertility.org 
* Max Planck Institute for Demographic Research (Germany) and 
* Vienna Institute of Demography (Austria) 
* Data downloaded on  30 Mar 2023 19:31:06 CEST 
** NB: The original HFD annual rates have been converted into monthly rates 
** The open age interval (55+) is limited to one year [55-56) 

birth 1 F single 0 
12 0 0 
13 0 0.0000133333333333333 
14 0 0.0000758333333333333 
15 0 0.000373333333333333 
16 0 0.00120166666666667 
17 0 0.00259666666666667 
18 0 0.00430833333333333 
19 0 0.00612666666666667 
20 0 0.00753166666666667 
21 0 0.00858916666666667 
22 0 0.00932083333333333 
23 0 0.00975333333333333 
24 0 0.0101241666666667 
25 0 0.0101066666666667 
26 0 0.0101466666666667 
27 0 0.00998583333333333 
28 0 0.00945 
29 0 0.00926166666666667 
30 0 0.00785916666666667 
31 0 0.00694166666666667 
32 0 0.00597916666666667 
33 0 0.00497666666666667 
34 0 0.004045 
35 0 0.00326333333333333 
36 0 0.00256 
37 0 0.0020125 
38 0 0.0014925 
39 0 0.00118583333333333 
40 0 0.000849166666666667 
41 0 0.000605833333333333 
42 0 0.000413333333333333 
43 0 0.000289166666666667 
44 0 0.000169166666666667 
45 0 0.0000966666666666667 
46 0 0.0000491666666666667 
47 0 0.0000225 
48 0 0.00001 
49 0 0.000005 
50 0 0.00000166666666666667 
51 0 0 
52 0 0 
53 0 0 
54 0 0 
55 0 0 
56 0 0 
111 0 0 

birth 1 F married 0 
12 0 0 
13 0 0.0000133333333333333 
14 0 0.0000758333333333333 
15 0 0.000373333333333333 
16 0 0.00120166666666667 
17 0 0.00259666666666667 
18 0 0.00430833333333333 
19 0 0.00612666666666667 
20 0 0.00753166666666667 
21 0 0.00858916666666667 
22 0 0.00932083333333333 
23 0 0.00975333333333333 
24 0 0.0101241666666667 
25 0 0.0101066666666667 
26 0 0.0101466666666667 
27 0 0.00998583333333333 
28 0 0.00945 
29 0 0.00926166666666667 
30 0 0.00785916666666667 
31 0 0.00694166666666667 
32 0 0.00597916666666667 
33 0 0.00497666666666667 
34 0 0.004045 
35 0 0.00326333333333333 
36 0 0.00256 
37 0 0.0020125 
38 0 0.0014925 
39 0 0.00118583333333333 
40 0 0.000849166666666667 
41 0 0.000605833333333333 
42 0 0.000413333333333333 
43 0 0.000289166666666667 
44 0 0.000169166666666667 
45 0 0.0000966666666666667 
46 0 0.0000491666666666667 
47 0 0.0000225 
48 0 0.00001 
49 0 0.000005 
50 0 0.00000166666666666667 
51 0 0 
52 0 0 
53 0 0 
54 0 0 
55 0 0 
56 0 0 
111 0 0 
