** Period (Monthly) Age-Specific Fertility Rates for USA in 1972 
* Retrieved from the Human Fertility Database, www.humanfertility.org 
* Max Planck Institute for Demographic Research (Germany) and 
* Vienna Institute of Demography (Austria) 
* Data downloaded on  31 Mrz 2023 12:08:14 CEST 
** NB: The original HFD annual rates have been converted into monthly rates 
** The open age interval (55+) is limited to one year [55-56) 

birth 1 F single 0 
12 0 0 
13 0 0.0000116666666666667 
14 0 0.0000775 
15 0 0.000394166666666667 
16 0 0.00135583333333333 
17 0 0.00317916666666667 
18 0 0.00530833333333333 
19 0 0.0073425 
20 0 0.00883666666666667 
21 0 0.00963916666666667 
22 0 0.0104675 
23 0 0.0110866666666667 
24 0 0.0116275 
25 0 0.01145 
26 0 0.0113616666666667 
27 0 0.0109966666666667 
28 0 0.0098475 
29 0 0.00895833333333333 
30 0 0.00779333333333333 
31 0 0.00652916666666667 
32 0 0.00567083333333333 
33 0 0.0048625 
34 0 0.0040825 
35 0 0.00340083333333333 
36 0 0.00284166666666667 
37 0 0.002475 
38 0 0.00204666666666667 
39 0 0.0016625 
40 0 0.00129 
41 0 0.000965 
42 0 0.0006775 
43 0 0.000493333333333333 
44 0 0.000294166666666667 
45 0 0.000169166666666667 
46 0 0.000085 
47 0 0.0000416666666666667 
48 0 0.0000175 
49 0 0.0000075 
50 0 0.00000333333333333333 
51 0 0 
52 0 0 
53 0 0 
54 0 0 
55 0 0 
56 0 0 
111 0 0 

birth 1 F married 0 
12 0 0 
13 0 0.0000116666666666667 
14 0 0.0000775 
15 0 0.000394166666666667 
16 0 0.00135583333333333 
17 0 0.00317916666666667 
18 0 0.00530833333333333 
19 0 0.0073425 
20 0 0.00883666666666667 
21 0 0.00963916666666667 
22 0 0.0104675 
23 0 0.0110866666666667 
24 0 0.0116275 
25 0 0.01145 
26 0 0.0113616666666667 
27 0 0.0109966666666667 
28 0 0.0098475 
29 0 0.00895833333333333 
30 0 0.00779333333333333 
31 0 0.00652916666666667 
32 0 0.00567083333333333 
33 0 0.0048625 
34 0 0.0040825 
35 0 0.00340083333333333 
36 0 0.00284166666666667 
37 0 0.002475 
38 0 0.00204666666666667 
39 0 0.0016625 
40 0 0.00129 
41 0 0.000965 
42 0 0.0006775 
43 0 0.000493333333333333 
44 0 0.000294166666666667 
45 0 0.000169166666666667 
46 0 0.000085 
47 0 0.0000416666666666667 
48 0 0.0000175 
49 0 0.0000075 
50 0 0.00000333333333333333 
51 0 0 
52 0 0 
53 0 0 
54 0 0 
55 0 0 
56 0 0 
111 0 0 
