** Period (Monthly) Age-Specific Fertility Rates for USA in 1998 
* Retrieved from the Human Fertility Database, www.humanfertility.org 
* Max Planck Institute for Demographic Research (Germany) and 
* Vienna Institute of Demography (Austria) 
* Data downloaded on  30 Mar 2023 17:56:06 CEST 
** NB: The original HFD annual rates have been converted into monthly rates 
** The open age interval (55+) is limited to one year [55-56) 

birth 1 F single 0 
12 0 0 
13 0 0.00001 
14 0 0.00007 
15 0 0.000333333333333333 
16 0 0.00106583333333333 
17 0 0.00237083333333333 
18 0 0.00406 
19 0 0.005985 
20 0 0.00754166666666667 
21 0 0.0084275 
22 0 0.00886083333333333 
23 0 0.00934 
24 0 0.0093125 
25 0 0.00924916666666667 
26 0 0.00914083333333333 
27 0 0.0093175 
28 0 0.0091725 
29 0 0.009285 
30 0 0.009015 
31 0 0.00847416666666667 
32 0 0.00808833333333333 
33 0 0.0072 
34 0 0.00643083333333333 
35 0 0.00551333333333333 
36 0 0.0045675 
37 0 0.00376333333333333 
38 0 0.00298333333333333 
39 0 0.00235416666666667 
40 0 0.00171083333333333 
41 0 0.001195 
42 0 0.000820833333333333 
43 0 0.000515833333333333 
44 0 0.000306666666666667 
45 0 0.000163333333333333 
46 0 0.0000783333333333333 
47 0 0.0000375 
48 0 0.0000208333333333333 
49 0 0.00000916666666666667 
50 0 0.00000416666666666667 
51 0 0.0000025 
52 0 0.00000166666666666667 
53 0 0.00000166666666666667 
54 0 0.000000833333333333333 
55 0 0 
56 0 0 
111 0 0 

birth 1 F married 0 
12 0 0 
13 0 0.00001 
14 0 0.00007 
15 0 0.000333333333333333 
16 0 0.00106583333333333 
17 0 0.00237083333333333 
18 0 0.00406 
19 0 0.005985 
20 0 0.00754166666666667 
21 0 0.0084275 
22 0 0.00886083333333333 
23 0 0.00934 
24 0 0.0093125 
25 0 0.00924916666666667 
26 0 0.00914083333333333 
27 0 0.0093175 
28 0 0.0091725 
29 0 0.009285 
30 0 0.009015 
31 0 0.00847416666666667 
32 0 0.00808833333333333 
33 0 0.0072 
34 0 0.00643083333333333 
35 0 0.00551333333333333 
36 0 0.0045675 
37 0 0.00376333333333333 
38 0 0.00298333333333333 
39 0 0.00235416666666667 
40 0 0.00171083333333333 
41 0 0.001195 
42 0 0.000820833333333333 
43 0 0.000515833333333333 
44 0 0.000306666666666667 
45 0 0.000163333333333333 
46 0 0.0000783333333333333 
47 0 0.0000375 
48 0 0.0000208333333333333 
49 0 0.00000916666666666667 
50 0 0.00000416666666666667 
51 0 0.0000025 
52 0 0.00000166666666666667 
53 0 0.00000166666666666667 
54 0 0.000000833333333333333 
55 0 0 
56 0 0 
111 0 0 
