** Period (Monthly) Age-Specific Fertility Rates for USA in 1989 
* Retrieved from the Human Fertility Database, www.humanfertility.org 
* Max Planck Institute for Demographic Research (Germany) and 
* Vienna Institute of Demography (Austria) 
* Data downloaded on  31 Mar 2023 06:10:03 CEST 
** NB: The original HFD annual rates have been converted into monthly rates 
** The open age interval (55+) is limited to one year [55-56) 

birth 1 F single 0 
12 0 0 
13 0 0.0000241666666666667 
14 0 0.000103333333333333 
15 0 0.000470833333333333 
16 0 0.00139583333333333 
17 0 0.0028975 
18 0 0.00459583333333333 
19 0 0.00642166666666667 
20 0 0.00767666666666667 
21 0 0.00847083333333333 
22 0 0.00923166666666667 
23 0 0.0097125 
24 0 0.00990666666666667 
25 0 0.009925 
26 0 0.0101825 
27 0 0.0101858333333333 
28 0 0.00993583333333333 
29 0 0.010015 
30 0 0.00880166666666667 
31 0 0.00810416666666667 
32 0 0.00742333333333333 
33 0 0.00645583333333333 
34 0 0.00553833333333333 
35 0 0.00459666666666667 
36 0 0.00381833333333333 
37 0 0.003095 
38 0 0.00236666666666667 
39 0 0.00183083333333333 
40 0 0.0011975 
41 0 0.000838333333333333 
42 0 0.000554166666666667 
43 0 0.0003375 
44 0 0.000201666666666667 
45 0 0.0001025 
46 0 0.0000491666666666667 
47 0 0.0000216666666666667 
48 0 0.0000116666666666667 
49 0 0.0000075 
50 0 0.00000333333333333333 
51 0 0 
52 0 0 
53 0 0 
54 0 0 
55 0 0 
56 0 0 
111 0 0 

birth 1 F married 0 
12 0 0 
13 0 0.0000241666666666667 
14 0 0.000103333333333333 
15 0 0.000470833333333333 
16 0 0.00139583333333333 
17 0 0.0028975 
18 0 0.00459583333333333 
19 0 0.00642166666666667 
20 0 0.00767666666666667 
21 0 0.00847083333333333 
22 0 0.00923166666666667 
23 0 0.0097125 
24 0 0.00990666666666667 
25 0 0.009925 
26 0 0.0101825 
27 0 0.0101858333333333 
28 0 0.00993583333333333 
29 0 0.010015 
30 0 0.00880166666666667 
31 0 0.00810416666666667 
32 0 0.00742333333333333 
33 0 0.00645583333333333 
34 0 0.00553833333333333 
35 0 0.00459666666666667 
36 0 0.00381833333333333 
37 0 0.003095 
38 0 0.00236666666666667 
39 0 0.00183083333333333 
40 0 0.0011975 
41 0 0.000838333333333333 
42 0 0.000554166666666667 
43 0 0.0003375 
44 0 0.000201666666666667 
45 0 0.0001025 
46 0 0.0000491666666666667 
47 0 0.0000216666666666667 
48 0 0.0000116666666666667 
49 0 0.0000075 
50 0 0.00000333333333333333 
51 0 0 
52 0 0 
53 0 0 
54 0 0 
55 0 0 
56 0 0 
111 0 0 
