** Period (Monthly) Age-Specific Fertility Rates for USA in 2008 
* Retrieved from the Human Fertility Database, www.humanfertility.org 
* Max Planck Institute for Demographic Research (Germany) and 
* Vienna Institute of Demography (Austria) 
* Data downloaded on  03 Apr 2023 22:47:28 CEST 
** NB: The original HFD annual rates have been converted into monthly rates 
** The open age interval (55+) is limited to one year [55-56) 

birth 1 F single 0 
12 0 0 
13 0 0.00000583333333333333 
14 0 0.0000358333333333333 
15 0 0.0001925 
16 0 0.0006775 
17 0 0.0016125 
18 0 0.00296 
19 0 0.00471666666666667 
20 0 0.00668416666666667 
21 0 0.007745 
22 0 0.00806416666666667 
23 0 0.008645 
24 0 0.00884 
25 0 0.00911916666666667 
26 0 0.00929 
27 0 0.0095125 
28 0 0.00950833333333333 
29 0 0.009795 
30 0 0.00989416666666667 
31 0 0.00956833333333333 
32 0 0.00927333333333333 
33 0 0.00831333333333333 
34 0 0.00747583333333333 
35 0 0.006695 
36 0 0.00571833333333333 
37 0 0.004785 
38 0 0.00382583333333333 
39 0 0.00303416666666667 
40 0 0.00232083333333333 
41 0 0.0016975 
42 0 0.00113666666666667 
43 0 0.000713333333333333 
44 0 0.000426666666666667 
45 0 0.000235833333333333 
46 0 0.000125833333333333 
47 0 0.000065 
48 0 0.0000341666666666667 
49 0 0.0000208333333333333 
50 0 0.0000116666666666667 
51 0 0.00001 
52 0 0.00000583333333333333 
53 0 0.0000025 
54 0 0.000000833333333333333 
55 0 0 
56 0 0 
111 0 0 

birth 1 F married 0 
12 0 0 
13 0 0.00000583333333333333 
14 0 0.0000358333333333333 
15 0 0.0001925 
16 0 0.0006775 
17 0 0.0016125 
18 0 0.00296 
19 0 0.00471666666666667 
20 0 0.00668416666666667 
21 0 0.007745 
22 0 0.00806416666666667 
23 0 0.008645 
24 0 0.00884 
25 0 0.00911916666666667 
26 0 0.00929 
27 0 0.0095125 
28 0 0.00950833333333333 
29 0 0.009795 
30 0 0.00989416666666667 
31 0 0.00956833333333333 
32 0 0.00927333333333333 
33 0 0.00831333333333333 
34 0 0.00747583333333333 
35 0 0.006695 
36 0 0.00571833333333333 
37 0 0.004785 
38 0 0.00382583333333333 
39 0 0.00303416666666667 
40 0 0.00232083333333333 
41 0 0.0016975 
42 0 0.00113666666666667 
43 0 0.000713333333333333 
44 0 0.000426666666666667 
45 0 0.000235833333333333 
46 0 0.000125833333333333 
47 0 0.000065 
48 0 0.0000341666666666667 
49 0 0.0000208333333333333 
50 0 0.0000116666666666667 
51 0 0.00001 
52 0 0.00000583333333333333 
53 0 0.0000025 
54 0 0.000000833333333333333 
55 0 0 
56 0 0 
111 0 0 
