** Period (Monthly) Age-Specific Fertility Rates for USA in 1935 
* Retrieved from the Human Fertility Database, www.humanfertility.org 
* Max Planck Institute for Demographic Research (Germany) and 
* Vienna Institute of Demography (Austria) 
* Data downloaded on  30 Mar 2023 17:56:04 CEST 
** NB: The original HFD annual rates have been converted into monthly rates 
** The open age interval (55+) is limited to one year [55-56) 

birth 1 F single 0 
12 0 0 
13 0 0.00000166666666666667 
14 0 0.0000366666666666667 
15 0 0.000174166666666667 
16 0 0.000643333333333333 
17 0 0.001705 
18 0 0.00342333333333333 
19 0 0.00579416666666667 
20 0 0.00765583333333333 
21 0 0.00898833333333333 
22 0 0.0095175 
23 0 0.00992916666666667 
24 0 0.0100183333333333 
25 0 0.009815 
26 0 0.00971333333333333 
27 0 0.00911333333333333 
28 0 0.00875583333333333 
29 0 0.00867583333333333 
30 0 0.00773 
31 0 0.00767666666666667 
32 0 0.0059875 
33 0 0.00615666666666667 
34 0 0.005285 
35 0 0.00528 
36 0 0.00541083333333333 
37 0 0.00410166666666667 
38 0 0.00369083333333333 
39 0 0.00373416666666667 
40 0 0.00297666666666667 
41 0 0.00244666666666667 
42 0 0.00154916666666667 
43 0 0.00147 
44 0 0.00097 
45 0 0.000600833333333333 
46 0 0.000385833333333333 
47 0 0.000185 
48 0 0.0001025 
49 0 0.0000591666666666667 
50 0 0.0000316666666666667 
51 0 0.00001 
52 0 0.0000025 
53 0 0.0000025 
54 0 0.0000025 
55 0 0.00000166666666666667 
56 0 0 
111 0 0 

birth 1 F married 0 
12 0 0 
13 0 0.00000166666666666667 
14 0 0.0000366666666666667 
15 0 0.000174166666666667 
16 0 0.000643333333333333 
17 0 0.001705 
18 0 0.00342333333333333 
19 0 0.00579416666666667 
20 0 0.00765583333333333 
21 0 0.00898833333333333 
22 0 0.0095175 
23 0 0.00992916666666667 
24 0 0.0100183333333333 
25 0 0.009815 
26 0 0.00971333333333333 
27 0 0.00911333333333333 
28 0 0.00875583333333333 
29 0 0.00867583333333333 
30 0 0.00773 
31 0 0.00767666666666667 
32 0 0.0059875 
33 0 0.00615666666666667 
34 0 0.005285 
35 0 0.00528 
36 0 0.00541083333333333 
37 0 0.00410166666666667 
38 0 0.00369083333333333 
39 0 0.00373416666666667 
40 0 0.00297666666666667 
41 0 0.00244666666666667 
42 0 0.00154916666666667 
43 0 0.00147 
44 0 0.00097 
45 0 0.000600833333333333 
46 0 0.000385833333333333 
47 0 0.000185 
48 0 0.0001025 
49 0 0.0000591666666666667 
50 0 0.0000316666666666667 
51 0 0.00001 
52 0 0.0000025 
53 0 0.0000025 
54 0 0.0000025 
55 0 0.00000166666666666667 
56 0 0 
111 0 0 
