** Period (Monthly) Age-Specific Fertility Rates for USA in 1969 
* Retrieved from the Human Fertility Database, www.humanfertility.org 
* Max Planck Institute for Demographic Research (Germany) and 
* Vienna Institute of Demography (Austria) 
* Data downloaded on  16 Aug 2023 13:36:10 CEST 
** NB: The original HFD annual rates have been converted into monthly rates 
** The open age interval (55+) is limited to one year [55-56) 

birth 1 F single 0 
12 0 0 
13 0 0.0000141666666666667 
14 0 0.0000675 
15 0 0.0003575 
16 0 0.00114416666666667 
17 0 0.00280666666666667 
18 0 0.005095 
19 0 0.00794 
20 0 0.0107625 
21 0 0.0121741666666667 
22 0 0.0136741666666667 
23 0 0.0143808333333333 
24 0 0.0148816666666667 
25 0 0.0142 
26 0 0.0140191666666667 
27 0 0.01333 
28 0 0.0118566666666667 
29 0 0.0106175 
30 0 0.0092625 
31 0 0.00776083333333333 
32 0 0.00691083333333333 
33 0 0.00605 
34 0 0.00518166666666667 
35 0 0.0045 
36 0 0.00390916666666667 
37 0 0.00319 
38 0 0.002665 
39 0 0.00226833333333333 
40 0 0.00184333333333333 
41 0 0.00134416666666667 
42 0 0.000950833333333333 
43 0 0.00068 
44 0 0.000440833333333333 
45 0 0.000256666666666667 
46 0 0.000125 
47 0 0.0000541666666666667 
48 0 0.0000258333333333333 
49 0 0.0000141666666666667 
50 0 0.000005 
51 0 0 
52 0 0 
53 0 0 
54 0 0 
55 0 0 
56 0 0 
111 0 0 

birth 1 F married 0 
12 0 0 
13 0 0.0000141666666666667 
14 0 0.0000675 
15 0 0.0003575 
16 0 0.00114416666666667 
17 0 0.00280666666666667 
18 0 0.005095 
19 0 0.00794 
20 0 0.0107625 
21 0 0.0121741666666667 
22 0 0.0136741666666667 
23 0 0.0143808333333333 
24 0 0.0148816666666667 
25 0 0.0142 
26 0 0.0140191666666667 
27 0 0.01333 
28 0 0.0118566666666667 
29 0 0.0106175 
30 0 0.0092625 
31 0 0.00776083333333333 
32 0 0.00691083333333333 
33 0 0.00605 
34 0 0.00518166666666667 
35 0 0.0045 
36 0 0.00390916666666667 
37 0 0.00319 
38 0 0.002665 
39 0 0.00226833333333333 
40 0 0.00184333333333333 
41 0 0.00134416666666667 
42 0 0.000950833333333333 
43 0 0.00068 
44 0 0.000440833333333333 
45 0 0.000256666666666667 
46 0 0.000125 
47 0 0.0000541666666666667 
48 0 0.0000258333333333333 
49 0 0.0000141666666666667 
50 0 0.000005 
51 0 0 
52 0 0 
53 0 0 
54 0 0 
55 0 0 
56 0 0 
111 0 0 
