** Period (Monthly) Age-Specific Fertility Rates for USA in 2013 
* Retrieved from the Human Fertility Database, www.humanfertility.org 
* Max Planck Institute for Demographic Research (Germany) and 
* Vienna Institute of Demography (Austria) 
* Data downloaded on  03 Apr 2023 21:14:36 CEST 
** NB: The original HFD annual rates have been converted into monthly rates 
** The open age interval (55+) is limited to one year [55-56) 

birth 1 F single 0 
12 0 0 
13 0 0.0000025 
14 0 0.0000183333333333333 
15 0 0.000105 
16 0 0.000386666666666667 
17 0 0.000921666666666667 
18 0 0.0017425 
19 0 0.00303583333333333 
20 0 0.0047825 
21 0 0.005795 
22 0 0.006265 
23 0 0.0068075 
24 0 0.007125 
25 0 0.00755166666666667 
26 0 0.00805583333333333 
27 0 0.00843666666666667 
28 0 0.00885916666666667 
29 0 0.0091225 
30 0 0.00935583333333333 
31 0 0.00923916666666667 
32 0 0.00898583333333333 
33 0 0.00826166666666667 
34 0 0.00748916666666667 
35 0 0.00672666666666667 
36 0 0.00596 
37 0 0.00494166666666667 
38 0 0.00399 
39 0 0.00312333333333333 
40 0 0.0024175 
41 0 0.00174833333333333 
42 0 0.0012025 
43 0 0.000755833333333333 
44 0 0.000459166666666667 
45 0 0.000255833333333333 
46 0 0.00015 
47 0 0.0000758333333333333 
48 0 0.0000383333333333333 
49 0 0.0000216666666666667 
50 0 0.0000141666666666667 
51 0 0.0000125 
52 0 0.0000075 
53 0 0.00000333333333333333 
54 0 0.000000833333333333333 
55 0 0 
56 0 0 
111 0 0 

birth 1 F married 0 
12 0 0 
13 0 0.0000025 
14 0 0.0000183333333333333 
15 0 0.000105 
16 0 0.000386666666666667 
17 0 0.000921666666666667 
18 0 0.0017425 
19 0 0.00303583333333333 
20 0 0.0047825 
21 0 0.005795 
22 0 0.006265 
23 0 0.0068075 
24 0 0.007125 
25 0 0.00755166666666667 
26 0 0.00805583333333333 
27 0 0.00843666666666667 
28 0 0.00885916666666667 
29 0 0.0091225 
30 0 0.00935583333333333 
31 0 0.00923916666666667 
32 0 0.00898583333333333 
33 0 0.00826166666666667 
34 0 0.00748916666666667 
35 0 0.00672666666666667 
36 0 0.00596 
37 0 0.00494166666666667 
38 0 0.00399 
39 0 0.00312333333333333 
40 0 0.0024175 
41 0 0.00174833333333333 
42 0 0.0012025 
43 0 0.000755833333333333 
44 0 0.000459166666666667 
45 0 0.000255833333333333 
46 0 0.00015 
47 0 0.0000758333333333333 
48 0 0.0000383333333333333 
49 0 0.0000216666666666667 
50 0 0.0000141666666666667 
51 0 0.0000125 
52 0 0.0000075 
53 0 0.00000333333333333333 
54 0 0.000000833333333333333 
55 0 0 
56 0 0 
111 0 0 
