** Period (Monthly) Age-Specific Fertility Rates for USA in 1958 
* Retrieved from the Human Fertility Database, www.humanfertility.org 
* Max Planck Institute for Demographic Research (Germany) and 
* Vienna Institute of Demography (Austria) 
* Data downloaded on  04 Apr 2023 20:02:36 CEST 
** NB: The original HFD annual rates have been converted into monthly rates 
** The open age interval (55+) is limited to one year [55-56) 

birth 1 F single 0 
12 0 0 
13 0 0 
14 0 0.0000241666666666667 
15 0 0.000375833333333333 
16 0 0.00115416666666667 
17 0 0.0033925 
18 0 0.00699583333333333 
19 0 0.0116208333333333 
20 0 0.0167833333333333 
21 0 0.0197608333333333 
22 0 0.0212683333333333 
23 0 0.02217 
24 0 0.0221558333333333 
25 0 0.0210825 
26 0 0.0198058333333333 
27 0 0.0178566666666667 
28 0 0.0160916666666667 
29 0 0.0150275 
30 0 0.0133141666666667 
31 0 0.0122958333333333 
32 0 0.0103533333333333 
33 0 0.00964583333333333 
34 0 0.00841666666666667 
35 0 0.00743916666666667 
36 0 0.00639083333333333 
37 0 0.0054375 
38 0 0.00464 
39 0 0.00418583333333333 
40 0 0.00305083333333333 
41 0 0.00239 
42 0 0.00158 
43 0 0.00118583333333333 
44 0 0.000746666666666667 
45 0 0.000420833333333333 
46 0 0.000213333333333333 
47 0 0.0000933333333333333 
48 0 0.0000466666666666667 
49 0 0.00002 
50 0 0.0000075 
51 0 0.00000333333333333333 
52 0 0.0000025 
53 0 0.00000166666666666667 
54 0 0.000000833333333333333 
55 0 0 
56 0 0 
111 0 0 

birth 1 F married 0 
12 0 0 
13 0 0 
14 0 0.0000241666666666667 
15 0 0.000375833333333333 
16 0 0.00115416666666667 
17 0 0.0033925 
18 0 0.00699583333333333 
19 0 0.0116208333333333 
20 0 0.0167833333333333 
21 0 0.0197608333333333 
22 0 0.0212683333333333 
23 0 0.02217 
24 0 0.0221558333333333 
25 0 0.0210825 
26 0 0.0198058333333333 
27 0 0.0178566666666667 
28 0 0.0160916666666667 
29 0 0.0150275 
30 0 0.0133141666666667 
31 0 0.0122958333333333 
32 0 0.0103533333333333 
33 0 0.00964583333333333 
34 0 0.00841666666666667 
35 0 0.00743916666666667 
36 0 0.00639083333333333 
37 0 0.0054375 
38 0 0.00464 
39 0 0.00418583333333333 
40 0 0.00305083333333333 
41 0 0.00239 
42 0 0.00158 
43 0 0.00118583333333333 
44 0 0.000746666666666667 
45 0 0.000420833333333333 
46 0 0.000213333333333333 
47 0 0.0000933333333333333 
48 0 0.0000466666666666667 
49 0 0.00002 
50 0 0.0000075 
51 0 0.00000333333333333333 
52 0 0.0000025 
53 0 0.00000166666666666667 
54 0 0.000000833333333333333 
55 0 0 
56 0 0 
111 0 0 
