** Period (Monthly) Age-Specific Fertility Rates for USA in 1975 
* Retrieved from the Human Fertility Database, www.humanfertility.org 
* Max Planck Institute for Demographic Research (Germany) and 
* Vienna Institute of Demography (Austria) 
* Data downloaded on  04 Apr 2023 20:02:37 CEST 
** NB: The original HFD annual rates have been converted into monthly rates 
** The open age interval (55+) is limited to one year [55-56) 

birth 1 F single 0 
12 0 0 
13 0 0.0000125 
14 0 0.0000841666666666667 
15 0 0.000405 
16 0 0.00133166666666667 
17 0 0.00294583333333333 
18 0 0.00475416666666667 
19 0 0.0064875 
20 0 0.00768083333333333 
21 0 0.00842416666666667 
22 0 0.009165 
23 0 0.00964333333333333 
24 0 0.0100808333333333 
25 0 0.00995916666666667 
26 0 0.0100858333333333 
27 0 0.00981666666666667 
28 0 0.00917166666666667 
29 0 0.00843833333333333 
30 0 0.00720833333333333 
31 0 0.00592833333333333 
32 0 0.00507666666666667 
33 0 0.00425416666666667 
34 0 0.003505 
35 0 0.00287083333333333 
36 0 0.00240416666666667 
37 0 0.0018675 
38 0 0.00154 
39 0 0.0012725 
40 0 0.0009525 
41 0 0.0007275 
42 0 0.000494166666666667 
43 0 0.000340833333333333 
44 0 0.000223333333333333 
45 0 0.000131666666666667 
46 0 0.0000641666666666667 
47 0 0.0000283333333333333 
48 0 0.0000133333333333333 
49 0 0.000005 
50 0 0.00000166666666666667 
51 0 0 
52 0 0 
53 0 0 
54 0 0 
55 0 0 
56 0 0 
111 0 0 

birth 1 F married 0 
12 0 0 
13 0 0.0000125 
14 0 0.0000841666666666667 
15 0 0.000405 
16 0 0.00133166666666667 
17 0 0.00294583333333333 
18 0 0.00475416666666667 
19 0 0.0064875 
20 0 0.00768083333333333 
21 0 0.00842416666666667 
22 0 0.009165 
23 0 0.00964333333333333 
24 0 0.0100808333333333 
25 0 0.00995916666666667 
26 0 0.0100858333333333 
27 0 0.00981666666666667 
28 0 0.00917166666666667 
29 0 0.00843833333333333 
30 0 0.00720833333333333 
31 0 0.00592833333333333 
32 0 0.00507666666666667 
33 0 0.00425416666666667 
34 0 0.003505 
35 0 0.00287083333333333 
36 0 0.00240416666666667 
37 0 0.0018675 
38 0 0.00154 
39 0 0.0012725 
40 0 0.0009525 
41 0 0.0007275 
42 0 0.000494166666666667 
43 0 0.000340833333333333 
44 0 0.000223333333333333 
45 0 0.000131666666666667 
46 0 0.0000641666666666667 
47 0 0.0000283333333333333 
48 0 0.0000133333333333333 
49 0 0.000005 
50 0 0.00000166666666666667 
51 0 0 
52 0 0 
53 0 0 
54 0 0 
55 0 0 
56 0 0 
111 0 0 
