** Period (Monthly) Age-Specific Fertility Rates for USA in 1955 
* Retrieved from the Human Fertility Database, www.humanfertility.org 
* Max Planck Institute for Demographic Research (Germany) and 
* Vienna Institute of Demography (Austria) 
* Data downloaded on  02 Apr 2023 10:04:55 PDT 
** NB: The original HFD annual rates have been converted into monthly rates 
** The open age interval (55+) is limited to one year [55-56) 

birth 1 F single 0 
12 0 0 
13 0 0 
14 0 0.0000225 
15 0 0.000380833333333333 
16 0 0.0012325 
17 0 0.003365 
18 0 0.00667166666666667 
19 0 0.0108016666666667 
20 0 0.0155675 
21 0 0.0185341666666667 
22 0 0.020125 
23 0 0.0207183333333333 
24 0 0.0205258333333333 
25 0 0.0195433333333333 
26 0 0.0187541666666667 
27 0 0.0165975 
28 0 0.0153333333333333 
29 0 0.0147475 
30 0 0.0132183333333333 
31 0 0.012175 
32 0 0.0103358333333333 
33 0 0.00963666666666667 
34 0 0.00834833333333333 
35 0 0.00748 
36 0 0.006645 
37 0 0.00535416666666667 
38 0 0.00466916666666667 
39 0 0.00397083333333333 
40 0 0.00321083333333333 
41 0 0.00242416666666667 
42 0 0.00162416666666667 
43 0 0.00123333333333333 
44 0 0.00076 
45 0 0.000425 
46 0 0.000229166666666667 
47 0 0.000095 
48 0 0.0000441666666666667 
49 0 0.00002 
50 0 0.00001 
51 0 0.00000416666666666667 
52 0 0.0000025 
53 0 0.00000166666666666667 
54 0 0.000000833333333333333 
55 0 0 
56 0 0 
111 0 0 

birth 1 F married 0 
12 0 0 
13 0 0 
14 0 0.0000225 
15 0 0.000380833333333333 
16 0 0.0012325 
17 0 0.003365 
18 0 0.00667166666666667 
19 0 0.0108016666666667 
20 0 0.0155675 
21 0 0.0185341666666667 
22 0 0.020125 
23 0 0.0207183333333333 
24 0 0.0205258333333333 
25 0 0.0195433333333333 
26 0 0.0187541666666667 
27 0 0.0165975 
28 0 0.0153333333333333 
29 0 0.0147475 
30 0 0.0132183333333333 
31 0 0.012175 
32 0 0.0103358333333333 
33 0 0.00963666666666667 
34 0 0.00834833333333333 
35 0 0.00748 
36 0 0.006645 
37 0 0.00535416666666667 
38 0 0.00466916666666667 
39 0 0.00397083333333333 
40 0 0.00321083333333333 
41 0 0.00242416666666667 
42 0 0.00162416666666667 
43 0 0.00123333333333333 
44 0 0.00076 
45 0 0.000425 
46 0 0.000229166666666667 
47 0 0.000095 
48 0 0.0000441666666666667 
49 0 0.00002 
50 0 0.00001 
51 0 0.00000416666666666667 
52 0 0.0000025 
53 0 0.00000166666666666667 
54 0 0.000000833333333333333 
55 0 0 
56 0 0 
111 0 0 
