** Period (Monthly) Age-Specific Fertility Rates for USA in 1961 
* Retrieved from the Human Fertility Database, www.humanfertility.org 
* Max Planck Institute for Demographic Research (Germany) and 
* Vienna Institute of Demography (Austria) 
* Data downloaded on  30 Mar 2023 17:42:57 CEST 
** NB: The original HFD annual rates have been converted into monthly rates 
** The open age interval (55+) is limited to one year [55-56) 

birth 1 F single 0 
12 0 0 
13 0 0 
14 0 0.00002 
15 0 0.000325 
16 0 0.0011525 
17 0 0.00327833333333333 
18 0 0.00638833333333333 
19 0 0.0104675 
20 0 0.0159975 
21 0 0.01919 
22 0 0.0211816666666667 
23 0 0.0217875 
24 0 0.0219533333333333 
25 0 0.0208075 
26 0 0.0196283333333333 
27 0 0.01812 
28 0 0.016285 
29 0 0.0147925 
30 0 0.0133908333333333 
31 0 0.0120475 
32 0 0.010705 
33 0 0.00926083333333333 
34 0 0.00827083333333333 
35 0 0.0071275 
36 0 0.00629166666666667 
37 0 0.00545 
38 0 0.00454333333333333 
39 0 0.00383416666666667 
40 0 0.00310833333333333 
41 0 0.00240166666666667 
42 0 0.00167666666666667 
43 0 0.001145 
44 0 0.0007475 
45 0 0.000413333333333333 
46 0 0.000215 
47 0 0.0000941666666666667 
48 0 0.0000366666666666667 
49 0 0.00002 
50 0 0.0000075 
51 0 0.000005 
52 0 0.00000333333333333333 
53 0 0.00000166666666666667 
54 0 0.000000833333333333333 
55 0 0 
56 0 0 
111 0 0 

birth 1 F married 0 
12 0 0 
13 0 0 
14 0 0.00002 
15 0 0.000325 
16 0 0.0011525 
17 0 0.00327833333333333 
18 0 0.00638833333333333 
19 0 0.0104675 
20 0 0.0159975 
21 0 0.01919 
22 0 0.0211816666666667 
23 0 0.0217875 
24 0 0.0219533333333333 
25 0 0.0208075 
26 0 0.0196283333333333 
27 0 0.01812 
28 0 0.016285 
29 0 0.0147925 
30 0 0.0133908333333333 
31 0 0.0120475 
32 0 0.010705 
33 0 0.00926083333333333 
34 0 0.00827083333333333 
35 0 0.0071275 
36 0 0.00629166666666667 
37 0 0.00545 
38 0 0.00454333333333333 
39 0 0.00383416666666667 
40 0 0.00310833333333333 
41 0 0.00240166666666667 
42 0 0.00167666666666667 
43 0 0.001145 
44 0 0.0007475 
45 0 0.000413333333333333 
46 0 0.000215 
47 0 0.0000941666666666667 
48 0 0.0000366666666666667 
49 0 0.00002 
50 0 0.0000075 
51 0 0.000005 
52 0 0.00000333333333333333 
53 0 0.00000166666666666667 
54 0 0.000000833333333333333 
55 0 0 
56 0 0 
111 0 0 
