** Period (Monthly) Age-Specific Fertility Rates for USA in 2004 
* Retrieved from the Human Fertility Database, www.humanfertility.org 
* Max Planck Institute for Demographic Research (Germany) and 
* Vienna Institute of Demography (Austria) 
* Data downloaded on  03 Apr 2023 21:14:35 CEST 
** NB: The original HFD annual rates have been converted into monthly rates 
** The open age interval (55+) is limited to one year [55-56) 

birth 1 F single 0 
12 0 0 
13 0 0.0000075 
14 0 0.0000425 
15 0 0.000216666666666667 
16 0 0.000729166666666667 
17 0 0.0017025 
18 0 0.00303916666666667 
19 0 0.00477833333333333 
20 0 0.00667666666666667 
21 0 0.00770333333333333 
22 0 0.00819166666666667 
23 0 0.0086725 
24 0 0.008725 
25 0 0.00905666666666667 
26 0 0.00923583333333333 
27 0 0.00967666666666667 
28 0 0.00981833333333333 
29 0 0.009875 
30 0 0.00988916666666667 
31 0 0.00944416666666667 
32 0 0.0088875 
33 0 0.00815833333333333 
34 0 0.00732833333333333 
35 0 0.00657416666666667 
36 0 0.00564333333333333 
37 0 0.00469333333333333 
38 0 0.0037275 
39 0 0.00284333333333333 
40 0 0.0021375 
41 0 0.00152833333333333 
42 0 0.00101333333333333 
43 0 0.000643333333333333 
44 0 0.00037 
45 0 0.000209166666666667 
46 0 0.0001075 
47 0 0.0000533333333333333 
48 0 0.0000275 
49 0 0.0000141666666666667 
50 0 0.0000075 
51 0 0.00000666666666666667 
52 0 0.000005 
53 0 0.0000025 
54 0 0.000000833333333333333 
55 0 0 
56 0 0 
111 0 0 

birth 1 F married 0 
12 0 0 
13 0 0.0000075 
14 0 0.0000425 
15 0 0.000216666666666667 
16 0 0.000729166666666667 
17 0 0.0017025 
18 0 0.00303916666666667 
19 0 0.00477833333333333 
20 0 0.00667666666666667 
21 0 0.00770333333333333 
22 0 0.00819166666666667 
23 0 0.0086725 
24 0 0.008725 
25 0 0.00905666666666667 
26 0 0.00923583333333333 
27 0 0.00967666666666667 
28 0 0.00981833333333333 
29 0 0.009875 
30 0 0.00988916666666667 
31 0 0.00944416666666667 
32 0 0.0088875 
33 0 0.00815833333333333 
34 0 0.00732833333333333 
35 0 0.00657416666666667 
36 0 0.00564333333333333 
37 0 0.00469333333333333 
38 0 0.0037275 
39 0 0.00284333333333333 
40 0 0.0021375 
41 0 0.00152833333333333 
42 0 0.00101333333333333 
43 0 0.000643333333333333 
44 0 0.00037 
45 0 0.000209166666666667 
46 0 0.0001075 
47 0 0.0000533333333333333 
48 0 0.0000275 
49 0 0.0000141666666666667 
50 0 0.0000075 
51 0 0.00000666666666666667 
52 0 0.000005 
53 0 0.0000025 
54 0 0.000000833333333333333 
55 0 0 
56 0 0 
111 0 0 
