** Period (Monthly) Age-Specific Fertility Rates for USA in 1964 
* Retrieved from the Human Fertility Database, www.humanfertility.org 
* Max Planck Institute for Demographic Research (Germany) and 
* Vienna Institute of Demography (Austria) 
* Data downloaded on  30 Mar 2023 17:42:58 CEST 
** NB: The original HFD annual rates have been converted into monthly rates 
** The open age interval (55+) is limited to one year [55-56) 

birth 1 F single 0 
12 0 0 
13 0 0 
14 0 0.0000225 
15 0 0.000349166666666667 
16 0 0.00103083333333333 
17 0 0.00281583333333333 
18 0 0.00545916666666667 
19 0 0.00946 
20 0 0.0139058333333333 
21 0 0.0163508333333333 
22 0 0.0181866666666667 
23 0 0.0190475 
24 0 0.01922 
25 0 0.0182858333333333 
26 0 0.0173516666666667 
27 0 0.0161766666666667 
28 0 0.0148283333333333 
29 0 0.0135716666666667 
30 0 0.012335 
31 0 0.010775 
32 0 0.00929 
33 0 0.00872166666666667 
34 0 0.00763 
35 0 0.00674666666666667 
36 0 0.00562083333333333 
37 0 0.0048525 
38 0 0.004115 
39 0 0.003465 
40 0 0.00283166666666667 
41 0 0.00213666666666667 
42 0 0.0014325 
43 0 0.00107833333333333 
44 0 0.000693333333333333 
45 0 0.000385 
46 0 0.000181666666666667 
47 0 0.0000883333333333333 
48 0 0.0000375 
49 0 0.0000166666666666667 
50 0 0.00000583333333333333 
51 0 0 
52 0 0 
53 0 0 
54 0 0 
55 0 0 
56 0 0 
111 0 0 

birth 1 F married 0 
12 0 0 
13 0 0 
14 0 0.0000225 
15 0 0.000349166666666667 
16 0 0.00103083333333333 
17 0 0.00281583333333333 
18 0 0.00545916666666667 
19 0 0.00946 
20 0 0.0139058333333333 
21 0 0.0163508333333333 
22 0 0.0181866666666667 
23 0 0.0190475 
24 0 0.01922 
25 0 0.0182858333333333 
26 0 0.0173516666666667 
27 0 0.0161766666666667 
28 0 0.0148283333333333 
29 0 0.0135716666666667 
30 0 0.012335 
31 0 0.010775 
32 0 0.00929 
33 0 0.00872166666666667 
34 0 0.00763 
35 0 0.00674666666666667 
36 0 0.00562083333333333 
37 0 0.0048525 
38 0 0.004115 
39 0 0.003465 
40 0 0.00283166666666667 
41 0 0.00213666666666667 
42 0 0.0014325 
43 0 0.00107833333333333 
44 0 0.000693333333333333 
45 0 0.000385 
46 0 0.000181666666666667 
47 0 0.0000883333333333333 
48 0 0.0000375 
49 0 0.0000166666666666667 
50 0 0.00000583333333333333 
51 0 0 
52 0 0 
53 0 0 
54 0 0 
55 0 0 
56 0 0 
111 0 0 
