** Period (Monthly) Age-Specific Fertility Rates for USA in 1954 
* Retrieved from the Human Fertility Database, www.humanfertility.org 
* Max Planck Institute for Demographic Research (Germany) and 
* Vienna Institute of Demography (Austria) 
* Data downloaded on  30 Mar 2023 19:31:05 CEST 
** NB: The original HFD annual rates have been converted into monthly rates 
** The open age interval (55+) is limited to one year [55-56) 

birth 1 F single 0 
12 0 0 
13 0 0 
14 0 0.0000258333333333333 
15 0 0.000411666666666667 
16 0 0.00121916666666667 
17 0 0.00338 
18 0 0.00661083333333333 
19 0 0.0108675 
20 0 0.0154716666666667 
21 0 0.0180633333333333 
22 0 0.0195241666666667 
23 0 0.0201133333333333 
24 0 0.01987 
25 0 0.0193091666666667 
26 0 0.0179 
27 0 0.016605 
28 0 0.015325 
29 0 0.0145408333333333 
30 0 0.0133683333333333 
31 0 0.012135 
32 0 0.0101825 
33 0 0.0096875 
34 0 0.0084825 
35 0 0.00755666666666667 
36 0 0.0062775 
37 0 0.0055775 
38 0 0.004545 
39 0 0.00399416666666667 
40 0 0.00318916666666667 
41 0 0.00240583333333333 
42 0 0.001635 
43 0 0.001245 
44 0 0.000769166666666667 
45 0 0.0004325 
46 0 0.000211666666666667 
47 0 0.000108333333333333 
48 0 0.0000475 
49 0 0.0000216666666666667 
50 0 0.0000116666666666667 
51 0 0.00000666666666666667 
52 0 0.00000416666666666667 
53 0 0.0000025 
54 0 0.000000833333333333333 
55 0 0 
56 0 0 
111 0 0 

birth 1 F married 0 
12 0 0 
13 0 0 
14 0 0.0000258333333333333 
15 0 0.000411666666666667 
16 0 0.00121916666666667 
17 0 0.00338 
18 0 0.00661083333333333 
19 0 0.0108675 
20 0 0.0154716666666667 
21 0 0.0180633333333333 
22 0 0.0195241666666667 
23 0 0.0201133333333333 
24 0 0.01987 
25 0 0.0193091666666667 
26 0 0.0179 
27 0 0.016605 
28 0 0.015325 
29 0 0.0145408333333333 
30 0 0.0133683333333333 
31 0 0.012135 
32 0 0.0101825 
33 0 0.0096875 
34 0 0.0084825 
35 0 0.00755666666666667 
36 0 0.0062775 
37 0 0.0055775 
38 0 0.004545 
39 0 0.00399416666666667 
40 0 0.00318916666666667 
41 0 0.00240583333333333 
42 0 0.001635 
43 0 0.001245 
44 0 0.000769166666666667 
45 0 0.0004325 
46 0 0.000211666666666667 
47 0 0.000108333333333333 
48 0 0.0000475 
49 0 0.0000216666666666667 
50 0 0.0000116666666666667 
51 0 0.00000666666666666667 
52 0 0.00000416666666666667 
53 0 0.0000025 
54 0 0.000000833333333333333 
55 0 0 
56 0 0 
111 0 0 
