** Period (Monthly) Age-Specific Fertility Rates for USA in 2009 
* Retrieved from the Human Fertility Database, www.humanfertility.org 
* Max Planck Institute for Demographic Research (Germany) and 
* Vienna Institute of Demography (Austria) 
* Data downloaded on  31 Mar 2023 06:30:39 CEST 
** NB: The original HFD annual rates have been converted into monthly rates 
** The open age interval (55+) is limited to one year [55-56) 

birth 1 F single 0 
12 0 0 
13 0 0.000005 
14 0 0.0000316666666666667 
15 0 0.00017 
16 0 0.0006275 
17 0 0.00148416666666667 
18 0 0.00274666666666667 
19 0 0.0044325 
20 0 0.00627583333333333 
21 0 0.007275 
22 0 0.00766666666666667 
23 0 0.00816083333333333 
24 0 0.00835166666666667 
25 0 0.00859583333333333 
26 0 0.00884333333333333 
27 0 0.0092625 
28 0 0.0093175 
29 0 0.00944833333333333 
30 0 0.0096425 
31 0 0.00919916666666667 
32 0 0.00908416666666667 
33 0 0.00822833333333333 
34 0 0.00739416666666667 
35 0 0.00659166666666667 
36 0 0.00570333333333333 
37 0 0.00472166666666667 
38 0 0.00379583333333333 
39 0 0.00297583333333333 
40 0 0.0023 
41 0 0.00168 
42 0 0.00114583333333333 
43 0 0.000721666666666667 
44 0 0.000421666666666667 
45 0 0.0002425 
46 0 0.000129166666666667 
47 0 0.00007 
48 0 0.0000375 
49 0 0.0000183333333333333 
50 0 0.0000125 
51 0 0.00001 
52 0 0.00000666666666666667 
53 0 0.0000025 
54 0 0.000000833333333333333 
55 0 0 
56 0 0 
111 0 0 

birth 1 F married 0 
12 0 0 
13 0 0.000005 
14 0 0.0000316666666666667 
15 0 0.00017 
16 0 0.0006275 
17 0 0.00148416666666667 
18 0 0.00274666666666667 
19 0 0.0044325 
20 0 0.00627583333333333 
21 0 0.007275 
22 0 0.00766666666666667 
23 0 0.00816083333333333 
24 0 0.00835166666666667 
25 0 0.00859583333333333 
26 0 0.00884333333333333 
27 0 0.0092625 
28 0 0.0093175 
29 0 0.00944833333333333 
30 0 0.0096425 
31 0 0.00919916666666667 
32 0 0.00908416666666667 
33 0 0.00822833333333333 
34 0 0.00739416666666667 
35 0 0.00659166666666667 
36 0 0.00570333333333333 
37 0 0.00472166666666667 
38 0 0.00379583333333333 
39 0 0.00297583333333333 
40 0 0.0023 
41 0 0.00168 
42 0 0.00114583333333333 
43 0 0.000721666666666667 
44 0 0.000421666666666667 
45 0 0.0002425 
46 0 0.000129166666666667 
47 0 0.00007 
48 0 0.0000375 
49 0 0.0000183333333333333 
50 0 0.0000125 
51 0 0.00001 
52 0 0.00000666666666666667 
53 0 0.0000025 
54 0 0.000000833333333333333 
55 0 0 
56 0 0 
111 0 0 
