** Period (Monthly) Age-Specific Fertility Rates for USA in 1948 
* Retrieved from the Human Fertility Database, www.humanfertility.org 
* Max Planck Institute for Demographic Research (Germany) and 
* Vienna Institute of Demography (Austria) 
* Data downloaded on  31 Mar 2023 06:10:01 CEST 
** NB: The original HFD annual rates have been converted into monthly rates 
** The open age interval (55+) is limited to one year [55-56) 

birth 1 F single 0 
12 0 0 
13 0 0 
14 0 0.0000233333333333333 
15 0 0.000370833333333333 
16 0 0.001065 
17 0 0.00290833333333333 
18 0 0.0058225 
19 0 0.00962583333333333 
20 0 0.0127966666666667 
21 0 0.0152633333333333 
22 0 0.0162741666666667 
23 0 0.0164925 
24 0 0.0169733333333333 
25 0 0.0163091666666667 
26 0 0.0149666666666667 
27 0 0.0143683333333333 
28 0 0.0135116666666667 
29 0 0.0127133333333333 
30 0 0.0108733333333333 
31 0 0.0106325 
32 0 0.00890083333333333 
33 0 0.0083775 
34 0 0.00739583333333333 
35 0 0.00671583333333333 
36 0 0.00577 
37 0 0.00495083333333333 
38 0 0.00428333333333333 
39 0 0.00386666666666667 
40 0 0.0028925 
41 0 0.00225916666666667 
42 0 0.00150166666666667 
43 0 0.00121083333333333 
44 0 0.000748333333333333 
45 0 0.000425833333333333 
46 0 0.0002425 
47 0 0.000114166666666667 
48 0 0.0000558333333333333 
49 0 0.000035 
50 0 0.0000116666666666667 
51 0 0.00000333333333333333 
52 0 0.0000025 
53 0 0.00000166666666666667 
54 0 0.00000166666666666667 
55 0 0.0000025 
56 0 0.000005 
111 0 0 

birth 1 F married 0 
12 0 0 
13 0 0 
14 0 0.0000233333333333333 
15 0 0.000370833333333333 
16 0 0.001065 
17 0 0.00290833333333333 
18 0 0.0058225 
19 0 0.00962583333333333 
20 0 0.0127966666666667 
21 0 0.0152633333333333 
22 0 0.0162741666666667 
23 0 0.0164925 
24 0 0.0169733333333333 
25 0 0.0163091666666667 
26 0 0.0149666666666667 
27 0 0.0143683333333333 
28 0 0.0135116666666667 
29 0 0.0127133333333333 
30 0 0.0108733333333333 
31 0 0.0106325 
32 0 0.00890083333333333 
33 0 0.0083775 
34 0 0.00739583333333333 
35 0 0.00671583333333333 
36 0 0.00577 
37 0 0.00495083333333333 
38 0 0.00428333333333333 
39 0 0.00386666666666667 
40 0 0.0028925 
41 0 0.00225916666666667 
42 0 0.00150166666666667 
43 0 0.00121083333333333 
44 0 0.000748333333333333 
45 0 0.000425833333333333 
46 0 0.0002425 
47 0 0.000114166666666667 
48 0 0.0000558333333333333 
49 0 0.000035 
50 0 0.0000116666666666667 
51 0 0.00000333333333333333 
52 0 0.0000025 
53 0 0.00000166666666666667 
54 0 0.00000166666666666667 
55 0 0.0000025 
56 0 0.000005 
111 0 0 
