** Period (Monthly) Age-Specific Fertility Rates for USA in 1944 
* Retrieved from the Human Fertility Database, www.humanfertility.org 
* Max Planck Institute for Demographic Research (Germany) and 
* Vienna Institute of Demography (Austria) 
* Data downloaded on  31 Mrz 2023 12:07:46 CEST 
** NB: The original HFD annual rates have been converted into monthly rates 
** The open age interval (55+) is limited to one year [55-56) 

birth 1 F single 0 
12 0 0 
13 0 0 
14 0 0.0000141666666666667 
15 0 0.000245833333333333 
16 0 0.000826666666666667 
17 0 0.002085 
18 0 0.00392833333333333 
19 0 0.00600666666666667 
20 0 0.008265 
21 0 0.010535 
22 0 0.0118191666666667 
23 0 0.0124225 
24 0 0.0126816666666667 
25 0 0.0129925 
26 0 0.0125925 
27 0 0.0114016666666667 
28 0 0.0105191666666667 
29 0 0.0100458333333333 
30 0 0.00995916666666667 
31 0 0.00938583333333333 
32 0 0.00836833333333333 
33 0 0.00761416666666667 
34 0 0.00703583333333333 
35 0 0.00653583333333333 
36 0 0.00580083333333333 
37 0 0.00494833333333333 
38 0 0.0042025 
39 0 0.00351333333333333 
40 0 0.00285583333333333 
41 0 0.00229 
42 0 0.00170666666666667 
43 0 0.001115 
44 0 0.000665 
45 0 0.000374166666666667 
46 0 0.000223333333333333 
47 0 0.0001275 
48 0 0.0000625 
49 0 0.0000283333333333333 
50 0 0.0000116666666666667 
51 0 0.000005 
52 0 0.00000333333333333333 
53 0 0.0000025 
54 0 0.00000166666666666667 
55 0 0.00000166666666666667 
56 0 0.00000666666666666667 
111 0 0 

birth 1 F married 0 
12 0 0 
13 0 0 
14 0 0.0000141666666666667 
15 0 0.000245833333333333 
16 0 0.000826666666666667 
17 0 0.002085 
18 0 0.00392833333333333 
19 0 0.00600666666666667 
20 0 0.008265 
21 0 0.010535 
22 0 0.0118191666666667 
23 0 0.0124225 
24 0 0.0126816666666667 
25 0 0.0129925 
26 0 0.0125925 
27 0 0.0114016666666667 
28 0 0.0105191666666667 
29 0 0.0100458333333333 
30 0 0.00995916666666667 
31 0 0.00938583333333333 
32 0 0.00836833333333333 
33 0 0.00761416666666667 
34 0 0.00703583333333333 
35 0 0.00653583333333333 
36 0 0.00580083333333333 
37 0 0.00494833333333333 
38 0 0.0042025 
39 0 0.00351333333333333 
40 0 0.00285583333333333 
41 0 0.00229 
42 0 0.00170666666666667 
43 0 0.001115 
44 0 0.000665 
45 0 0.000374166666666667 
46 0 0.000223333333333333 
47 0 0.0001275 
48 0 0.0000625 
49 0 0.0000283333333333333 
50 0 0.0000116666666666667 
51 0 0.000005 
52 0 0.00000333333333333333 
53 0 0.0000025 
54 0 0.00000166666666666667 
55 0 0.00000166666666666667 
56 0 0.00000666666666666667 
111 0 0 
