** Period (Monthly) Age-Specific Fertility Rates for USA in 1963 
* Retrieved from the Human Fertility Database, www.humanfertility.org 
* Max Planck Institute for Demographic Research (Germany) and 
* Vienna Institute of Demography (Austria) 
* Data downloaded on  03 Apr 2023 22:47:26 CEST 
** NB: The original HFD annual rates have been converted into monthly rates 
** The open age interval (55+) is limited to one year [55-56) 

birth 1 F single 0 
12 0 0 
13 0 0 
14 0 0.0000216666666666667 
15 0 0.000340833333333333 
16 0 0.0010275 
17 0 0.00278083333333333 
18 0 0.00597916666666667 
19 0 0.00982083333333333 
20 0 0.0147408333333333 
21 0 0.0172358333333333 
22 0 0.019325 
23 0 0.0200858333333333 
24 0 0.0203116666666667 
25 0 0.0191458333333333 
26 0 0.0181833333333333 
27 0 0.01675 
28 0 0.0153575 
29 0 0.0140558333333333 
30 0 0.012495 
31 0 0.01099 
32 0 0.00971916666666667 
33 0 0.009055 
34 0 0.00786583333333333 
35 0 0.00659 
36 0 0.00587666666666667 
37 0 0.00492666666666667 
38 0 0.00416583333333333 
39 0 0.00363083333333333 
40 0 0.002825 
41 0 0.00213166666666667 
42 0 0.00149833333333333 
43 0 0.00115833333333333 
44 0 0.000706666666666667 
45 0 0.000361666666666667 
46 0 0.000195 
47 0 0.0000941666666666667 
48 0 0.0000383333333333333 
49 0 0.0000133333333333333 
50 0 0.0000075 
51 0 0.00000333333333333333 
52 0 0.00000166666666666667 
53 0 0.000000833333333333333 
54 0 0.000000833333333333333 
55 0 0 
56 0 0 
111 0 0 

birth 1 F married 0 
12 0 0 
13 0 0 
14 0 0.0000216666666666667 
15 0 0.000340833333333333 
16 0 0.0010275 
17 0 0.00278083333333333 
18 0 0.00597916666666667 
19 0 0.00982083333333333 
20 0 0.0147408333333333 
21 0 0.0172358333333333 
22 0 0.019325 
23 0 0.0200858333333333 
24 0 0.0203116666666667 
25 0 0.0191458333333333 
26 0 0.0181833333333333 
27 0 0.01675 
28 0 0.0153575 
29 0 0.0140558333333333 
30 0 0.012495 
31 0 0.01099 
32 0 0.00971916666666667 
33 0 0.009055 
34 0 0.00786583333333333 
35 0 0.00659 
36 0 0.00587666666666667 
37 0 0.00492666666666667 
38 0 0.00416583333333333 
39 0 0.00363083333333333 
40 0 0.002825 
41 0 0.00213166666666667 
42 0 0.00149833333333333 
43 0 0.00115833333333333 
44 0 0.000706666666666667 
45 0 0.000361666666666667 
46 0 0.000195 
47 0 0.0000941666666666667 
48 0 0.0000383333333333333 
49 0 0.0000133333333333333 
50 0 0.0000075 
51 0 0.00000333333333333333 
52 0 0.00000166666666666667 
53 0 0.000000833333333333333 
54 0 0.000000833333333333333 
55 0 0 
56 0 0 
111 0 0 
