** Period (Monthly) Age-Specific Fertility Rates for USA in 1968 
* Retrieved from the Human Fertility Database, www.humanfertility.org 
* Max Planck Institute for Demographic Research (Germany) and 
* Vienna Institute of Demography (Austria) 
* Data downloaded on  16 Aug 2023 13:36:09 CEST 
** NB: The original HFD annual rates have been converted into monthly rates 
** The open age interval (55+) is limited to one year [55-56) 

birth 1 F single 0 
12 0 0 
13 0 0.0000116666666666667 
14 0 0.0000733333333333333 
15 0 0.000321666666666667 
16 0 0.00108916666666667 
17 0 0.00273166666666667 
18 0 0.00506333333333333 
19 0 0.00792583333333333 
20 0 0.010935 
21 0 0.0124058333333333 
22 0 0.0137516666666667 
23 0 0.0145466666666667 
24 0 0.0147308333333333 
25 0 0.0143983333333333 
26 0 0.013965 
27 0 0.0129258333333333 
28 0 0.0115775 
29 0 0.0103316666666667 
30 0 0.00903916666666667 
31 0 0.00772083333333333 
32 0 0.00684916666666667 
33 0 0.00616333333333333 
34 0 0.00528666666666667 
35 0 0.00469333333333333 
36 0 0.00402916666666667 
37 0 0.00343 
38 0 0.0029275 
39 0 0.0025175 
40 0 0.0019 
41 0 0.0014875 
42 0 0.00103833333333333 
43 0 0.0007475 
44 0 0.0004925 
45 0 0.000264166666666667 
46 0 0.000139166666666667 
47 0 0.0000641666666666667 
48 0 0.0000283333333333333 
49 0 0.0000141666666666667 
50 0 0.000005 
51 0 0 
52 0 0 
53 0 0 
54 0 0 
55 0 0 
56 0 0 
111 0 0 

birth 1 F married 0 
12 0 0 
13 0 0.0000116666666666667 
14 0 0.0000733333333333333 
15 0 0.000321666666666667 
16 0 0.00108916666666667 
17 0 0.00273166666666667 
18 0 0.00506333333333333 
19 0 0.00792583333333333 
20 0 0.010935 
21 0 0.0124058333333333 
22 0 0.0137516666666667 
23 0 0.0145466666666667 
24 0 0.0147308333333333 
25 0 0.0143983333333333 
26 0 0.013965 
27 0 0.0129258333333333 
28 0 0.0115775 
29 0 0.0103316666666667 
30 0 0.00903916666666667 
31 0 0.00772083333333333 
32 0 0.00684916666666667 
33 0 0.00616333333333333 
34 0 0.00528666666666667 
35 0 0.00469333333333333 
36 0 0.00402916666666667 
37 0 0.00343 
38 0 0.0029275 
39 0 0.0025175 
40 0 0.0019 
41 0 0.0014875 
42 0 0.00103833333333333 
43 0 0.0007475 
44 0 0.0004925 
45 0 0.000264166666666667 
46 0 0.000139166666666667 
47 0 0.0000641666666666667 
48 0 0.0000283333333333333 
49 0 0.0000141666666666667 
50 0 0.000005 
51 0 0 
52 0 0 
53 0 0 
54 0 0 
55 0 0 
56 0 0 
111 0 0 
