** Period (Monthly) Age-Specific Fertility Rates for USA in 2020 
* Retrieved from the Human Fertility Database, www.humanfertility.org 
* Max Planck Institute for Demographic Research (Germany) and 
* Vienna Institute of Demography (Austria) 
* Data downloaded on  06 Apr 2023 08:10:18 PDT 
** NB: The original HFD annual rates have been converted into monthly rates 
** The open age interval (55+) is limited to one year [55-56) 

birth 1 F single 0 
12 0 0 
13 0 0.0000025 
14 0 0.0000116666666666667 
15 0 0.0000558333333333333 
16 0 0.0001875 
17 0 0.000455 
18 0 0.000898333333333333 
19 0 0.00172083333333333 
20 0 0.0030025 
21 0 0.00400583333333333 
22 0 0.00468083333333333 
23 0 0.00535916666666667 
24 0 0.00587083333333333 
25 0 0.00639833333333333 
26 0 0.006885 
27 0 0.00728 
28 0 0.00759333333333333 
29 0 0.0079225 
30 0 0.008205 
31 0 0.00836333333333333 
32 0 0.00842083333333333 
33 0 0.0081725 
34 0 0.00758083333333333 
35 0 0.00691583333333333 
36 0 0.0061625 
37 0 0.00518 
38 0 0.0042175 
39 0 0.00329416666666667 
40 0 0.00254583333333333 
41 0 0.00186333333333333 
42 0 0.00128666666666667 
43 0 0.000845833333333333 
44 0 0.0005175 
45 0 0.0002925 
46 0 0.000159166666666667 
47 0 0.0000891666666666667 
48 0 0.0000466666666666667 
49 0 0.00003 
50 0 0.0000191666666666667 
51 0 0.0000208333333333333 
52 0 0.0000125 
53 0 0.000005 
54 0 0.00000166666666666667 
55 0 0 
56 0 0 
111 0 0 

birth 1 F married 0 
12 0 0 
13 0 0.0000025 
14 0 0.0000116666666666667 
15 0 0.0000558333333333333 
16 0 0.0001875 
17 0 0.000455 
18 0 0.000898333333333333 
19 0 0.00172083333333333 
20 0 0.0030025 
21 0 0.00400583333333333 
22 0 0.00468083333333333 
23 0 0.00535916666666667 
24 0 0.00587083333333333 
25 0 0.00639833333333333 
26 0 0.006885 
27 0 0.00728 
28 0 0.00759333333333333 
29 0 0.0079225 
30 0 0.008205 
31 0 0.00836333333333333 
32 0 0.00842083333333333 
33 0 0.0081725 
34 0 0.00758083333333333 
35 0 0.00691583333333333 
36 0 0.0061625 
37 0 0.00518 
38 0 0.0042175 
39 0 0.00329416666666667 
40 0 0.00254583333333333 
41 0 0.00186333333333333 
42 0 0.00128666666666667 
43 0 0.000845833333333333 
44 0 0.0005175 
45 0 0.0002925 
46 0 0.000159166666666667 
47 0 0.0000891666666666667 
48 0 0.0000466666666666667 
49 0 0.00003 
50 0 0.0000191666666666667 
51 0 0.0000208333333333333 
52 0 0.0000125 
53 0 0.000005 
54 0 0.00000166666666666667 
55 0 0 
56 0 0 
111 0 0 
