** Period (Monthly) Age-Specific Fertility Rates for USA in 1962 
* Retrieved from the Human Fertility Database, www.humanfertility.org 
* Max Planck Institute for Demographic Research (Germany) and 
* Vienna Institute of Demography (Austria) 
* Data downloaded on  04 Apr 2023 08:22:22 PDT 
** NB: The original HFD annual rates have been converted into monthly rates 
** The open age interval (55+) is limited to one year [55-56) 

birth 1 F single 0 
12 0 0 
13 0 0 
14 0 0.0000216666666666667 
15 0 0.000328333333333333 
16 0 0.00100333333333333 
17 0 0.0030575 
18 0 0.00613333333333333 
19 0 0.0102266666666667 
20 0 0.0151391666666667 
21 0 0.0182058333333333 
22 0 0.0203641666666667 
23 0 0.0210816666666667 
24 0 0.021115 
25 0 0.0200775 
26 0 0.018795 
27 0 0.01749 
28 0 0.0159308333333333 
29 0 0.0143416666666667 
30 0 0.0127716666666667 
31 0 0.0113483333333333 
32 0 0.0101375 
33 0 0.00932166666666667 
34 0 0.0077375 
35 0 0.00693333333333333 
36 0 0.00596083333333333 
37 0 0.00513083333333333 
38 0 0.00434916666666667 
39 0 0.003695 
40 0 0.00287583333333333 
41 0 0.00225583333333333 
42 0 0.00158083333333333 
43 0 0.0011925 
44 0 0.000683333333333333 
45 0 0.000388333333333333 
46 0 0.000203333333333333 
47 0 0.000095 
48 0 0.0000416666666666667 
49 0 0.0000141666666666667 
50 0 0.00000583333333333333 
51 0 0.00000416666666666667 
52 0 0.0000025 
53 0 0.00000166666666666667 
54 0 0.000000833333333333333 
55 0 0 
56 0 0 
111 0 0 

birth 1 F married 0 
12 0 0 
13 0 0 
14 0 0.0000216666666666667 
15 0 0.000328333333333333 
16 0 0.00100333333333333 
17 0 0.0030575 
18 0 0.00613333333333333 
19 0 0.0102266666666667 
20 0 0.0151391666666667 
21 0 0.0182058333333333 
22 0 0.0203641666666667 
23 0 0.0210816666666667 
24 0 0.021115 
25 0 0.0200775 
26 0 0.018795 
27 0 0.01749 
28 0 0.0159308333333333 
29 0 0.0143416666666667 
30 0 0.0127716666666667 
31 0 0.0113483333333333 
32 0 0.0101375 
33 0 0.00932166666666667 
34 0 0.0077375 
35 0 0.00693333333333333 
36 0 0.00596083333333333 
37 0 0.00513083333333333 
38 0 0.00434916666666667 
39 0 0.003695 
40 0 0.00287583333333333 
41 0 0.00225583333333333 
42 0 0.00158083333333333 
43 0 0.0011925 
44 0 0.000683333333333333 
45 0 0.000388333333333333 
46 0 0.000203333333333333 
47 0 0.000095 
48 0 0.0000416666666666667 
49 0 0.0000141666666666667 
50 0 0.00000583333333333333 
51 0 0.00000416666666666667 
52 0 0.0000025 
53 0 0.00000166666666666667 
54 0 0.000000833333333333333 
55 0 0 
56 0 0 
111 0 0 
