** Period (Monthly) Age-Specific Fertility Rates for USA in 1967 
* Retrieved from the Human Fertility Database, www.humanfertility.org 
* Max Planck Institute for Demographic Research (Germany) and 
* Vienna Institute of Demography (Austria) 
* Data downloaded on  30 Mar 2023 19:31:06 CEST 
** NB: The original HFD annual rates have been converted into monthly rates 
** The open age interval (55+) is limited to one year [55-56) 

birth 1 F single 0 
12 0 0 
13 0 0 
14 0 0.0000216666666666667 
15 0 0.000355 
16 0 0.001035 
17 0 0.00274583333333333 
18 0 0.00513666666666667 
19 0 0.00805333333333333 
20 0 0.0113475 
21 0 0.0128725 
22 0 0.014525 
23 0 0.0150425 
24 0 0.0156608333333333 
25 0 0.0147841666666667 
26 0 0.0141083333333333 
27 0 0.0130575 
28 0 0.0116341666666667 
29 0 0.0104266666666667 
30 0 0.0094675 
31 0 0.00803833333333333 
32 0 0.00731333333333333 
33 0 0.00652666666666667 
34 0 0.0057575 
35 0 0.00496916666666667 
36 0 0.00433 
37 0 0.0037275 
38 0 0.00324833333333333 
39 0 0.00263833333333333 
40 0 0.00212333333333333 
41 0 0.001615 
42 0 0.00114416666666667 
43 0 0.000835833333333333 
44 0 0.000535833333333333 
45 0 0.000296666666666667 
46 0 0.000161666666666667 
47 0 0.0000691666666666667 
48 0 0.0000316666666666667 
49 0 0.0000116666666666667 
50 0 0.00000416666666666667 
51 0 0 
52 0 0 
53 0 0 
54 0 0 
55 0 0 
56 0 0 
111 0 0 

birth 1 F married 0 
12 0 0 
13 0 0 
14 0 0.0000216666666666667 
15 0 0.000355 
16 0 0.001035 
17 0 0.00274583333333333 
18 0 0.00513666666666667 
19 0 0.00805333333333333 
20 0 0.0113475 
21 0 0.0128725 
22 0 0.014525 
23 0 0.0150425 
24 0 0.0156608333333333 
25 0 0.0147841666666667 
26 0 0.0141083333333333 
27 0 0.0130575 
28 0 0.0116341666666667 
29 0 0.0104266666666667 
30 0 0.0094675 
31 0 0.00803833333333333 
32 0 0.00731333333333333 
33 0 0.00652666666666667 
34 0 0.0057575 
35 0 0.00496916666666667 
36 0 0.00433 
37 0 0.0037275 
38 0 0.00324833333333333 
39 0 0.00263833333333333 
40 0 0.00212333333333333 
41 0 0.001615 
42 0 0.00114416666666667 
43 0 0.000835833333333333 
44 0 0.000535833333333333 
45 0 0.000296666666666667 
46 0 0.000161666666666667 
47 0 0.0000691666666666667 
48 0 0.0000316666666666667 
49 0 0.0000116666666666667 
50 0 0.00000416666666666667 
51 0 0 
52 0 0 
53 0 0 
54 0 0 
55 0 0 
56 0 0 
111 0 0 
