** Period (Monthly) Age-Specific Fertility Rates for USA in 1988 
* Retrieved from the Human Fertility Database, www.humanfertility.org 
* Max Planck Institute for Demographic Research (Germany) and 
* Vienna Institute of Demography (Austria) 
* Data downloaded on  31 Mar 2023 06:30:38 CEST 
** NB: The original HFD annual rates have been converted into monthly rates 
** The open age interval (55+) is limited to one year [55-56) 

birth 1 F single 0 
12 0 0 
13 0 0.0000141666666666667 
14 0 0.0000941666666666667 
15 0 0.000448333333333333 
16 0 0.00129916666666667 
17 0 0.00266 
18 0 0.00425583333333333 
19 0 0.0060075 
20 0 0.007275 
21 0 0.00823416666666667 
22 0 0.00883833333333333 
23 0 0.0093925 
24 0 0.00966666666666667 
25 0 0.0096625 
26 0 0.00987 
27 0 0.00988666666666667 
28 0 0.00968416666666667 
29 0 0.00983833333333333 
30 0 0.00845583333333333 
31 0 0.00790833333333333 
32 0 0.00711416666666667 
33 0 0.00626833333333333 
34 0 0.00535833333333333 
35 0 0.00439416666666667 
36 0 0.00362666666666667 
37 0 0.002915 
38 0 0.002205 
39 0 0.00171666666666667 
40 0 0.00110666666666667 
41 0 0.0007725 
42 0 0.000495833333333333 
43 0 0.000326666666666667 
44 0 0.000178333333333333 
45 0 0.0000916666666666667 
46 0 0.0000425 
47 0 0.0000241666666666667 
48 0 0.00000916666666666667 
49 0 0.00000583333333333333 
50 0 0.0000025 
51 0 0 
52 0 0 
53 0 0 
54 0 0 
55 0 0 
56 0 0 
111 0 0 

birth 1 F married 0 
12 0 0 
13 0 0.0000141666666666667 
14 0 0.0000941666666666667 
15 0 0.000448333333333333 
16 0 0.00129916666666667 
17 0 0.00266 
18 0 0.00425583333333333 
19 0 0.0060075 
20 0 0.007275 
21 0 0.00823416666666667 
22 0 0.00883833333333333 
23 0 0.0093925 
24 0 0.00966666666666667 
25 0 0.0096625 
26 0 0.00987 
27 0 0.00988666666666667 
28 0 0.00968416666666667 
29 0 0.00983833333333333 
30 0 0.00845583333333333 
31 0 0.00790833333333333 
32 0 0.00711416666666667 
33 0 0.00626833333333333 
34 0 0.00535833333333333 
35 0 0.00439416666666667 
36 0 0.00362666666666667 
37 0 0.002915 
38 0 0.002205 
39 0 0.00171666666666667 
40 0 0.00110666666666667 
41 0 0.0007725 
42 0 0.000495833333333333 
43 0 0.000326666666666667 
44 0 0.000178333333333333 
45 0 0.0000916666666666667 
46 0 0.0000425 
47 0 0.0000241666666666667 
48 0 0.00000916666666666667 
49 0 0.00000583333333333333 
50 0 0.0000025 
51 0 0 
52 0 0 
53 0 0 
54 0 0 
55 0 0 
56 0 0 
111 0 0 
