** Period (Monthly) Age-Specific Fertility Rates for USA in 2005 
* Retrieved from the Human Fertility Database, www.humanfertility.org 
* Max Planck Institute for Demographic Research (Germany) and 
* Vienna Institute of Demography (Austria) 
* Data downloaded on  31 Mar 2023 06:30:39 CEST 
** NB: The original HFD annual rates have been converted into monthly rates 
** The open age interval (55+) is limited to one year [55-56) 

birth 1 F single 0 
12 0 0 
13 0 0.00000666666666666667 
14 0 0.0000433333333333333 
15 0 0.000214166666666667 
16 0 0.000708333333333333 
17 0 0.001625 
18 0 0.00299416666666667 
19 0 0.004725 
20 0 0.00664583333333333 
21 0 0.0076525 
22 0 0.00815916666666667 
23 0 0.00875 
24 0 0.00885666666666667 
25 0 0.00898083333333333 
26 0 0.0092425 
27 0 0.00954083333333333 
28 0 0.00981833333333333 
29 0 0.0099675 
30 0 0.00997166666666667 
31 0 0.0094125 
32 0 0.00905583333333333 
33 0 0.00811833333333333 
34 0 0.00735666666666667 
35 0 0.00655083333333333 
36 0 0.00567083333333333 
37 0 0.00472416666666667 
38 0 0.0037825 
39 0 0.00292083333333333 
40 0 0.00217416666666667 
41 0 0.00153833333333333 
42 0 0.001045 
43 0 0.000658333333333333 
44 0 0.0003925 
45 0 0.000213333333333333 
46 0 0.000110833333333333 
47 0 0.0000558333333333333 
48 0 0.00003 
49 0 0.000015 
50 0 0.00000916666666666667 
51 0 0.0000075 
52 0 0.000005 
53 0 0.0000025 
54 0 0.000000833333333333333 
55 0 0 
56 0 0 
111 0 0 

birth 1 F married 0 
12 0 0 
13 0 0.00000666666666666667 
14 0 0.0000433333333333333 
15 0 0.000214166666666667 
16 0 0.000708333333333333 
17 0 0.001625 
18 0 0.00299416666666667 
19 0 0.004725 
20 0 0.00664583333333333 
21 0 0.0076525 
22 0 0.00815916666666667 
23 0 0.00875 
24 0 0.00885666666666667 
25 0 0.00898083333333333 
26 0 0.0092425 
27 0 0.00954083333333333 
28 0 0.00981833333333333 
29 0 0.0099675 
30 0 0.00997166666666667 
31 0 0.0094125 
32 0 0.00905583333333333 
33 0 0.00811833333333333 
34 0 0.00735666666666667 
35 0 0.00655083333333333 
36 0 0.00567083333333333 
37 0 0.00472416666666667 
38 0 0.0037825 
39 0 0.00292083333333333 
40 0 0.00217416666666667 
41 0 0.00153833333333333 
42 0 0.001045 
43 0 0.000658333333333333 
44 0 0.0003925 
45 0 0.000213333333333333 
46 0 0.000110833333333333 
47 0 0.0000558333333333333 
48 0 0.00003 
49 0 0.000015 
50 0 0.00000916666666666667 
51 0 0.0000075 
52 0 0.000005 
53 0 0.0000025 
54 0 0.000000833333333333333 
55 0 0 
56 0 0 
111 0 0 
