** Period (Monthly) Age-Specific Fertility Rates for USA in 2014 
* Retrieved from the Human Fertility Database, www.humanfertility.org 
* Max Planck Institute for Demographic Research (Germany) and 
* Vienna Institute of Demography (Austria) 
* Data downloaded on  03 Apr 2023 22:47:28 CEST 
** NB: The original HFD annual rates have been converted into monthly rates 
** The open age interval (55+) is limited to one year [55-56) 

birth 1 F single 0 
12 0 0 
13 0 0.00000333333333333333 
14 0 0.0000158333333333333 
15 0 0.0000933333333333333 
16 0 0.00033 
17 0 0.000824166666666667 
18 0 0.00156833333333333 
19 0 0.0028025 
20 0 0.0044725 
21 0 0.00557333333333333 
22 0 0.00613416666666667 
23 0 0.00673916666666667 
24 0 0.007055 
25 0 0.00744916666666667 
26 0 0.00795416666666667 
27 0 0.00846916666666667 
28 0 0.00890833333333333 
29 0 0.00929666666666667 
30 0 0.00947916666666667 
31 0 0.00946333333333333 
32 0 0.00927666666666667 
33 0 0.00864416666666667 
34 0 0.00775333333333333 
35 0 0.00697166666666667 
36 0 0.00610083333333333 
37 0 0.005155 
38 0 0.0041225 
39 0 0.00324166666666667 
40 0 0.00250416666666667 
41 0 0.00181083333333333 
42 0 0.001215 
43 0 0.000795 
44 0 0.000463333333333333 
45 0 0.000270833333333333 
46 0 0.000146666666666667 
47 0 0.0000791666666666667 
48 0 0.0000425 
49 0 0.0000233333333333333 
50 0 0.0000158333333333333 
51 0 0.0000141666666666667 
52 0 0.00000833333333333333 
53 0 0.00000333333333333333 
54 0 0.000000833333333333333 
55 0 0 
56 0 0 
111 0 0 

birth 1 F married 0 
12 0 0 
13 0 0.00000333333333333333 
14 0 0.0000158333333333333 
15 0 0.0000933333333333333 
16 0 0.00033 
17 0 0.000824166666666667 
18 0 0.00156833333333333 
19 0 0.0028025 
20 0 0.0044725 
21 0 0.00557333333333333 
22 0 0.00613416666666667 
23 0 0.00673916666666667 
24 0 0.007055 
25 0 0.00744916666666667 
26 0 0.00795416666666667 
27 0 0.00846916666666667 
28 0 0.00890833333333333 
29 0 0.00929666666666667 
30 0 0.00947916666666667 
31 0 0.00946333333333333 
32 0 0.00927666666666667 
33 0 0.00864416666666667 
34 0 0.00775333333333333 
35 0 0.00697166666666667 
36 0 0.00610083333333333 
37 0 0.005155 
38 0 0.0041225 
39 0 0.00324166666666667 
40 0 0.00250416666666667 
41 0 0.00181083333333333 
42 0 0.001215 
43 0 0.000795 
44 0 0.000463333333333333 
45 0 0.000270833333333333 
46 0 0.000146666666666667 
47 0 0.0000791666666666667 
48 0 0.0000425 
49 0 0.0000233333333333333 
50 0 0.0000158333333333333 
51 0 0.0000141666666666667 
52 0 0.00000833333333333333 
53 0 0.00000333333333333333 
54 0 0.000000833333333333333 
55 0 0 
56 0 0 
111 0 0 
