** Period (Monthly) Age-Specific Fertility Rates for USA in 2012 
* Retrieved from the Human Fertility Database, www.humanfertility.org 
* Max Planck Institute for Demographic Research (Germany) and 
* Vienna Institute of Demography (Austria) 
* Data downloaded on  06 Apr 2023 08:10:18 PDT 
** NB: The original HFD annual rates have been converted into monthly rates 
** The open age interval (55+) is limited to one year [55-56) 

birth 1 F single 0 
12 0 0 
13 0 0.00000333333333333333 
14 0 0.0000233333333333333 
15 0 0.000124166666666667 
16 0 0.0004475 
17 0 0.00107333333333333 
18 0 0.001975 
19 0 0.00336083333333333 
20 0 0.00516083333333333 
21 0 0.00607083333333333 
22 0 0.00649166666666667 
23 0 0.00698833333333333 
24 0 0.00731583333333333 
25 0 0.007805 
26 0 0.00818916666666667 
27 0 0.00857083333333333 
28 0 0.0089425 
29 0 0.009235 
30 0 0.00933583333333333 
31 0 0.00925583333333333 
32 0 0.008815 
33 0 0.00817666666666667 
34 0 0.007405 
35 0 0.00673916666666667 
36 0 0.0058375 
37 0 0.00484916666666667 
38 0 0.00391666666666667 
39 0 0.00308583333333333 
40 0 0.00236916666666667 
41 0 0.00171083333333333 
42 0 0.00115833333333333 
43 0 0.000744166666666667 
44 0 0.000450833333333333 
45 0 0.00026 
46 0 0.000136666666666667 
47 0 0.0000733333333333333 
48 0 0.0000375 
49 0 0.00002 
50 0 0.0000125 
51 0 0.0000108333333333333 
52 0 0.00000666666666666667 
53 0 0.0000025 
54 0 0.000000833333333333333 
55 0 0 
56 0 0 
111 0 0 

birth 1 F married 0 
12 0 0 
13 0 0.00000333333333333333 
14 0 0.0000233333333333333 
15 0 0.000124166666666667 
16 0 0.0004475 
17 0 0.00107333333333333 
18 0 0.001975 
19 0 0.00336083333333333 
20 0 0.00516083333333333 
21 0 0.00607083333333333 
22 0 0.00649166666666667 
23 0 0.00698833333333333 
24 0 0.00731583333333333 
25 0 0.007805 
26 0 0.00818916666666667 
27 0 0.00857083333333333 
28 0 0.0089425 
29 0 0.009235 
30 0 0.00933583333333333 
31 0 0.00925583333333333 
32 0 0.008815 
33 0 0.00817666666666667 
34 0 0.007405 
35 0 0.00673916666666667 
36 0 0.0058375 
37 0 0.00484916666666667 
38 0 0.00391666666666667 
39 0 0.00308583333333333 
40 0 0.00236916666666667 
41 0 0.00171083333333333 
42 0 0.00115833333333333 
43 0 0.000744166666666667 
44 0 0.000450833333333333 
45 0 0.00026 
46 0 0.000136666666666667 
47 0 0.0000733333333333333 
48 0 0.0000375 
49 0 0.00002 
50 0 0.0000125 
51 0 0.0000108333333333333 
52 0 0.00000666666666666667 
53 0 0.0000025 
54 0 0.000000833333333333333 
55 0 0 
56 0 0 
111 0 0 
