** Period (Monthly) Age-Specific Fertility Rates for USA in 1942 
* Retrieved from the Human Fertility Database, www.humanfertility.org 
* Max Planck Institute for Demographic Research (Germany) and 
* Vienna Institute of Demography (Austria) 
* Data downloaded on  04 Apr 2023 08:22:21 PDT 
** NB: The original HFD annual rates have been converted into monthly rates 
** The open age interval (55+) is limited to one year [55-56) 

birth 1 F single 0 
12 0 0 
13 0 0 
14 0 0.0000141666666666667 
15 0 0.000238333333333333 
16 0 0.00084 
17 0 0.00221416666666667 
18 0 0.00432583333333333 
19 0 0.00675333333333333 
20 0 0.00927083333333333 
21 0 0.0116308333333333 
22 0 0.0128333333333333 
23 0 0.01328 
24 0 0.0134291666666667 
25 0 0.0137433333333333 
26 0 0.0133275 
27 0 0.012015 
28 0 0.0109558333333333 
29 0 0.0102416666666667 
30 0 0.0098475 
31 0 0.00900916666666667 
32 0 0.00785333333333333 
33 0 0.006995 
34 0 0.00634083333333333 
35 0 0.00579583333333333 
36 0 0.00506416666666667 
37 0 0.0042625 
38 0 0.00359916666666667 
39 0 0.00301333333333333 
40 0 0.00246916666666667 
41 0 0.00198333333333333 
42 0 0.00149666666666667 
43 0 0.00101916666666667 
44 0 0.000641666666666667 
45 0 0.000381666666666667 
46 0 0.000229166666666667 
47 0 0.000133333333333333 
48 0 0.00007 
49 0 0.000035 
50 0 0.0000166666666666667 
51 0 0.00001 
52 0 0.000005 
53 0 0.0000025 
54 0 0.000000833333333333333 
55 0 0 
56 0 0 
111 0 0 

birth 1 F married 0 
12 0 0 
13 0 0 
14 0 0.0000141666666666667 
15 0 0.000238333333333333 
16 0 0.00084 
17 0 0.00221416666666667 
18 0 0.00432583333333333 
19 0 0.00675333333333333 
20 0 0.00927083333333333 
21 0 0.0116308333333333 
22 0 0.0128333333333333 
23 0 0.01328 
24 0 0.0134291666666667 
25 0 0.0137433333333333 
26 0 0.0133275 
27 0 0.012015 
28 0 0.0109558333333333 
29 0 0.0102416666666667 
30 0 0.0098475 
31 0 0.00900916666666667 
32 0 0.00785333333333333 
33 0 0.006995 
34 0 0.00634083333333333 
35 0 0.00579583333333333 
36 0 0.00506416666666667 
37 0 0.0042625 
38 0 0.00359916666666667 
39 0 0.00301333333333333 
40 0 0.00246916666666667 
41 0 0.00198333333333333 
42 0 0.00149666666666667 
43 0 0.00101916666666667 
44 0 0.000641666666666667 
45 0 0.000381666666666667 
46 0 0.000229166666666667 
47 0 0.000133333333333333 
48 0 0.00007 
49 0 0.000035 
50 0 0.0000166666666666667 
51 0 0.00001 
52 0 0.000005 
53 0 0.0000025 
54 0 0.000000833333333333333 
55 0 0 
56 0 0 
111 0 0 
