** Period (Monthly) Age-Specific Fertility Rates for USA in 1959 
* Retrieved from the Human Fertility Database, www.humanfertility.org 
* Max Planck Institute for Demographic Research (Germany) and 
* Vienna Institute of Demography (Austria) 
* Data downloaded on  03 Apr 2023 21:14:33 CEST 
** NB: The original HFD annual rates have been converted into monthly rates 
** The open age interval (55+) is limited to one year [55-56) 

birth 1 F single 0 
12 0 0 
13 0 0 
14 0 0.0000233333333333333 
15 0 0.000384166666666667 
16 0 0.00121583333333333 
17 0 0.00326 
18 0 0.00665666666666667 
19 0 0.0113741666666667 
20 0 0.016815 
21 0 0.0201458333333333 
22 0 0.0215991666666667 
23 0 0.0218166666666667 
24 0 0.0221125 
25 0 0.0212641666666667 
26 0 0.0198591666666667 
27 0 0.0179866666666667 
28 0 0.0161266666666667 
29 0 0.01495 
30 0 0.0137075 
31 0 0.0121733333333333 
32 0 0.0103616666666667 
33 0 0.00958 
34 0 0.00823333333333333 
35 0 0.00734166666666667 
36 0 0.00647083333333333 
37 0 0.0053975 
38 0 0.00451083333333333 
39 0 0.00407083333333333 
40 0 0.00330333333333333 
41 0 0.0023025 
42 0 0.00162083333333333 
43 0 0.00119 
44 0 0.000740833333333333 
45 0 0.000433333333333333 
46 0 0.000215833333333333 
47 0 0.0000966666666666667 
48 0 0.0000433333333333333 
49 0 0.00002 
50 0 0.00000916666666666667 
51 0 0.0000025 
52 0 0.00000166666666666667 
53 0 0.000000833333333333333 
54 0 0.000000833333333333333 
55 0 0 
56 0 0 
111 0 0 

birth 1 F married 0 
12 0 0 
13 0 0 
14 0 0.0000233333333333333 
15 0 0.000384166666666667 
16 0 0.00121583333333333 
17 0 0.00326 
18 0 0.00665666666666667 
19 0 0.0113741666666667 
20 0 0.016815 
21 0 0.0201458333333333 
22 0 0.0215991666666667 
23 0 0.0218166666666667 
24 0 0.0221125 
25 0 0.0212641666666667 
26 0 0.0198591666666667 
27 0 0.0179866666666667 
28 0 0.0161266666666667 
29 0 0.01495 
30 0 0.0137075 
31 0 0.0121733333333333 
32 0 0.0103616666666667 
33 0 0.00958 
34 0 0.00823333333333333 
35 0 0.00734166666666667 
36 0 0.00647083333333333 
37 0 0.0053975 
38 0 0.00451083333333333 
39 0 0.00407083333333333 
40 0 0.00330333333333333 
41 0 0.0023025 
42 0 0.00162083333333333 
43 0 0.00119 
44 0 0.000740833333333333 
45 0 0.000433333333333333 
46 0 0.000215833333333333 
47 0 0.0000966666666666667 
48 0 0.0000433333333333333 
49 0 0.00002 
50 0 0.00000916666666666667 
51 0 0.0000025 
52 0 0.00000166666666666667 
53 0 0.000000833333333333333 
54 0 0.000000833333333333333 
55 0 0 
56 0 0 
111 0 0 
