** Period (Monthly) Age-Specific Fertility Rates for USA in 1953 
* Retrieved from the Human Fertility Database, www.humanfertility.org 
* Max Planck Institute for Demographic Research (Germany) and 
* Vienna Institute of Demography (Austria) 
* Data downloaded on  30 Mar 2023 17:56:05 CEST 
** NB: The original HFD annual rates have been converted into monthly rates 
** The open age interval (55+) is limited to one year [55-56) 

birth 1 F single 0 
12 0 0 
13 0 0 
14 0 0.0000233333333333333 
15 0 0.00037 
16 0 0.0011375 
17 0 0.00322833333333333 
18 0 0.00650416666666667 
19 0 0.0107458333333333 
20 0 0.0148633333333333 
21 0 0.0173325 
22 0 0.0184691666666667 
23 0 0.0189283333333333 
24 0 0.0193166666666667 
25 0 0.0179533333333333 
26 0 0.0176291666666667 
27 0 0.01625 
28 0 0.0148383333333333 
29 0 0.0143516666666667 
30 0 0.0129408333333333 
31 0 0.0115783333333333 
32 0 0.00993416666666667 
33 0 0.00960083333333333 
34 0 0.0083175 
35 0 0.00698416666666667 
36 0 0.00629166666666667 
37 0 0.00526666666666667 
38 0 0.00448833333333333 
39 0 0.0039125 
40 0 0.00304666666666667 
41 0 0.0023425 
42 0 0.001565 
43 0 0.00121833333333333 
44 0 0.000784166666666667 
45 0 0.00041 
46 0 0.000215833333333333 
47 0 0.000105833333333333 
48 0 0.0000491666666666667 
49 0 0.0000208333333333333 
50 0 0.00000916666666666667 
51 0 0.00000666666666666667 
52 0 0.00000416666666666667 
53 0 0.0000025 
54 0 0.000000833333333333333 
55 0 0 
56 0 0 
111 0 0 

birth 1 F married 0 
12 0 0 
13 0 0 
14 0 0.0000233333333333333 
15 0 0.00037 
16 0 0.0011375 
17 0 0.00322833333333333 
18 0 0.00650416666666667 
19 0 0.0107458333333333 
20 0 0.0148633333333333 
21 0 0.0173325 
22 0 0.0184691666666667 
23 0 0.0189283333333333 
24 0 0.0193166666666667 
25 0 0.0179533333333333 
26 0 0.0176291666666667 
27 0 0.01625 
28 0 0.0148383333333333 
29 0 0.0143516666666667 
30 0 0.0129408333333333 
31 0 0.0115783333333333 
32 0 0.00993416666666667 
33 0 0.00960083333333333 
34 0 0.0083175 
35 0 0.00698416666666667 
36 0 0.00629166666666667 
37 0 0.00526666666666667 
38 0 0.00448833333333333 
39 0 0.0039125 
40 0 0.00304666666666667 
41 0 0.0023425 
42 0 0.001565 
43 0 0.00121833333333333 
44 0 0.000784166666666667 
45 0 0.00041 
46 0 0.000215833333333333 
47 0 0.000105833333333333 
48 0 0.0000491666666666667 
49 0 0.0000208333333333333 
50 0 0.00000916666666666667 
51 0 0.00000666666666666667 
52 0 0.00000416666666666667 
53 0 0.0000025 
54 0 0.000000833333333333333 
55 0 0 
56 0 0 
111 0 0 
