** Period (Monthly) Age-Specific Fertility Rates for USA in 1999 
* Retrieved from the Human Fertility Database, www.humanfertility.org 
* Max Planck Institute for Demographic Research (Germany) and 
* Vienna Institute of Demography (Austria) 
* Data downloaded on  06 Apr 2023 08:10:17 PDT 
** NB: The original HFD annual rates have been converted into monthly rates 
** The open age interval (55+) is limited to one year [55-56) 

birth 1 F single 0 
12 0 0 
13 0 0.0000108333333333333 
14 0 0.0000633333333333333 
15 0 0.0003125 
16 0 0.000991666666666667 
17 0 0.00220333333333333 
18 0 0.00382666666666667 
19 0 0.00572083333333333 
20 0 0.00748333333333333 
21 0 0.0082575 
22 0 0.00884 
23 0 0.00926916666666667 
24 0 0.009305 
25 0 0.0092875 
26 0 0.00927416666666667 
27 0 0.009395 
28 0 0.00926333333333333 
29 0 0.009305 
30 0 0.00914583333333333 
31 0 0.0085375 
32 0 0.00825916666666667 
33 0 0.0073625 
34 0 0.006515 
35 0 0.0056375 
36 0 0.00470916666666667 
37 0 0.0039025 
38 0 0.0030575 
39 0 0.00237166666666667 
40 0 0.00177333333333333 
41 0 0.001215 
42 0 0.000831666666666667 
43 0 0.00052 
44 0 0.000301666666666667 
45 0 0.00017 
46 0 0.0000866666666666667 
47 0 0.0000433333333333333 
48 0 0.0000216666666666667 
49 0 0.0000108333333333333 
50 0 0.00000583333333333333 
51 0 0.00000333333333333333 
52 0 0.00000166666666666667 
53 0 0.00000166666666666667 
54 0 0.000000833333333333333 
55 0 0.000000833333333333333 
56 0 0 
111 0 0 

birth 1 F married 0 
12 0 0 
13 0 0.0000108333333333333 
14 0 0.0000633333333333333 
15 0 0.0003125 
16 0 0.000991666666666667 
17 0 0.00220333333333333 
18 0 0.00382666666666667 
19 0 0.00572083333333333 
20 0 0.00748333333333333 
21 0 0.0082575 
22 0 0.00884 
23 0 0.00926916666666667 
24 0 0.009305 
25 0 0.0092875 
26 0 0.00927416666666667 
27 0 0.009395 
28 0 0.00926333333333333 
29 0 0.009305 
30 0 0.00914583333333333 
31 0 0.0085375 
32 0 0.00825916666666667 
33 0 0.0073625 
34 0 0.006515 
35 0 0.0056375 
36 0 0.00470916666666667 
37 0 0.0039025 
38 0 0.0030575 
39 0 0.00237166666666667 
40 0 0.00177333333333333 
41 0 0.001215 
42 0 0.000831666666666667 
43 0 0.00052 
44 0 0.000301666666666667 
45 0 0.00017 
46 0 0.0000866666666666667 
47 0 0.0000433333333333333 
48 0 0.0000216666666666667 
49 0 0.0000108333333333333 
50 0 0.00000583333333333333 
51 0 0.00000333333333333333 
52 0 0.00000166666666666667 
53 0 0.00000166666666666667 
54 0 0.000000833333333333333 
55 0 0.000000833333333333333 
56 0 0 
111 0 0 
