** Period (Monthly) Age-Specific Fertility Rates for USA in 1991 
* Retrieved from the Human Fertility Database, www.humanfertility.org 
* Max Planck Institute for Demographic Research (Germany) and 
* Vienna Institute of Demography (Austria) 
* Data downloaded on  30 Mar 2023 17:42:59 CEST 
** NB: The original HFD annual rates have been converted into monthly rates 
** The open age interval (55+) is limited to one year [55-56) 

birth 1 F single 0 
12 0 0 
13 0 0.00002 
14 0 0.000101666666666667 
15 0 0.000478333333333333 
16 0 0.0014775 
17 0 0.00309083333333333 
18 0 0.00502666666666667 
19 0 0.00714416666666667 
20 0 0.00837166666666667 
21 0 0.00902333333333333 
22 0 0.00947583333333333 
23 0 0.00982166666666667 
24 0 0.0099875 
25 0 0.0098125 
26 0 0.0100558333333333 
27 0 0.0100866666666667 
28 0 0.00995583333333333 
29 0 0.0100466666666667 
30 0 0.00884416666666667 
31 0 0.00828333333333333 
32 0 0.007665 
33 0 0.00661666666666667 
34 0 0.005705 
35 0 0.00473583333333333 
36 0 0.00399916666666667 
37 0 0.00328583333333333 
38 0 0.00252916666666667 
39 0 0.00200583333333333 
40 0 0.00134583333333333 
41 0 0.000945 
42 0 0.000629166666666667 
43 0 0.000380833333333333 
44 0 0.000215 
45 0 0.000109166666666667 
46 0 0.000055 
47 0 0.0000241666666666667 
48 0 0.00000833333333333333 
49 0 0.000005 
50 0 0.00000333333333333333 
51 0 0 
52 0 0 
53 0 0 
54 0 0 
55 0 0 
56 0 0 
111 0 0 

birth 1 F married 0 
12 0 0 
13 0 0.00002 
14 0 0.000101666666666667 
15 0 0.000478333333333333 
16 0 0.0014775 
17 0 0.00309083333333333 
18 0 0.00502666666666667 
19 0 0.00714416666666667 
20 0 0.00837166666666667 
21 0 0.00902333333333333 
22 0 0.00947583333333333 
23 0 0.00982166666666667 
24 0 0.0099875 
25 0 0.0098125 
26 0 0.0100558333333333 
27 0 0.0100866666666667 
28 0 0.00995583333333333 
29 0 0.0100466666666667 
30 0 0.00884416666666667 
31 0 0.00828333333333333 
32 0 0.007665 
33 0 0.00661666666666667 
34 0 0.005705 
35 0 0.00473583333333333 
36 0 0.00399916666666667 
37 0 0.00328583333333333 
38 0 0.00252916666666667 
39 0 0.00200583333333333 
40 0 0.00134583333333333 
41 0 0.000945 
42 0 0.000629166666666667 
43 0 0.000380833333333333 
44 0 0.000215 
45 0 0.000109166666666667 
46 0 0.000055 
47 0 0.0000241666666666667 
48 0 0.00000833333333333333 
49 0 0.000005 
50 0 0.00000333333333333333 
51 0 0 
52 0 0 
53 0 0 
54 0 0 
55 0 0 
56 0 0 
111 0 0 
