** Period (Monthly) Age-Specific Fertility Rates for USA in 2017 
* Retrieved from the Human Fertility Database, www.humanfertility.org 
* Max Planck Institute for Demographic Research (Germany) and 
* Vienna Institute of Demography (Austria) 
* Data downloaded on  16 Aug 2023 13:36:22 CEST 
** NB: The original HFD annual rates have been converted into monthly rates 
** The open age interval (55+) is limited to one year [55-56) 

birth 1 F single 0 
12 0 0 
13 0 0.0000025 
14 0 0.0000125 
15 0 0.0000641666666666667 
16 0 0.00023 
17 0 0.00058 
18 0 0.00114416666666667 
19 0 0.00217666666666667 
20 0 0.00367833333333333 
21 0 0.00467916666666667 
22 0 0.00536 
23 0 0.0060275 
24 0 0.0065275 
25 0 0.00694083333333333 
26 0 0.00735333333333333 
27 0 0.00773416666666667 
28 0 0.00819666666666667 
29 0 0.00863833333333333 
30 0 0.00903916666666667 
31 0 0.009125 
32 0 0.00904583333333333 
33 0 0.00854833333333333 
34 0 0.0079075 
35 0 0.00716833333333333 
36 0 0.006255 
37 0 0.00522666666666667 
38 0 0.00421666666666667 
39 0 0.00333083333333333 
40 0 0.00263333333333333 
41 0 0.0018825 
42 0 0.00131583333333333 
43 0 0.000838333333333333 
44 0 0.00051 
45 0 0.000285 
46 0 0.000158333333333333 
47 0 0.0000858333333333333 
48 0 0.0000491666666666667 
49 0 0.0000241666666666667 
50 0 0.0000191666666666667 
51 0 0.0000175 
52 0 0.00001 
53 0 0.00000416666666666667 
54 0 0.00000166666666666667 
55 0 0 
56 0 0 
111 0 0 

birth 1 F married 0 
12 0 0 
13 0 0.0000025 
14 0 0.0000125 
15 0 0.0000641666666666667 
16 0 0.00023 
17 0 0.00058 
18 0 0.00114416666666667 
19 0 0.00217666666666667 
20 0 0.00367833333333333 
21 0 0.00467916666666667 
22 0 0.00536 
23 0 0.0060275 
24 0 0.0065275 
25 0 0.00694083333333333 
26 0 0.00735333333333333 
27 0 0.00773416666666667 
28 0 0.00819666666666667 
29 0 0.00863833333333333 
30 0 0.00903916666666667 
31 0 0.009125 
32 0 0.00904583333333333 
33 0 0.00854833333333333 
34 0 0.0079075 
35 0 0.00716833333333333 
36 0 0.006255 
37 0 0.00522666666666667 
38 0 0.00421666666666667 
39 0 0.00333083333333333 
40 0 0.00263333333333333 
41 0 0.0018825 
42 0 0.00131583333333333 
43 0 0.000838333333333333 
44 0 0.00051 
45 0 0.000285 
46 0 0.000158333333333333 
47 0 0.0000858333333333333 
48 0 0.0000491666666666667 
49 0 0.0000241666666666667 
50 0 0.0000191666666666667 
51 0 0.0000175 
52 0 0.00001 
53 0 0.00000416666666666667 
54 0 0.00000166666666666667 
55 0 0 
56 0 0 
111 0 0 
