** Period (Monthly) Age-Specific Fertility Rates for USA in 1937 
* Retrieved from the Human Fertility Database, www.humanfertility.org 
* Max Planck Institute for Demographic Research (Germany) and 
* Vienna Institute of Demography (Austria) 
* Data downloaded on  04 Apr 2023 08:22:21 PDT 
** NB: The original HFD annual rates have been converted into monthly rates 
** The open age interval (55+) is limited to one year [55-56) 

birth 1 F single 0 
12 0 0 
13 0 0.000005 
14 0 0.000035 
15 0 0.0001725 
16 0 0.000640833333333333 
17 0 0.00182666666666667 
18 0 0.0037075 
19 0 0.00590333333333333 
20 0 0.00782416666666667 
21 0 0.0091275 
22 0 0.00981083333333333 
23 0 0.0103125 
24 0 0.0105625 
25 0 0.0101858333333333 
26 0 0.00977416666666667 
27 0 0.00936083333333333 
28 0 0.008915 
29 0 0.00856916666666667 
30 0 0.0079325 
31 0 0.007585 
32 0 0.00612166666666667 
33 0 0.00611916666666667 
34 0 0.00530083333333333 
35 0 0.00486583333333333 
36 0 0.0043375 
37 0 0.00412583333333333 
38 0 0.00393166666666667 
39 0 0.00317 
40 0 0.00266166666666667 
41 0 0.002175 
42 0 0.00145083333333333 
43 0 0.00130166666666667 
44 0 0.0008425 
45 0 0.000528333333333333 
46 0 0.000325833333333333 
47 0 0.000170833333333333 
48 0 0.0000891666666666667 
49 0 0.0000466666666666667 
50 0 0.0000241666666666667 
51 0 0.00000916666666666667 
52 0 0.00000333333333333333 
53 0 0.000005 
54 0 0.00000333333333333333 
55 0 0.00000166666666666667 
56 0 0.000000833333333333333 
111 0 0 

birth 1 F married 0 
12 0 0 
13 0 0.000005 
14 0 0.000035 
15 0 0.0001725 
16 0 0.000640833333333333 
17 0 0.00182666666666667 
18 0 0.0037075 
19 0 0.00590333333333333 
20 0 0.00782416666666667 
21 0 0.0091275 
22 0 0.00981083333333333 
23 0 0.0103125 
24 0 0.0105625 
25 0 0.0101858333333333 
26 0 0.00977416666666667 
27 0 0.00936083333333333 
28 0 0.008915 
29 0 0.00856916666666667 
30 0 0.0079325 
31 0 0.007585 
32 0 0.00612166666666667 
33 0 0.00611916666666667 
34 0 0.00530083333333333 
35 0 0.00486583333333333 
36 0 0.0043375 
37 0 0.00412583333333333 
38 0 0.00393166666666667 
39 0 0.00317 
40 0 0.00266166666666667 
41 0 0.002175 
42 0 0.00145083333333333 
43 0 0.00130166666666667 
44 0 0.0008425 
45 0 0.000528333333333333 
46 0 0.000325833333333333 
47 0 0.000170833333333333 
48 0 0.0000891666666666667 
49 0 0.0000466666666666667 
50 0 0.0000241666666666667 
51 0 0.00000916666666666667 
52 0 0.00000333333333333333 
53 0 0.000005 
54 0 0.00000333333333333333 
55 0 0.00000166666666666667 
56 0 0.000000833333333333333 
111 0 0 
