** Period (Monthly) Age-Specific Fertility Rates for USA in 1950 
* Retrieved from the Human Fertility Database, www.humanfertility.org 
* Max Planck Institute for Demographic Research (Germany) and 
* Vienna Institute of Demography (Austria) 
* Data downloaded on  30 Mar 2023 17:56:05 CEST 
** NB: The original HFD annual rates have been converted into monthly rates 
** The open age interval (55+) is limited to one year [55-56) 

birth 1 F single 0 
12 0 0 
13 0 0 
14 0 0.0000233333333333333 
15 0 0.0003725 
16 0 0.00112666666666667 
17 0 0.00308583333333333 
18 0 0.00597666666666667 
19 0 0.00959166666666667 
20 0 0.0128991666666667 
21 0 0.0151216666666667 
22 0 0.0158416666666667 
23 0 0.0166933333333333 
24 0 0.0167825 
25 0 0.01618 
26 0 0.0159158333333333 
27 0 0.0145275 
28 0 0.0131575 
29 0 0.0130166666666667 
30 0 0.0117266666666667 
31 0 0.0107433333333333 
32 0 0.00885083333333333 
33 0 0.008585 
34 0 0.00724583333333333 
35 0 0.00656333333333333 
36 0 0.00578166666666667 
37 0 0.00492416666666667 
38 0 0.00410333333333333 
39 0 0.0035925 
40 0 0.00288333333333333 
41 0 0.00224916666666667 
42 0 0.0014125 
43 0 0.00117333333333333 
44 0 0.0007125 
45 0 0.000403333333333333 
46 0 0.000225833333333333 
47 0 0.000105 
48 0 0.0000466666666666667 
49 0 0.0000241666666666667 
50 0 0.000015 
51 0 0.00000666666666666667 
52 0 0.00000333333333333333 
53 0 0.00000166666666666667 
54 0 0.000000833333333333333 
55 0 0 
56 0 0 
111 0 0 

birth 1 F married 0 
12 0 0 
13 0 0 
14 0 0.0000233333333333333 
15 0 0.0003725 
16 0 0.00112666666666667 
17 0 0.00308583333333333 
18 0 0.00597666666666667 
19 0 0.00959166666666667 
20 0 0.0128991666666667 
21 0 0.0151216666666667 
22 0 0.0158416666666667 
23 0 0.0166933333333333 
24 0 0.0167825 
25 0 0.01618 
26 0 0.0159158333333333 
27 0 0.0145275 
28 0 0.0131575 
29 0 0.0130166666666667 
30 0 0.0117266666666667 
31 0 0.0107433333333333 
32 0 0.00885083333333333 
33 0 0.008585 
34 0 0.00724583333333333 
35 0 0.00656333333333333 
36 0 0.00578166666666667 
37 0 0.00492416666666667 
38 0 0.00410333333333333 
39 0 0.0035925 
40 0 0.00288333333333333 
41 0 0.00224916666666667 
42 0 0.0014125 
43 0 0.00117333333333333 
44 0 0.0007125 
45 0 0.000403333333333333 
46 0 0.000225833333333333 
47 0 0.000105 
48 0 0.0000466666666666667 
49 0 0.0000241666666666667 
50 0 0.000015 
51 0 0.00000666666666666667 
52 0 0.00000333333333333333 
53 0 0.00000166666666666667 
54 0 0.000000833333333333333 
55 0 0 
56 0 0 
111 0 0 
