** Period (Monthly) Age-Specific Fertility Rates for USA in 2016 
* Retrieved from the Human Fertility Database, www.humanfertility.org 
* Max Planck Institute for Demographic Research (Germany) and 
* Vienna Institute of Demography (Austria) 
* Data downloaded on  06 Apr 2023 08:10:18 PDT 
** NB: The original HFD annual rates have been converted into monthly rates 
** The open age interval (55+) is limited to one year [55-56) 

birth 1 F single 0 
12 0 0 
13 0 0.0000025 
14 0 0.0000141666666666667 
15 0 0.0000758333333333333 
16 0 0.0002675 
17 0 0.000660833333333333 
18 0 0.00128166666666667 
19 0 0.00237333333333333 
20 0 0.00386583333333333 
21 0 0.0049375 
22 0 0.005595 
23 0 0.006285 
24 0 0.00673083333333333 
25 0 0.00711583333333333 
26 0 0.007555 
27 0 0.00806333333333333 
28 0 0.00854333333333333 
29 0 0.00906833333333333 
30 0 0.0093775 
31 0 0.00942833333333333 
32 0 0.00924916666666667 
33 0 0.00875833333333333 
34 0 0.00806666666666667 
35 0 0.0072225 
36 0 0.00628583333333333 
37 0 0.00524666666666667 
38 0 0.0042275 
39 0 0.0033825 
40 0 0.00259 
41 0 0.00190083333333333 
42 0 0.00127833333333333 
43 0 0.000825833333333333 
44 0 0.0005 
45 0 0.000280833333333333 
46 0 0.00015 
47 0 0.0000791666666666667 
48 0 0.0000458333333333333 
49 0 0.0000283333333333333 
50 0 0.0000175 
51 0 0.0000158333333333333 
52 0 0.00000916666666666667 
53 0 0.00000333333333333333 
54 0 0.00000166666666666667 
55 0 0 
56 0 0 
111 0 0 

birth 1 F married 0 
12 0 0 
13 0 0.0000025 
14 0 0.0000141666666666667 
15 0 0.0000758333333333333 
16 0 0.0002675 
17 0 0.000660833333333333 
18 0 0.00128166666666667 
19 0 0.00237333333333333 
20 0 0.00386583333333333 
21 0 0.0049375 
22 0 0.005595 
23 0 0.006285 
24 0 0.00673083333333333 
25 0 0.00711583333333333 
26 0 0.007555 
27 0 0.00806333333333333 
28 0 0.00854333333333333 
29 0 0.00906833333333333 
30 0 0.0093775 
31 0 0.00942833333333333 
32 0 0.00924916666666667 
33 0 0.00875833333333333 
34 0 0.00806666666666667 
35 0 0.0072225 
36 0 0.00628583333333333 
37 0 0.00524666666666667 
38 0 0.0042275 
39 0 0.0033825 
40 0 0.00259 
41 0 0.00190083333333333 
42 0 0.00127833333333333 
43 0 0.000825833333333333 
44 0 0.0005 
45 0 0.000280833333333333 
46 0 0.00015 
47 0 0.0000791666666666667 
48 0 0.0000458333333333333 
49 0 0.0000283333333333333 
50 0 0.0000175 
51 0 0.0000158333333333333 
52 0 0.00000916666666666667 
53 0 0.00000333333333333333 
54 0 0.00000166666666666667 
55 0 0 
56 0 0 
111 0 0 
