** Period (Monthly) Age-Specific Fertility Rates for USA in 1933 
* Retrieved from the Human Fertility Database, www.humanfertility.org 
* Max Planck Institute for Demographic Research (Germany) and 
* Vienna Institute of Demography (Austria) 
* Data downloaded on  30 Mar 2023 17:42:57 CEST 
** NB: The original HFD annual rates have been converted into monthly rates 
** The open age interval (55+) is limited to one year [55-56) 

birth 1 F single 0 
12 0 0 
13 0 0.00000333333333333333 
14 0 0.0000366666666666667 
15 0 0.0001475 
16 0 0.00056 
17 0 0.0015625 
18 0 0.003205 
19 0 0.00548833333333333 
20 0 0.00726583333333333 
21 0 0.00844666666666667 
22 0 0.00886583333333333 
23 0 0.0094575 
24 0 0.00982083333333333 
25 0 0.00956333333333333 
26 0 0.00949 
27 0 0.00906083333333333 
28 0 0.00843166666666667 
29 0 0.00856916666666667 
30 0 0.00757833333333333 
31 0 0.0075075 
32 0 0.00578416666666667 
33 0 0.00651083333333333 
34 0 0.006345 
35 0 0.00501083333333333 
36 0 0.0050075 
37 0 0.00451333333333333 
38 0 0.00395666666666667 
39 0 0.0039625 
40 0 0.00310333333333333 
41 0 0.002565 
42 0 0.00163916666666667 
43 0 0.00156416666666667 
44 0 0.00106916666666667 
45 0 0.000673333333333333 
46 0 0.000438333333333333 
47 0 0.000204166666666667 
48 0 0.000105833333333333 
49 0 0.0000675 
50 0 0.0000308333333333333 
51 0 0.0000075 
52 0 0.0000025 
53 0 0.0000025 
54 0 0.0000025 
55 0 0.00000166666666666667 
56 0 0 
111 0 0 

birth 1 F married 0 
12 0 0 
13 0 0.00000333333333333333 
14 0 0.0000366666666666667 
15 0 0.0001475 
16 0 0.00056 
17 0 0.0015625 
18 0 0.003205 
19 0 0.00548833333333333 
20 0 0.00726583333333333 
21 0 0.00844666666666667 
22 0 0.00886583333333333 
23 0 0.0094575 
24 0 0.00982083333333333 
25 0 0.00956333333333333 
26 0 0.00949 
27 0 0.00906083333333333 
28 0 0.00843166666666667 
29 0 0.00856916666666667 
30 0 0.00757833333333333 
31 0 0.0075075 
32 0 0.00578416666666667 
33 0 0.00651083333333333 
34 0 0.006345 
35 0 0.00501083333333333 
36 0 0.0050075 
37 0 0.00451333333333333 
38 0 0.00395666666666667 
39 0 0.0039625 
40 0 0.00310333333333333 
41 0 0.002565 
42 0 0.00163916666666667 
43 0 0.00156416666666667 
44 0 0.00106916666666667 
45 0 0.000673333333333333 
46 0 0.000438333333333333 
47 0 0.000204166666666667 
48 0 0.000105833333333333 
49 0 0.0000675 
50 0 0.0000308333333333333 
51 0 0.0000075 
52 0 0.0000025 
53 0 0.0000025 
54 0 0.0000025 
55 0 0.00000166666666666667 
56 0 0 
111 0 0 
