** Period (Monthly) Age-Specific Fertility Rates for USA in 1996 
* Retrieved from the Human Fertility Database, www.humanfertility.org 
* Max Planck Institute for Demographic Research (Germany) and 
* Vienna Institute of Demography (Austria) 
* Data downloaded on  31 Mar 2023 06:10:03 CEST 
** NB: The original HFD annual rates have been converted into monthly rates 
** The open age interval (55+) is limited to one year [55-56) 

birth 1 F single 0 
12 0 0 
13 0 0.0000125 
14 0 0.0000816666666666667 
15 0 0.000395 
16 0 0.00125416666666667 
17 0 0.00269166666666667 
18 0 0.0044325 
19 0 0.00633166666666667 
20 0 0.00777416666666667 
21 0 0.00846 
22 0 0.00887916666666667 
23 0 0.00926583333333333 
24 0 0.00917166666666667 
25 0 0.00897666666666667 
26 0 0.00895583333333333 
27 0 0.0091275 
28 0 0.0090525 
29 0 0.00933 
30 0 0.00881166666666667 
31 0 0.008265 
32 0 0.00786833333333333 
33 0 0.00701666666666667 
34 0 0.00611583333333333 
35 0 0.005165 
36 0 0.00431833333333333 
37 0 0.0035975 
38 0 0.00281 
39 0 0.00219416666666667 
40 0 0.00158583333333333 
41 0 0.00112166666666667 
42 0 0.000766666666666667 
43 0 0.000470833333333333 
44 0 0.000273333333333333 
45 0 0.0001475 
46 0 0.00007 
47 0 0.0000366666666666667 
48 0 0.000015 
49 0 0.00000666666666666667 
50 0 0.00000416666666666667 
51 0 0 
52 0 0 
53 0 0 
54 0 0 
55 0 0 
56 0 0 
111 0 0 

birth 1 F married 0 
12 0 0 
13 0 0.0000125 
14 0 0.0000816666666666667 
15 0 0.000395 
16 0 0.00125416666666667 
17 0 0.00269166666666667 
18 0 0.0044325 
19 0 0.00633166666666667 
20 0 0.00777416666666667 
21 0 0.00846 
22 0 0.00887916666666667 
23 0 0.00926583333333333 
24 0 0.00917166666666667 
25 0 0.00897666666666667 
26 0 0.00895583333333333 
27 0 0.0091275 
28 0 0.0090525 
29 0 0.00933 
30 0 0.00881166666666667 
31 0 0.008265 
32 0 0.00786833333333333 
33 0 0.00701666666666667 
34 0 0.00611583333333333 
35 0 0.005165 
36 0 0.00431833333333333 
37 0 0.0035975 
38 0 0.00281 
39 0 0.00219416666666667 
40 0 0.00158583333333333 
41 0 0.00112166666666667 
42 0 0.000766666666666667 
43 0 0.000470833333333333 
44 0 0.000273333333333333 
45 0 0.0001475 
46 0 0.00007 
47 0 0.0000366666666666667 
48 0 0.000015 
49 0 0.00000666666666666667 
50 0 0.00000416666666666667 
51 0 0 
52 0 0 
53 0 0 
54 0 0 
55 0 0 
56 0 0 
111 0 0 
