** Period (Monthly) Age-Specific Fertility Rates for USA in 2006 
* Retrieved from the Human Fertility Database, www.humanfertility.org 
* Max Planck Institute for Demographic Research (Germany) and 
* Vienna Institute of Demography (Austria) 
* Data downloaded on  04 Apr 2023 20:02:37 CEST 
** NB: The original HFD annual rates have been converted into monthly rates 
** The open age interval (55+) is limited to one year [55-56) 

birth 1 F single 0 
12 0 0 
13 0 0.00000583333333333333 
14 0 0.0000425 
15 0 0.000205833333333333 
16 0 0.000714166666666667 
17 0 0.00165833333333333 
18 0 0.003055 
19 0 0.0049275 
20 0 0.00693833333333333 
21 0 0.0079625 
22 0 0.00840083333333333 
23 0 0.0090125 
24 0 0.00921416666666667 
25 0 0.0093525 
26 0 0.00941583333333333 
27 0 0.00972333333333333 
28 0 0.0098475 
29 0 0.0101516666666667 
30 0 0.0101608333333333 
31 0 0.00961416666666667 
32 0 0.0092175 
33 0 0.0083575 
34 0 0.00745416666666667 
35 0 0.00661833333333333 
36 0 0.0057625 
37 0 0.0048125 
38 0 0.00383666666666667 
39 0 0.003005 
40 0 0.0022575 
41 0 0.00161916666666667 
42 0 0.00106666666666667 
43 0 0.000675833333333333 
44 0 0.000401666666666667 
45 0 0.000225 
46 0 0.0001175 
47 0 0.0000575 
48 0 0.0000308333333333333 
49 0 0.0000166666666666667 
50 0 0.00001 
51 0 0.00000916666666666667 
52 0 0.00000583333333333333 
53 0 0.0000025 
54 0 0.000000833333333333333 
55 0 0 
56 0 0 
111 0 0 

birth 1 F married 0 
12 0 0 
13 0 0.00000583333333333333 
14 0 0.0000425 
15 0 0.000205833333333333 
16 0 0.000714166666666667 
17 0 0.00165833333333333 
18 0 0.003055 
19 0 0.0049275 
20 0 0.00693833333333333 
21 0 0.0079625 
22 0 0.00840083333333333 
23 0 0.0090125 
24 0 0.00921416666666667 
25 0 0.0093525 
26 0 0.00941583333333333 
27 0 0.00972333333333333 
28 0 0.0098475 
29 0 0.0101516666666667 
30 0 0.0101608333333333 
31 0 0.00961416666666667 
32 0 0.0092175 
33 0 0.0083575 
34 0 0.00745416666666667 
35 0 0.00661833333333333 
36 0 0.0057625 
37 0 0.0048125 
38 0 0.00383666666666667 
39 0 0.003005 
40 0 0.0022575 
41 0 0.00161916666666667 
42 0 0.00106666666666667 
43 0 0.000675833333333333 
44 0 0.000401666666666667 
45 0 0.000225 
46 0 0.0001175 
47 0 0.0000575 
48 0 0.0000308333333333333 
49 0 0.0000166666666666667 
50 0 0.00001 
51 0 0.00000916666666666667 
52 0 0.00000583333333333333 
53 0 0.0000025 
54 0 0.000000833333333333333 
55 0 0 
56 0 0 
111 0 0 
