** Period (Monthly) Age-Specific Fertility Rates for USA in 2003 
* Retrieved from the Human Fertility Database, www.humanfertility.org 
* Max Planck Institute for Demographic Research (Germany) and 
* Vienna Institute of Demography (Austria) 
* Data downloaded on  31 Mrz 2023 12:08:37 CEST 
** NB: The original HFD annual rates have been converted into monthly rates 
** The open age interval (55+) is limited to one year [55-56) 

birth 1 F single 0 
12 0 0 
13 0 0 
14 0 0.0000158333333333333 
15 0 0.000251666666666667 
16 0 0.0007475 
17 0 0.00170916666666667 
18 0 0.00308916666666667 
19 0 0.00484666666666667 
20 0 0.00677 
21 0 0.00783 
22 0 0.00824333333333333 
23 0 0.0086275 
24 0 0.00885833333333333 
25 0 0.0091025 
26 0 0.00949916666666667 
27 0 0.00971416666666667 
28 0 0.00972 
29 0 0.00980333333333333 
30 0 0.009825 
31 0 0.00929666666666667 
32 0 0.008905 
33 0 0.00813416666666667 
34 0 0.00726 
35 0 0.00643833333333333 
36 0 0.00553 
37 0 0.00459166666666667 
38 0 0.0035875 
39 0 0.002755 
40 0 0.00209666666666667 
41 0 0.00149083333333333 
42 0 0.000989166666666667 
43 0 0.000614166666666667 
44 0 0.000360833333333333 
45 0 0.0001975 
46 0 0.000104166666666667 
47 0 0.0000533333333333333 
48 0 0.0000258333333333333 
49 0 0.0000141666666666667 
50 0 0.0000075 
51 0 0.00000583333333333333 
52 0 0.00000416666666666667 
53 0 0.00000166666666666667 
54 0 0.00000166666666666667 
55 0 0.000000833333333333333 
56 0 0 
111 0 0 

birth 1 F married 0 
12 0 0 
13 0 0 
14 0 0.0000158333333333333 
15 0 0.000251666666666667 
16 0 0.0007475 
17 0 0.00170916666666667 
18 0 0.00308916666666667 
19 0 0.00484666666666667 
20 0 0.00677 
21 0 0.00783 
22 0 0.00824333333333333 
23 0 0.0086275 
24 0 0.00885833333333333 
25 0 0.0091025 
26 0 0.00949916666666667 
27 0 0.00971416666666667 
28 0 0.00972 
29 0 0.00980333333333333 
30 0 0.009825 
31 0 0.00929666666666667 
32 0 0.008905 
33 0 0.00813416666666667 
34 0 0.00726 
35 0 0.00643833333333333 
36 0 0.00553 
37 0 0.00459166666666667 
38 0 0.0035875 
39 0 0.002755 
40 0 0.00209666666666667 
41 0 0.00149083333333333 
42 0 0.000989166666666667 
43 0 0.000614166666666667 
44 0 0.000360833333333333 
45 0 0.0001975 
46 0 0.000104166666666667 
47 0 0.0000533333333333333 
48 0 0.0000258333333333333 
49 0 0.0000141666666666667 
50 0 0.0000075 
51 0 0.00000583333333333333 
52 0 0.00000416666666666667 
53 0 0.00000166666666666667 
54 0 0.00000166666666666667 
55 0 0.000000833333333333333 
56 0 0 
111 0 0 
