** Period (Monthly) Age-Specific Fertility Rates for USA in 1940 
* Retrieved from the Human Fertility Database, www.humanfertility.org 
* Max Planck Institute for Demographic Research (Germany) and 
* Vienna Institute of Demography (Austria) 
* Data downloaded on  02 Apr 2023 10:04:54 PDT 
** NB: The original HFD annual rates have been converted into monthly rates 
** The open age interval (55+) is limited to one year [55-56) 

birth 1 F single 0 
12 0 0 
13 0 0 
14 0 0.0000125 
15 0 0.000214166666666667 
16 0 0.000745 
17 0 0.00197083333333333 
18 0 0.0038475 
19 0 0.00594 
20 0 0.00792833333333333 
21 0 0.0095875 
22 0 0.0103441666666667 
23 0 0.01056 
24 0 0.0106733333333333 
25 0 0.0110858333333333 
26 0 0.01096 
27 0 0.0100316666666667 
28 0 0.00927333333333333 
29 0 0.00876416666666667 
30 0 0.0084975 
31 0 0.00786 
32 0 0.00693666666666667 
33 0 0.00624583333333333 
34 0 0.00571833333333333 
35 0 0.00527833333333333 
36 0 0.00464583333333333 
37 0 0.00395083333333333 
38 0 0.00338916666666667 
39 0 0.002895 
40 0 0.00242666666666667 
41 0 0.0019975 
42 0 0.00154083333333333 
43 0 0.00107333333333333 
44 0 0.000690833333333333 
45 0 0.000419166666666667 
46 0 0.000254166666666667 
47 0 0.00015 
48 0 0.0000791666666666667 
49 0 0.0000391666666666667 
50 0 0.0000191666666666667 
51 0 0.0000108333333333333 
52 0 0.00000583333333333333 
53 0 0.0000025 
54 0 0.000000833333333333333 
55 0 0 
56 0 0 
111 0 0 

birth 1 F married 0 
12 0 0 
13 0 0 
14 0 0.0000125 
15 0 0.000214166666666667 
16 0 0.000745 
17 0 0.00197083333333333 
18 0 0.0038475 
19 0 0.00594 
20 0 0.00792833333333333 
21 0 0.0095875 
22 0 0.0103441666666667 
23 0 0.01056 
24 0 0.0106733333333333 
25 0 0.0110858333333333 
26 0 0.01096 
27 0 0.0100316666666667 
28 0 0.00927333333333333 
29 0 0.00876416666666667 
30 0 0.0084975 
31 0 0.00786 
32 0 0.00693666666666667 
33 0 0.00624583333333333 
34 0 0.00571833333333333 
35 0 0.00527833333333333 
36 0 0.00464583333333333 
37 0 0.00395083333333333 
38 0 0.00338916666666667 
39 0 0.002895 
40 0 0.00242666666666667 
41 0 0.0019975 
42 0 0.00154083333333333 
43 0 0.00107333333333333 
44 0 0.000690833333333333 
45 0 0.000419166666666667 
46 0 0.000254166666666667 
47 0 0.00015 
48 0 0.0000791666666666667 
49 0 0.0000391666666666667 
50 0 0.0000191666666666667 
51 0 0.0000108333333333333 
52 0 0.00000583333333333333 
53 0 0.0000025 
54 0 0.000000833333333333333 
55 0 0 
56 0 0 
111 0 0 
