** Period (Monthly) Age-Specific Fertility Rates for USA in 1949 
* Retrieved from the Human Fertility Database, www.humanfertility.org 
* Max Planck Institute for Demographic Research (Germany) and 
* Vienna Institute of Demography (Austria) 
* Data downloaded on  02 Apr 2023 10:04:54 PDT 
** NB: The original HFD annual rates have been converted into monthly rates 
** The open age interval (55+) is limited to one year [55-56) 

birth 1 F single 0 
12 0 0 
13 0 0 
14 0 0.0000233333333333333 
15 0 0.0003725 
16 0 0.00111416666666667 
17 0 0.00304166666666667 
18 0 0.0059825 
19 0 0.00962166666666667 
20 0 0.0131758333333333 
21 0 0.0150191666666667 
22 0 0.0163608333333333 
23 0 0.0167216666666667 
24 0 0.01683 
25 0 0.0165608333333333 
26 0 0.0155033333333333 
27 0 0.0142158333333333 
28 0 0.0133958333333333 
29 0 0.0129233333333333 
30 0 0.0115441666666667 
31 0 0.0102825 
32 0 0.00908833333333333 
33 0 0.0082925 
34 0 0.00725916666666667 
35 0 0.00658083333333333 
36 0 0.00577 
37 0 0.00489 
38 0 0.00410833333333333 
39 0 0.0037325 
40 0 0.00296833333333333 
41 0 0.0021975 
42 0 0.00147833333333333 
43 0 0.00116833333333333 
44 0 0.000735833333333333 
45 0 0.000428333333333333 
46 0 0.000238333333333333 
47 0 0.000115 
48 0 0.000055 
49 0 0.0000291666666666667 
50 0 0.0000183333333333333 
51 0 0.0000075 
52 0 0.00000416666666666667 
53 0 0.00000166666666666667 
54 0 0.000000833333333333333 
55 0 0 
56 0 0 
111 0 0 

birth 1 F married 0 
12 0 0 
13 0 0 
14 0 0.0000233333333333333 
15 0 0.0003725 
16 0 0.00111416666666667 
17 0 0.00304166666666667 
18 0 0.0059825 
19 0 0.00962166666666667 
20 0 0.0131758333333333 
21 0 0.0150191666666667 
22 0 0.0163608333333333 
23 0 0.0167216666666667 
24 0 0.01683 
25 0 0.0165608333333333 
26 0 0.0155033333333333 
27 0 0.0142158333333333 
28 0 0.0133958333333333 
29 0 0.0129233333333333 
30 0 0.0115441666666667 
31 0 0.0102825 
32 0 0.00908833333333333 
33 0 0.0082925 
34 0 0.00725916666666667 
35 0 0.00658083333333333 
36 0 0.00577 
37 0 0.00489 
38 0 0.00410833333333333 
39 0 0.0037325 
40 0 0.00296833333333333 
41 0 0.0021975 
42 0 0.00147833333333333 
43 0 0.00116833333333333 
44 0 0.000735833333333333 
45 0 0.000428333333333333 
46 0 0.000238333333333333 
47 0 0.000115 
48 0 0.000055 
49 0 0.0000291666666666667 
50 0 0.0000183333333333333 
51 0 0.0000075 
52 0 0.00000416666666666667 
53 0 0.00000166666666666667 
54 0 0.000000833333333333333 
55 0 0 
56 0 0 
111 0 0 
