** Period (Monthly) Age-Specific Fertility Rates for USA in 1934 
* Retrieved from the Human Fertility Database, www.humanfertility.org 
* Max Planck Institute for Demographic Research (Germany) and 
* Vienna Institute of Demography (Austria) 
* Data downloaded on  06 Apr 2023 08:10:15 PDT 
** NB: The original HFD annual rates have been converted into monthly rates 
** The open age interval (55+) is limited to one year [55-56) 

birth 1 F single 0 
12 0 0 
13 0 0.00000166666666666667 
14 0 0.0000333333333333333 
15 0 0.000165 
16 0 0.000595833333333333 
17 0 0.00165916666666667 
18 0 0.003385 
19 0 0.0057975 
20 0 0.00762916666666667 
21 0 0.0089575 
22 0 0.00941333333333333 
23 0 0.00983916666666667 
24 0 0.0100283333333333 
25 0 0.0101733333333333 
26 0 0.00961333333333333 
27 0 0.00949916666666667 
28 0 0.00873916666666667 
29 0 0.008795 
30 0 0.0079025 
31 0 0.007775 
32 0 0.0060325 
33 0 0.00628416666666667 
34 0 0.0058275 
35 0 0.00604 
36 0 0.00473 
37 0 0.00450083333333333 
38 0 0.00389166666666667 
39 0 0.00397416666666667 
40 0 0.00312666666666667 
41 0 0.00252 
42 0 0.00163583333333333 
43 0 0.00156166666666667 
44 0 0.00102916666666667 
45 0 0.0006575 
46 0 0.000409166666666667 
47 0 0.000201666666666667 
48 0 0.000101666666666667 
49 0 0.0000725 
50 0 0.0000308333333333333 
51 0 0.00000916666666666667 
52 0 0.00000166666666666667 
53 0 0.00000166666666666667 
54 0 0.000000833333333333333 
55 0 0.000000833333333333333 
56 0 0 
111 0 0 

birth 1 F married 0 
12 0 0 
13 0 0.00000166666666666667 
14 0 0.0000333333333333333 
15 0 0.000165 
16 0 0.000595833333333333 
17 0 0.00165916666666667 
18 0 0.003385 
19 0 0.0057975 
20 0 0.00762916666666667 
21 0 0.0089575 
22 0 0.00941333333333333 
23 0 0.00983916666666667 
24 0 0.0100283333333333 
25 0 0.0101733333333333 
26 0 0.00961333333333333 
27 0 0.00949916666666667 
28 0 0.00873916666666667 
29 0 0.008795 
30 0 0.0079025 
31 0 0.007775 
32 0 0.0060325 
33 0 0.00628416666666667 
34 0 0.0058275 
35 0 0.00604 
36 0 0.00473 
37 0 0.00450083333333333 
38 0 0.00389166666666667 
39 0 0.00397416666666667 
40 0 0.00312666666666667 
41 0 0.00252 
42 0 0.00163583333333333 
43 0 0.00156166666666667 
44 0 0.00102916666666667 
45 0 0.0006575 
46 0 0.000409166666666667 
47 0 0.000201666666666667 
48 0 0.000101666666666667 
49 0 0.0000725 
50 0 0.0000308333333333333 
51 0 0.00000916666666666667 
52 0 0.00000166666666666667 
53 0 0.00000166666666666667 
54 0 0.000000833333333333333 
55 0 0.000000833333333333333 
56 0 0 
111 0 0 
