** Period (Monthly) Age-Specific Fertility Rates for USA in 1992 
* Retrieved from the Human Fertility Database, www.humanfertility.org 
* Max Planck Institute for Demographic Research (Germany) and 
* Vienna Institute of Demography (Austria) 
* Data downloaded on  06 Apr 2023 08:10:17 PDT 
** NB: The original HFD annual rates have been converted into monthly rates 
** The open age interval (55+) is limited to one year [55-56) 

birth 1 F single 0 
12 0 0 
13 0 0.000015 
14 0 0.000101666666666667 
15 0 0.000480833333333333 
16 0 0.0014425 
17 0 0.00305833333333333 
18 0 0.00490833333333333 
19 0 0.00704 
20 0 0.00838416666666667 
21 0 0.00904833333333333 
22 0 0.00942583333333333 
23 0 0.00965666666666667 
24 0 0.00962416666666667 
25 0 0.0096725 
26 0 0.00978833333333333 
27 0 0.00984 
28 0 0.0098075 
29 0 0.0099975 
30 0 0.0088575 
31 0 0.00826666666666667 
32 0 0.00763166666666667 
33 0 0.0066875 
34 0 0.00575833333333333 
35 0 0.00484583333333333 
36 0 0.0040175 
37 0 0.00331833333333333 
38 0 0.002575 
39 0 0.00202833333333333 
40 0 0.00139416666666667 
41 0 0.000985833333333333 
42 0 0.0006675 
43 0 0.0004 
44 0 0.0002225 
45 0 0.000115 
46 0 0.0000541666666666667 
47 0 0.0000233333333333333 
48 0 0.0000108333333333333 
49 0 0.00000666666666666667 
50 0 0.0000025 
51 0 0 
52 0 0 
53 0 0 
54 0 0 
55 0 0 
56 0 0 
111 0 0 

birth 1 F married 0 
12 0 0 
13 0 0.000015 
14 0 0.000101666666666667 
15 0 0.000480833333333333 
16 0 0.0014425 
17 0 0.00305833333333333 
18 0 0.00490833333333333 
19 0 0.00704 
20 0 0.00838416666666667 
21 0 0.00904833333333333 
22 0 0.00942583333333333 
23 0 0.00965666666666667 
24 0 0.00962416666666667 
25 0 0.0096725 
26 0 0.00978833333333333 
27 0 0.00984 
28 0 0.0098075 
29 0 0.0099975 
30 0 0.0088575 
31 0 0.00826666666666667 
32 0 0.00763166666666667 
33 0 0.0066875 
34 0 0.00575833333333333 
35 0 0.00484583333333333 
36 0 0.0040175 
37 0 0.00331833333333333 
38 0 0.002575 
39 0 0.00202833333333333 
40 0 0.00139416666666667 
41 0 0.000985833333333333 
42 0 0.0006675 
43 0 0.0004 
44 0 0.0002225 
45 0 0.000115 
46 0 0.0000541666666666667 
47 0 0.0000233333333333333 
48 0 0.0000108333333333333 
49 0 0.00000666666666666667 
50 0 0.0000025 
51 0 0 
52 0 0 
53 0 0 
54 0 0 
55 0 0 
56 0 0 
111 0 0 
