** Period (Monthly) Age-Specific Fertility Rates for USA in 1993 
* Retrieved from the Human Fertility Database, www.humanfertility.org 
* Max Planck Institute for Demographic Research (Germany) and 
* Vienna Institute of Demography (Austria) 
* Data downloaded on  04 Apr 2023 08:22:23 PDT 
** NB: The original HFD annual rates have been converted into monthly rates 
** The open age interval (55+) is limited to one year [55-56) 

birth 1 F single 0 
12 0 0 
13 0 0.0000125 
14 0 0.0001025 
15 0 0.000473333333333333 
16 0 0.00145666666666667 
17 0 0.00302916666666667 
18 0 0.00491416666666667 
19 0 0.0068875 
20 0 0.0082675 
21 0 0.00896416666666667 
22 0 0.0093 
23 0 0.00949666666666667 
24 0 0.00934916666666667 
25 0 0.00924916666666667 
26 0 0.00949166666666667 
27 0 0.00964416666666667 
28 0 0.009495 
29 0 0.00973083333333333 
30 0 0.00886416666666667 
31 0 0.00827333333333333 
32 0 0.0076425 
33 0 0.00669166666666667 
34 0 0.00586416666666667 
35 0 0.004865 
36 0 0.00404416666666667 
37 0 0.00337166666666667 
38 0 0.00260416666666667 
39 0 0.00206416666666667 
40 0 0.00142166666666667 
41 0 0.00101333333333333 
42 0 0.000676666666666667 
43 0 0.000415 
44 0 0.000241666666666667 
45 0 0.000124166666666667 
46 0 0.0000591666666666667 
47 0 0.0000275 
48 0 0.0000125 
49 0 0.00000666666666666667 
50 0 0.00000333333333333333 
51 0 0 
52 0 0 
53 0 0 
54 0 0 
55 0 0 
56 0 0 
111 0 0 

birth 1 F married 0 
12 0 0 
13 0 0.0000125 
14 0 0.0001025 
15 0 0.000473333333333333 
16 0 0.00145666666666667 
17 0 0.00302916666666667 
18 0 0.00491416666666667 
19 0 0.0068875 
20 0 0.0082675 
21 0 0.00896416666666667 
22 0 0.0093 
23 0 0.00949666666666667 
24 0 0.00934916666666667 
25 0 0.00924916666666667 
26 0 0.00949166666666667 
27 0 0.00964416666666667 
28 0 0.009495 
29 0 0.00973083333333333 
30 0 0.00886416666666667 
31 0 0.00827333333333333 
32 0 0.0076425 
33 0 0.00669166666666667 
34 0 0.00586416666666667 
35 0 0.004865 
36 0 0.00404416666666667 
37 0 0.00337166666666667 
38 0 0.00260416666666667 
39 0 0.00206416666666667 
40 0 0.00142166666666667 
41 0 0.00101333333333333 
42 0 0.000676666666666667 
43 0 0.000415 
44 0 0.000241666666666667 
45 0 0.000124166666666667 
46 0 0.0000591666666666667 
47 0 0.0000275 
48 0 0.0000125 
49 0 0.00000666666666666667 
50 0 0.00000333333333333333 
51 0 0 
52 0 0 
53 0 0 
54 0 0 
55 0 0 
56 0 0 
111 0 0 
