** Period (Monthly) Age-Specific Fertility Rates for USA in 1987 
* Retrieved from the Human Fertility Database, www.humanfertility.org 
* Max Planck Institute for Demographic Research (Germany) and 
* Vienna Institute of Demography (Austria) 
* Data downloaded on  06 Apr 2023 08:10:17 PDT 
** NB: The original HFD annual rates have been converted into monthly rates 
** The open age interval (55+) is limited to one year [55-56) 

birth 1 F single 0 
12 0 0 
13 0 0.0000141666666666667 
14 0 0.0000966666666666667 
15 0 0.000420833333333333 
16 0 0.00122666666666667 
17 0 0.00254083333333333 
18 0 0.00408166666666667 
19 0 0.0058425 
20 0 0.00717833333333333 
21 0 0.00800916666666667 
22 0 0.00871166666666667 
23 0 0.00919333333333333 
24 0 0.00950916666666667 
25 0 0.00941583333333333 
26 0 0.00964083333333333 
27 0 0.009685 
28 0 0.00950916666666667 
29 0 0.00952083333333333 
30 0 0.00822583333333333 
31 0 0.0076725 
32 0 0.00690083333333333 
33 0 0.00602583333333333 
34 0 0.0051275 
35 0 0.00418333333333333 
36 0 0.00346333333333333 
37 0 0.00275666666666667 
38 0 0.00205166666666667 
39 0 0.0015775 
40 0 0.00102 
41 0 0.000708333333333333 
42 0 0.0004825 
43 0 0.000285 
44 0 0.000169166666666667 
45 0 0.0000908333333333333 
46 0 0.0000475 
47 0 0.0000225 
48 0 0.00001 
49 0 0.00000416666666666667 
50 0 0.0000025 
51 0 0 
52 0 0 
53 0 0 
54 0 0 
55 0 0 
56 0 0 
111 0 0 

birth 1 F married 0 
12 0 0 
13 0 0.0000141666666666667 
14 0 0.0000966666666666667 
15 0 0.000420833333333333 
16 0 0.00122666666666667 
17 0 0.00254083333333333 
18 0 0.00408166666666667 
19 0 0.0058425 
20 0 0.00717833333333333 
21 0 0.00800916666666667 
22 0 0.00871166666666667 
23 0 0.00919333333333333 
24 0 0.00950916666666667 
25 0 0.00941583333333333 
26 0 0.00964083333333333 
27 0 0.009685 
28 0 0.00950916666666667 
29 0 0.00952083333333333 
30 0 0.00822583333333333 
31 0 0.0076725 
32 0 0.00690083333333333 
33 0 0.00602583333333333 
34 0 0.0051275 
35 0 0.00418333333333333 
36 0 0.00346333333333333 
37 0 0.00275666666666667 
38 0 0.00205166666666667 
39 0 0.0015775 
40 0 0.00102 
41 0 0.000708333333333333 
42 0 0.0004825 
43 0 0.000285 
44 0 0.000169166666666667 
45 0 0.0000908333333333333 
46 0 0.0000475 
47 0 0.0000225 
48 0 0.00001 
49 0 0.00000416666666666667 
50 0 0.0000025 
51 0 0 
52 0 0 
53 0 0 
54 0 0 
55 0 0 
56 0 0 
111 0 0 
