** Period (Monthly) Age-Specific Fertility Rates for USA in 1995 
* Retrieved from the Human Fertility Database, www.humanfertility.org 
* Max Planck Institute for Demographic Research (Germany) and 
* Vienna Institute of Demography (Austria) 
* Data downloaded on  04 Apr 2023 08:22:23 PDT 
** NB: The original HFD annual rates have been converted into monthly rates 
** The open age interval (55+) is limited to one year [55-56) 

birth 1 F single 0 
12 0 0 
13 0 0.0000125 
14 0 0.0000908333333333333 
15 0 0.000441666666666667 
16 0 0.00137916666666667 
17 0 0.00287583333333333 
18 0 0.00472583333333333 
19 0 0.00660333333333333 
20 0 0.00796416666666667 
21 0 0.008575 
22 0 0.0089275 
23 0 0.0092125 
24 0 0.00911916666666667 
25 0 0.00892 
26 0 0.0089275 
27 0 0.0090875 
28 0 0.00912916666666667 
29 0 0.00938916666666667 
30 0 0.00875916666666667 
31 0 0.0082575 
32 0 0.00782833333333333 
33 0 0.00686416666666667 
34 0 0.00596666666666667 
35 0 0.00504416666666667 
36 0 0.00422416666666667 
37 0 0.00346583333333333 
38 0 0.00272166666666667 
39 0 0.00216166666666667 
40 0 0.00152 
41 0 0.001075 
42 0 0.0007375 
43 0 0.00045 
44 0 0.000265833333333333 
45 0 0.000138333333333333 
46 0 0.0000666666666666667 
47 0 0.00003 
48 0 0.0000141666666666667 
49 0 0.0000075 
50 0 0.00000333333333333333 
51 0 0 
52 0 0 
53 0 0 
54 0 0 
55 0 0 
56 0 0 
111 0 0 

birth 1 F married 0 
12 0 0 
13 0 0.0000125 
14 0 0.0000908333333333333 
15 0 0.000441666666666667 
16 0 0.00137916666666667 
17 0 0.00287583333333333 
18 0 0.00472583333333333 
19 0 0.00660333333333333 
20 0 0.00796416666666667 
21 0 0.008575 
22 0 0.0089275 
23 0 0.0092125 
24 0 0.00911916666666667 
25 0 0.00892 
26 0 0.0089275 
27 0 0.0090875 
28 0 0.00912916666666667 
29 0 0.00938916666666667 
30 0 0.00875916666666667 
31 0 0.0082575 
32 0 0.00782833333333333 
33 0 0.00686416666666667 
34 0 0.00596666666666667 
35 0 0.00504416666666667 
36 0 0.00422416666666667 
37 0 0.00346583333333333 
38 0 0.00272166666666667 
39 0 0.00216166666666667 
40 0 0.00152 
41 0 0.001075 
42 0 0.0007375 
43 0 0.00045 
44 0 0.000265833333333333 
45 0 0.000138333333333333 
46 0 0.0000666666666666667 
47 0 0.00003 
48 0 0.0000141666666666667 
49 0 0.0000075 
50 0 0.00000333333333333333 
51 0 0 
52 0 0 
53 0 0 
54 0 0 
55 0 0 
56 0 0 
111 0 0 
