** Period (Monthly) Age-Specific Fertility Rates for USA in 1994 
* Retrieved from the Human Fertility Database, www.humanfertility.org 
* Max Planck Institute for Demographic Research (Germany) and 
* Vienna Institute of Demography (Austria) 
* Data downloaded on  30 Mar 2023 19:31:06 CEST 
** NB: The original HFD annual rates have been converted into monthly rates 
** The open age interval (55+) is limited to one year [55-56) 

birth 1 F single 0 
12 0 0 
13 0 0.0000141666666666667 
14 0 0.0000958333333333333 
15 0 0.000475833333333333 
16 0 0.00143 
17 0 0.00303583333333333 
18 0 0.00487333333333333 
19 0 0.00681583333333333 
20 0 0.00816166666666667 
21 0 0.00879833333333333 
22 0 0.00910833333333333 
23 0 0.009345 
24 0 0.0092325 
25 0 0.00903833333333333 
26 0 0.00913666666666667 
27 0 0.00940333333333333 
28 0 0.00934666666666667 
29 0 0.00950083333333333 
30 0 0.0088025 
31 0 0.00832 
32 0 0.0077325 
33 0 0.00673916666666667 
34 0 0.00589833333333333 
35 0 0.00496666666666667 
36 0 0.00413416666666667 
37 0 0.00341666666666667 
38 0 0.0026525 
39 0 0.00212166666666667 
40 0 0.00148916666666667 
41 0 0.00105083333333333 
42 0 0.000708333333333333 
43 0 0.000441666666666667 
44 0 0.000248333333333333 
45 0 0.000135833333333333 
46 0 0.0000616666666666667 
47 0 0.0000283333333333333 
48 0 0.0000125 
49 0 0.0000075 
50 0 0.000005 
51 0 0 
52 0 0 
53 0 0 
54 0 0 
55 0 0 
56 0 0 
111 0 0 

birth 1 F married 0 
12 0 0 
13 0 0.0000141666666666667 
14 0 0.0000958333333333333 
15 0 0.000475833333333333 
16 0 0.00143 
17 0 0.00303583333333333 
18 0 0.00487333333333333 
19 0 0.00681583333333333 
20 0 0.00816166666666667 
21 0 0.00879833333333333 
22 0 0.00910833333333333 
23 0 0.009345 
24 0 0.0092325 
25 0 0.00903833333333333 
26 0 0.00913666666666667 
27 0 0.00940333333333333 
28 0 0.00934666666666667 
29 0 0.00950083333333333 
30 0 0.0088025 
31 0 0.00832 
32 0 0.0077325 
33 0 0.00673916666666667 
34 0 0.00589833333333333 
35 0 0.00496666666666667 
36 0 0.00413416666666667 
37 0 0.00341666666666667 
38 0 0.0026525 
39 0 0.00212166666666667 
40 0 0.00148916666666667 
41 0 0.00105083333333333 
42 0 0.000708333333333333 
43 0 0.000441666666666667 
44 0 0.000248333333333333 
45 0 0.000135833333333333 
46 0 0.0000616666666666667 
47 0 0.0000283333333333333 
48 0 0.0000125 
49 0 0.0000075 
50 0 0.000005 
51 0 0 
52 0 0 
53 0 0 
54 0 0 
55 0 0 
56 0 0 
111 0 0 
