** Period (Monthly) Age-Specific Fertility Rates for USA in 1947 
* Retrieved from the Human Fertility Database, www.humanfertility.org 
* Max Planck Institute for Demographic Research (Germany) and 
* Vienna Institute of Demography (Austria) 
* Data downloaded on  31 Mar 2023 06:10:01 CEST 
** NB: The original HFD annual rates have been converted into monthly rates 
** The open age interval (55+) is limited to one year [55-56) 

birth 1 F single 0 
12 0 0 
13 0 0 
14 0 0.0000216666666666667 
15 0 0.00033 
16 0 0.000958333333333333 
17 0 0.0025925 
18 0 0.00546833333333333 
19 0 0.00915916666666667 
20 0 0.0130566666666667 
21 0 0.0156466666666667 
22 0 0.0168783333333333 
23 0 0.0175925 
24 0 0.0179016666666667 
25 0 0.0168808333333333 
26 0 0.0162208333333333 
27 0 0.0156725 
28 0 0.0143266666666667 
29 0 0.0129291666666667 
30 0 0.0121666666666667 
31 0 0.0112475 
32 0 0.00961583333333333 
33 0 0.00915833333333333 
34 0 0.0080425 
35 0 0.00715416666666667 
36 0 0.0061825 
37 0 0.00547083333333333 
38 0 0.00467416666666667 
39 0 0.003945 
40 0 0.00315833333333333 
41 0 0.00237333333333333 
42 0 0.00156833333333333 
43 0 0.00128 
44 0 0.000796666666666667 
45 0 0.00046 
46 0 0.000250833333333333 
47 0 0.000131666666666667 
48 0 0.00007 
49 0 0.000025 
50 0 0.0000125 
51 0 0.00000416666666666667 
52 0 0.0000025 
53 0 0.0000025 
54 0 0.00000166666666666667 
55 0 0.00000333333333333333 
56 0 0.0000075 
111 0 0 

birth 1 F married 0 
12 0 0 
13 0 0 
14 0 0.0000216666666666667 
15 0 0.00033 
16 0 0.000958333333333333 
17 0 0.0025925 
18 0 0.00546833333333333 
19 0 0.00915916666666667 
20 0 0.0130566666666667 
21 0 0.0156466666666667 
22 0 0.0168783333333333 
23 0 0.0175925 
24 0 0.0179016666666667 
25 0 0.0168808333333333 
26 0 0.0162208333333333 
27 0 0.0156725 
28 0 0.0143266666666667 
29 0 0.0129291666666667 
30 0 0.0121666666666667 
31 0 0.0112475 
32 0 0.00961583333333333 
33 0 0.00915833333333333 
34 0 0.0080425 
35 0 0.00715416666666667 
36 0 0.0061825 
37 0 0.00547083333333333 
38 0 0.00467416666666667 
39 0 0.003945 
40 0 0.00315833333333333 
41 0 0.00237333333333333 
42 0 0.00156833333333333 
43 0 0.00128 
44 0 0.000796666666666667 
45 0 0.00046 
46 0 0.000250833333333333 
47 0 0.000131666666666667 
48 0 0.00007 
49 0 0.000025 
50 0 0.0000125 
51 0 0.00000416666666666667 
52 0 0.0000025 
53 0 0.0000025 
54 0 0.00000166666666666667 
55 0 0.00000333333333333333 
56 0 0.0000075 
111 0 0 
