** Period (Monthly) Age-Specific Fertility Rates for USA in 1974 
* Retrieved from the Human Fertility Database, www.humanfertility.org 
* Max Planck Institute for Demographic Research (Germany) and 
* Vienna Institute of Demography (Austria) 
* Data downloaded on  04 Apr 2023 08:22:22 PDT 
** NB: The original HFD annual rates have been converted into monthly rates 
** The open age interval (55+) is limited to one year [55-56) 

birth 1 F single 0 
12 0 0 
13 0 0.000015 
14 0 0.00008 
15 0 0.000405 
16 0 0.00133916666666667 
17 0 0.00302833333333333 
18 0 0.004995 
19 0 0.00674833333333333 
20 0 0.00800333333333333 
21 0 0.00874333333333333 
22 0 0.00951416666666667 
23 0 0.0100625 
24 0 0.0104858333333333 
25 0 0.0103566666666667 
26 0 0.0104825 
27 0 0.0102658333333333 
28 0 0.00937583333333333 
29 0 0.00865083333333333 
30 0 0.00714083333333333 
31 0 0.00601333333333333 
32 0 0.005145 
33 0 0.00436333333333333 
34 0 0.00360666666666667 
35 0 0.00293 
36 0 0.00238416666666667 
37 0 0.0019925 
38 0 0.00164416666666667 
39 0 0.00132833333333333 
40 0 0.00102416666666667 
41 0 0.000765 
42 0 0.000531666666666667 
43 0 0.000373333333333333 
44 0 0.000234166666666667 
45 0 0.000125 
46 0 0.0000616666666666667 
47 0 0.0000341666666666667 
48 0 0.0000141666666666667 
49 0 0.00000583333333333333 
50 0 0.0000025 
51 0 0 
52 0 0 
53 0 0 
54 0 0 
55 0 0 
56 0 0 
111 0 0 

birth 1 F married 0 
12 0 0 
13 0 0.000015 
14 0 0.00008 
15 0 0.000405 
16 0 0.00133916666666667 
17 0 0.00302833333333333 
18 0 0.004995 
19 0 0.00674833333333333 
20 0 0.00800333333333333 
21 0 0.00874333333333333 
22 0 0.00951416666666667 
23 0 0.0100625 
24 0 0.0104858333333333 
25 0 0.0103566666666667 
26 0 0.0104825 
27 0 0.0102658333333333 
28 0 0.00937583333333333 
29 0 0.00865083333333333 
30 0 0.00714083333333333 
31 0 0.00601333333333333 
32 0 0.005145 
33 0 0.00436333333333333 
34 0 0.00360666666666667 
35 0 0.00293 
36 0 0.00238416666666667 
37 0 0.0019925 
38 0 0.00164416666666667 
39 0 0.00132833333333333 
40 0 0.00102416666666667 
41 0 0.000765 
42 0 0.000531666666666667 
43 0 0.000373333333333333 
44 0 0.000234166666666667 
45 0 0.000125 
46 0 0.0000616666666666667 
47 0 0.0000341666666666667 
48 0 0.0000141666666666667 
49 0 0.00000583333333333333 
50 0 0.0000025 
51 0 0 
52 0 0 
53 0 0 
54 0 0 
55 0 0 
56 0 0 
111 0 0 
