** Period (Monthly) Age-Specific Fertility Rates for USA in 1977 
* Retrieved from the Human Fertility Database, www.humanfertility.org 
* Max Planck Institute for Demographic Research (Germany) and 
* Vienna Institute of Demography (Austria) 
* Data downloaded on  30 Mar 2023 17:56:06 CEST 
** NB: The original HFD annual rates have been converted into monthly rates 
** The open age interval (55+) is limited to one year [55-56) 

birth 1 F single 0 
12 0 0 
13 0 0.0000125 
14 0 0.0000783333333333333 
15 0 0.000378333333333333 
16 0 0.00123583333333333 
17 0 0.0027525 
18 0 0.0044775 
19 0 0.00609166666666667 
20 0 0.00736 
21 0 0.00828333333333333 
22 0 0.00914333333333333 
23 0 0.00963083333333333 
24 0 0.0100741666666667 
25 0 0.0100683333333333 
26 0 0.0101975 
27 0 0.0100633333333333 
28 0 0.00934166666666667 
29 0 0.0089075 
30 0 0.00761666666666667 
31 0 0.00647333333333333 
32 0 0.00558583333333333 
33 0 0.00449666666666667 
34 0 0.00371166666666667 
35 0 0.0028825 
36 0 0.00238083333333333 
37 0 0.00190083333333333 
38 0 0.00150166666666667 
39 0 0.00120666666666667 
40 0 0.000871666666666667 
41 0 0.000648333333333333 
42 0 0.0004625 
43 0 0.000321666666666667 
44 0 0.0002 
45 0 0.000105 
46 0 0.000055 
47 0 0.0000258333333333333 
48 0 0.00001 
49 0 0.00000416666666666667 
50 0 0.00000166666666666667 
51 0 0 
52 0 0 
53 0 0 
54 0 0 
55 0 0 
56 0 0 
111 0 0 

birth 1 F married 0 
12 0 0 
13 0 0.0000125 
14 0 0.0000783333333333333 
15 0 0.000378333333333333 
16 0 0.00123583333333333 
17 0 0.0027525 
18 0 0.0044775 
19 0 0.00609166666666667 
20 0 0.00736 
21 0 0.00828333333333333 
22 0 0.00914333333333333 
23 0 0.00963083333333333 
24 0 0.0100741666666667 
25 0 0.0100683333333333 
26 0 0.0101975 
27 0 0.0100633333333333 
28 0 0.00934166666666667 
29 0 0.0089075 
30 0 0.00761666666666667 
31 0 0.00647333333333333 
32 0 0.00558583333333333 
33 0 0.00449666666666667 
34 0 0.00371166666666667 
35 0 0.0028825 
36 0 0.00238083333333333 
37 0 0.00190083333333333 
38 0 0.00150166666666667 
39 0 0.00120666666666667 
40 0 0.000871666666666667 
41 0 0.000648333333333333 
42 0 0.0004625 
43 0 0.000321666666666667 
44 0 0.0002 
45 0 0.000105 
46 0 0.000055 
47 0 0.0000258333333333333 
48 0 0.00001 
49 0 0.00000416666666666667 
50 0 0.00000166666666666667 
51 0 0 
52 0 0 
53 0 0 
54 0 0 
55 0 0 
56 0 0 
111 0 0 
