** Period (Monthly) Age-Specific Fertility Rates for USA in 1990 
* Retrieved from the Human Fertility Database, www.humanfertility.org 
* Max Planck Institute for Demographic Research (Germany) and 
* Vienna Institute of Demography (Austria) 
* Data downloaded on  04 Apr 2023 08:22:22 PDT 
** NB: The original HFD annual rates have been converted into monthly rates 
** The open age interval (55+) is limited to one year [55-56) 

birth 1 F single 0 
12 0 0 
13 0 0.0000191666666666667 
14 0 0.000100833333333333 
15 0 0.0004825 
16 0 0.00142583333333333 
17 0 0.0030075 
18 0 0.00484166666666667 
19 0 0.00687583333333333 
20 0 0.00810583333333333 
21 0 0.00879583333333333 
22 0 0.00938666666666667 
23 0 0.00999916666666667 
24 0 0.0101908333333333 
25 0 0.0100816666666667 
26 0 0.0103741666666667 
27 0 0.01045 
28 0 0.0102108333333333 
29 0 0.0102525 
30 0 0.00901833333333333 
31 0 0.00843333333333333 
32 0 0.0077225 
33 0 0.0067375 
34 0 0.00576916666666667 
35 0 0.004785 
36 0 0.00398583333333333 
37 0 0.00326583333333333 
38 0 0.00247916666666667 
39 0 0.00193916666666667 
40 0 0.00129 
41 0 0.000911666666666667 
42 0 0.000595 
43 0 0.000354166666666667 
44 0 0.000205833333333333 
45 0 0.000109166666666667 
46 0 0.00005 
47 0 0.0000241666666666667 
48 0 0.00001 
49 0 0.000005 
50 0 0.000005 
51 0 0 
52 0 0 
53 0 0 
54 0 0 
55 0 0 
56 0 0 
111 0 0 

birth 1 F married 0 
12 0 0 
13 0 0.0000191666666666667 
14 0 0.000100833333333333 
15 0 0.0004825 
16 0 0.00142583333333333 
17 0 0.0030075 
18 0 0.00484166666666667 
19 0 0.00687583333333333 
20 0 0.00810583333333333 
21 0 0.00879583333333333 
22 0 0.00938666666666667 
23 0 0.00999916666666667 
24 0 0.0101908333333333 
25 0 0.0100816666666667 
26 0 0.0103741666666667 
27 0 0.01045 
28 0 0.0102108333333333 
29 0 0.0102525 
30 0 0.00901833333333333 
31 0 0.00843333333333333 
32 0 0.0077225 
33 0 0.0067375 
34 0 0.00576916666666667 
35 0 0.004785 
36 0 0.00398583333333333 
37 0 0.00326583333333333 
38 0 0.00247916666666667 
39 0 0.00193916666666667 
40 0 0.00129 
41 0 0.000911666666666667 
42 0 0.000595 
43 0 0.000354166666666667 
44 0 0.000205833333333333 
45 0 0.000109166666666667 
46 0 0.00005 
47 0 0.0000241666666666667 
48 0 0.00001 
49 0 0.000005 
50 0 0.000005 
51 0 0 
52 0 0 
53 0 0 
54 0 0 
55 0 0 
56 0 0 
111 0 0 
