** Period (Monthly) Age-Specific Fertility Rates for USA in 1973 
* Retrieved from the Human Fertility Database, www.humanfertility.org 
* Max Planck Institute for Demographic Research (Germany) and 
* Vienna Institute of Demography (Austria) 
* Data downloaded on  03 Apr 2023 22:47:26 CEST 
** NB: The original HFD annual rates have been converted into monthly rates 
** The open age interval (55+) is limited to one year [55-56) 

birth 1 F single 0 
12 0 0 
13 0 0.0000141666666666667 
14 0 0.0000833333333333333 
15 0 0.000415 
16 0 0.00138416666666667 
17 0 0.00313916666666667 
18 0 0.00518583333333333 
19 0 0.00698833333333333 
20 0 0.00824 
21 0 0.008885 
22 0 0.0096775 
23 0 0.0101891666666667 
24 0 0.0106816666666667 
25 0 0.0105733333333333 
26 0 0.0106316666666667 
27 0 0.0103083333333333 
28 0 0.00947333333333333 
29 0 0.008485 
30 0 0.0072725 
31 0 0.00611416666666667 
32 0 0.00531083333333333 
33 0 0.00448666666666667 
34 0 0.00377 
35 0 0.00306166666666667 
36 0 0.002575 
37 0 0.00214916666666667 
38 0 0.00180916666666667 
39 0 0.00147166666666667 
40 0 0.00113333333333333 
41 0 0.000839166666666667 
42 0 0.000605 
43 0 0.000428333333333333 
44 0 0.000268333333333333 
45 0 0.000139166666666667 
46 0 0.0000758333333333333 
47 0 0.000035 
48 0 0.0000141666666666667 
49 0 0.00000583333333333333 
50 0 0.00000166666666666667 
51 0 0 
52 0 0 
53 0 0 
54 0 0 
55 0 0 
56 0 0 
111 0 0 

birth 1 F married 0 
12 0 0 
13 0 0.0000141666666666667 
14 0 0.0000833333333333333 
15 0 0.000415 
16 0 0.00138416666666667 
17 0 0.00313916666666667 
18 0 0.00518583333333333 
19 0 0.00698833333333333 
20 0 0.00824 
21 0 0.008885 
22 0 0.0096775 
23 0 0.0101891666666667 
24 0 0.0106816666666667 
25 0 0.0105733333333333 
26 0 0.0106316666666667 
27 0 0.0103083333333333 
28 0 0.00947333333333333 
29 0 0.008485 
30 0 0.0072725 
31 0 0.00611416666666667 
32 0 0.00531083333333333 
33 0 0.00448666666666667 
34 0 0.00377 
35 0 0.00306166666666667 
36 0 0.002575 
37 0 0.00214916666666667 
38 0 0.00180916666666667 
39 0 0.00147166666666667 
40 0 0.00113333333333333 
41 0 0.000839166666666667 
42 0 0.000605 
43 0 0.000428333333333333 
44 0 0.000268333333333333 
45 0 0.000139166666666667 
46 0 0.0000758333333333333 
47 0 0.000035 
48 0 0.0000141666666666667 
49 0 0.00000583333333333333 
50 0 0.00000166666666666667 
51 0 0 
52 0 0 
53 0 0 
54 0 0 
55 0 0 
56 0 0 
111 0 0 
