** Period (Monthly) Age-Specific Fertility Rates for USA in 1971 
* Retrieved from the Human Fertility Database, www.humanfertility.org 
* Max Planck Institute for Demographic Research (Germany) and 
* Vienna Institute of Demography (Austria) 
* Data downloaded on  03 Apr 2023 21:14:34 CEST 
** NB: The original HFD annual rates have been converted into monthly rates 
** The open age interval (55+) is limited to one year [55-56) 

birth 1 F single 0 
12 0 0 
13 0 0.0000125 
14 0 0.0000725 
15 0 0.00038 
16 0 0.001285 
17 0 0.00305833333333333 
18 0 0.00527833333333333 
19 0 0.0076825 
20 0 0.00991333333333333 
21 0 0.0109841666666667 
22 0 0.0122783333333333 
23 0 0.0129975 
24 0 0.0136508333333333 
25 0 0.0130741666666667 
26 0 0.013055 
27 0 0.0122691666666667 
28 0 0.0112358333333333 
29 0 0.0101091666666667 
30 0 0.00885416666666667 
31 0 0.0072925 
32 0 0.00646583333333333 
33 0 0.00545166666666667 
34 0 0.00467333333333333 
35 0 0.00386083333333333 
36 0 0.00337083333333333 
37 0 0.00284583333333333 
38 0 0.00229916666666667 
39 0 0.00192416666666667 
40 0 0.00148416666666667 
41 0 0.00111833333333333 
42 0 0.000785833333333333 
43 0 0.000545833333333333 
44 0 0.00034 
45 0 0.000185 
46 0 0.0000983333333333333 
47 0 0.0000475 
48 0 0.0000208333333333333 
49 0 0.0000075 
50 0 0.0000025 
51 0 0 
52 0 0 
53 0 0 
54 0 0 
55 0 0 
56 0 0 
111 0 0 

birth 1 F married 0 
12 0 0 
13 0 0.0000125 
14 0 0.0000725 
15 0 0.00038 
16 0 0.001285 
17 0 0.00305833333333333 
18 0 0.00527833333333333 
19 0 0.0076825 
20 0 0.00991333333333333 
21 0 0.0109841666666667 
22 0 0.0122783333333333 
23 0 0.0129975 
24 0 0.0136508333333333 
25 0 0.0130741666666667 
26 0 0.013055 
27 0 0.0122691666666667 
28 0 0.0112358333333333 
29 0 0.0101091666666667 
30 0 0.00885416666666667 
31 0 0.0072925 
32 0 0.00646583333333333 
33 0 0.00545166666666667 
34 0 0.00467333333333333 
35 0 0.00386083333333333 
36 0 0.00337083333333333 
37 0 0.00284583333333333 
38 0 0.00229916666666667 
39 0 0.00192416666666667 
40 0 0.00148416666666667 
41 0 0.00111833333333333 
42 0 0.000785833333333333 
43 0 0.000545833333333333 
44 0 0.00034 
45 0 0.000185 
46 0 0.0000983333333333333 
47 0 0.0000475 
48 0 0.0000208333333333333 
49 0 0.0000075 
50 0 0.0000025 
51 0 0 
52 0 0 
53 0 0 
54 0 0 
55 0 0 
56 0 0 
111 0 0 
