** Period (Monthly) Age-Specific Fertility Rates for USA in 1943 
* Retrieved from the Human Fertility Database, www.humanfertility.org 
* Max Planck Institute for Demographic Research (Germany) and 
* Vienna Institute of Demography (Austria) 
* Data downloaded on  06 Apr 2023 08:10:16 PDT 
** NB: The original HFD annual rates have been converted into monthly rates 
** The open age interval (55+) is limited to one year [55-56) 

birth 1 F single 0 
12 0 0 
13 0 0 
14 0 0.000015 
15 0 0.000253333333333333 
16 0 0.000881666666666667 
17 0 0.00229666666666667 
18 0 0.0044375 
19 0 0.00686 
20 0 0.00933416666666667 
21 0 0.0116141666666667 
22 0 0.0127625 
23 0 0.0132083333333333 
24 0 0.0134275 
25 0 0.0138908333333333 
26 0 0.0136308333333333 
27 0 0.012405 
28 0 0.0114266666666667 
29 0 0.0107966666666667 
30 0 0.0104933333333333 
31 0 0.009695 
32 0 0.00852583333333333 
33 0 0.00765166666666667 
34 0 0.00698083333333333 
35 0 0.00640916666666667 
36 0 0.0056225 
37 0 0.004745 
38 0 0.004005 
39 0 0.00334166666666667 
40 0 0.00271916666666667 
41 0 0.0021875 
42 0 0.00163666666666667 
43 0 0.00107916666666667 
44 0 0.000651666666666667 
45 0 0.000370833333333333 
46 0 0.000224166666666667 
47 0 0.00013 
48 0 0.0000658333333333333 
49 0 0.0000308333333333333 
50 0 0.0000133333333333333 
51 0 0.00000583333333333333 
52 0 0.00000333333333333333 
53 0 0.0000025 
54 0 0.0000025 
55 0 0.00000166666666666667 
56 0 0.00000666666666666667 
111 0 0 

birth 1 F married 0 
12 0 0 
13 0 0 
14 0 0.000015 
15 0 0.000253333333333333 
16 0 0.000881666666666667 
17 0 0.00229666666666667 
18 0 0.0044375 
19 0 0.00686 
20 0 0.00933416666666667 
21 0 0.0116141666666667 
22 0 0.0127625 
23 0 0.0132083333333333 
24 0 0.0134275 
25 0 0.0138908333333333 
26 0 0.0136308333333333 
27 0 0.012405 
28 0 0.0114266666666667 
29 0 0.0107966666666667 
30 0 0.0104933333333333 
31 0 0.009695 
32 0 0.00852583333333333 
33 0 0.00765166666666667 
34 0 0.00698083333333333 
35 0 0.00640916666666667 
36 0 0.0056225 
37 0 0.004745 
38 0 0.004005 
39 0 0.00334166666666667 
40 0 0.00271916666666667 
41 0 0.0021875 
42 0 0.00163666666666667 
43 0 0.00107916666666667 
44 0 0.000651666666666667 
45 0 0.000370833333333333 
46 0 0.000224166666666667 
47 0 0.00013 
48 0 0.0000658333333333333 
49 0 0.0000308333333333333 
50 0 0.0000133333333333333 
51 0 0.00000583333333333333 
52 0 0.00000333333333333333 
53 0 0.0000025 
54 0 0.0000025 
55 0 0.00000166666666666667 
56 0 0.00000666666666666667 
111 0 0 
