** Period (Monthly) Age-Specific Fertility Rates for USA in 1938 
* Retrieved from the Human Fertility Database, www.humanfertility.org 
* Max Planck Institute for Demographic Research (Germany) and 
* Vienna Institute of Demography (Austria) 
* Data downloaded on  04 Apr 2023 08:22:21 PDT 
** NB: The original HFD annual rates have been converted into monthly rates 
** The open age interval (55+) is limited to one year [55-56) 

birth 1 F single 0 
12 0 0 
13 0 0.00000583333333333333 
14 0 0.000035 
15 0 0.000184166666666667 
16 0 0.000640833333333333 
17 0 0.0018525 
18 0 0.0038175 
19 0 0.00633833333333333 
20 0 0.00790166666666667 
21 0 0.009495 
22 0 0.0100716666666667 
23 0 0.01057 
24 0 0.010925 
25 0 0.0106566666666667 
26 0 0.0102033333333333 
27 0 0.00969916666666667 
28 0 0.00907166666666667 
29 0 0.00911833333333333 
30 0 0.00799666666666667 
31 0 0.0079075 
32 0 0.00631583333333333 
33 0 0.00628833333333333 
34 0 0.00540333333333333 
35 0 0.0049875 
36 0 0.00442166666666667 
37 0 0.00389333333333333 
38 0 0.00356083333333333 
39 0 0.00367416666666667 
40 0 0.00248083333333333 
41 0 0.00214916666666667 
42 0 0.00139666666666667 
43 0 0.00128833333333333 
44 0 0.000848333333333333 
45 0 0.000511666666666667 
46 0 0.0003175 
47 0 0.000155833333333333 
48 0 0.0000808333333333333 
49 0 0.0000516666666666667 
50 0 0.0000225 
51 0 0.00000916666666666667 
52 0 0.00000416666666666667 
53 0 0.000005 
54 0 0.00000166666666666667 
55 0 0.000000833333333333333 
56 0 0 
111 0 0 

birth 1 F married 0 
12 0 0 
13 0 0.00000583333333333333 
14 0 0.000035 
15 0 0.000184166666666667 
16 0 0.000640833333333333 
17 0 0.0018525 
18 0 0.0038175 
19 0 0.00633833333333333 
20 0 0.00790166666666667 
21 0 0.009495 
22 0 0.0100716666666667 
23 0 0.01057 
24 0 0.010925 
25 0 0.0106566666666667 
26 0 0.0102033333333333 
27 0 0.00969916666666667 
28 0 0.00907166666666667 
29 0 0.00911833333333333 
30 0 0.00799666666666667 
31 0 0.0079075 
32 0 0.00631583333333333 
33 0 0.00628833333333333 
34 0 0.00540333333333333 
35 0 0.0049875 
36 0 0.00442166666666667 
37 0 0.00389333333333333 
38 0 0.00356083333333333 
39 0 0.00367416666666667 
40 0 0.00248083333333333 
41 0 0.00214916666666667 
42 0 0.00139666666666667 
43 0 0.00128833333333333 
44 0 0.000848333333333333 
45 0 0.000511666666666667 
46 0 0.0003175 
47 0 0.000155833333333333 
48 0 0.0000808333333333333 
49 0 0.0000516666666666667 
50 0 0.0000225 
51 0 0.00000916666666666667 
52 0 0.00000416666666666667 
53 0 0.000005 
54 0 0.00000166666666666667 
55 0 0.000000833333333333333 
56 0 0 
111 0 0 
