** Period (Monthly) Age-Specific Fertility Rates for USA in 2001 
* Retrieved from the Human Fertility Database, www.humanfertility.org 
* Max Planck Institute for Demographic Research (Germany) and 
* Vienna Institute of Demography (Austria) 
* Data downloaded on  16 Aug 2023 13:36:18 CEST 
** NB: The original HFD annual rates have been converted into monthly rates 
** The open age interval (55+) is limited to one year [55-56) 

birth 1 F single 0 
12 0 0 
13 0 0.00001 
14 0 0.0000533333333333333 
15 0 0.0002625 
16 0 0.000844166666666667 
17 0 0.00190416666666667 
18 0 0.00340583333333333 
19 0 0.00531333333333333 
20 0 0.00723083333333333 
21 0 0.00803583333333333 
22 0 0.00852833333333333 
23 0 0.00896583333333333 
24 0 0.00925916666666667 
25 0 0.00935333333333333 
26 0 0.009435 
27 0 0.00950416666666667 
28 0 0.00951833333333333 
29 0 0.00948333333333333 
30 0 0.00936833333333333 
31 0 0.00898916666666667 
32 0 0.00848916666666667 
33 0 0.00770833333333333 
34 0 0.00693666666666667 
35 0 0.006055 
36 0 0.0051225 
37 0 0.00415416666666667 
38 0 0.00330583333333333 
39 0 0.00257333333333333 
40 0 0.00192583333333333 
41 0 0.00135833333333333 
42 0 0.000905 
43 0 0.000566666666666667 
44 0 0.0003325 
45 0 0.000179166666666667 
46 0 0.0000941666666666667 
47 0 0.0000475 
48 0 0.0000241666666666667 
49 0 0.0000125 
50 0 0.00000916666666666667 
51 0 0.000005 
52 0 0.0000025 
53 0 0.000000833333333333333 
54 0 0.000000833333333333333 
55 0 0.000000833333333333333 
56 0 0 
111 0 0 

birth 1 F married 0 
12 0 0 
13 0 0.00001 
14 0 0.0000533333333333333 
15 0 0.0002625 
16 0 0.000844166666666667 
17 0 0.00190416666666667 
18 0 0.00340583333333333 
19 0 0.00531333333333333 
20 0 0.00723083333333333 
21 0 0.00803583333333333 
22 0 0.00852833333333333 
23 0 0.00896583333333333 
24 0 0.00925916666666667 
25 0 0.00935333333333333 
26 0 0.009435 
27 0 0.00950416666666667 
28 0 0.00951833333333333 
29 0 0.00948333333333333 
30 0 0.00936833333333333 
31 0 0.00898916666666667 
32 0 0.00848916666666667 
33 0 0.00770833333333333 
34 0 0.00693666666666667 
35 0 0.006055 
36 0 0.0051225 
37 0 0.00415416666666667 
38 0 0.00330583333333333 
39 0 0.00257333333333333 
40 0 0.00192583333333333 
41 0 0.00135833333333333 
42 0 0.000905 
43 0 0.000566666666666667 
44 0 0.0003325 
45 0 0.000179166666666667 
46 0 0.0000941666666666667 
47 0 0.0000475 
48 0 0.0000241666666666667 
49 0 0.0000125 
50 0 0.00000916666666666667 
51 0 0.000005 
52 0 0.0000025 
53 0 0.000000833333333333333 
54 0 0.000000833333333333333 
55 0 0.000000833333333333333 
56 0 0 
111 0 0 
