** Period (Monthly) Age-Specific Fertility Rates for USA in 2018 
* Retrieved from the Human Fertility Database, www.humanfertility.org 
* Max Planck Institute for Demographic Research (Germany) and 
* Vienna Institute of Demography (Austria) 
* Data downloaded on  06 Apr 2023 08:10:18 PDT 
** NB: The original HFD annual rates have been converted into monthly rates 
** The open age interval (55+) is limited to one year [55-56) 

birth 1 F single 0 
12 0 0 
13 0 0.0000025 
14 0 0.0000108333333333333 
15 0 0.0000583333333333333 
16 0 0.000203333333333333 
17 0 0.000536666666666667 
18 0 0.00105416666666667 
19 0 0.001995 
20 0 0.00341416666666667 
21 0 0.00448666666666667 
22 0 0.0050925 
23 0 0.00576333333333333 
24 0 0.00626583333333333 
25 0 0.00672 
26 0 0.00718666666666667 
27 0 0.007545 
28 0 0.00792 
29 0 0.00836166666666667 
30 0 0.0087225 
31 0 0.00896416666666667 
32 0 0.008965 
33 0 0.00849083333333333 
34 0 0.00787833333333333 
35 0 0.00716083333333333 
36 0 0.00633083333333333 
37 0 0.00531833333333333 
38 0 0.00424333333333333 
39 0 0.00334083333333333 
40 0 0.00262166666666667 
41 0 0.00191333333333333 
42 0 0.00133416666666667 
43 0 0.000851666666666667 
44 0 0.0005125 
45 0 0.000291666666666667 
46 0 0.000163333333333333 
47 0 0.0000875 
48 0 0.0000508333333333333 
49 0 0.0000291666666666667 
50 0 0.0000191666666666667 
51 0 0.00002 
52 0 0.0000125 
53 0 0.000005 
54 0 0.00000166666666666667 
55 0 0 
56 0 0 
111 0 0 

birth 1 F married 0 
12 0 0 
13 0 0.0000025 
14 0 0.0000108333333333333 
15 0 0.0000583333333333333 
16 0 0.000203333333333333 
17 0 0.000536666666666667 
18 0 0.00105416666666667 
19 0 0.001995 
20 0 0.00341416666666667 
21 0 0.00448666666666667 
22 0 0.0050925 
23 0 0.00576333333333333 
24 0 0.00626583333333333 
25 0 0.00672 
26 0 0.00718666666666667 
27 0 0.007545 
28 0 0.00792 
29 0 0.00836166666666667 
30 0 0.0087225 
31 0 0.00896416666666667 
32 0 0.008965 
33 0 0.00849083333333333 
34 0 0.00787833333333333 
35 0 0.00716083333333333 
36 0 0.00633083333333333 
37 0 0.00531833333333333 
38 0 0.00424333333333333 
39 0 0.00334083333333333 
40 0 0.00262166666666667 
41 0 0.00191333333333333 
42 0 0.00133416666666667 
43 0 0.000851666666666667 
44 0 0.0005125 
45 0 0.000291666666666667 
46 0 0.000163333333333333 
47 0 0.0000875 
48 0 0.0000508333333333333 
49 0 0.0000291666666666667 
50 0 0.0000191666666666667 
51 0 0.00002 
52 0 0.0000125 
53 0 0.000005 
54 0 0.00000166666666666667 
55 0 0 
56 0 0 
111 0 0 
