** Period (Monthly) Age-Specific Fertility Rates for USA in 1941 
* Retrieved from the Human Fertility Database, www.humanfertility.org 
* Max Planck Institute for Demographic Research (Germany) and 
* Vienna Institute of Demography (Austria) 
* Data downloaded on  04 Apr 2023 20:02:36 CEST 
** NB: The original HFD annual rates have been converted into monthly rates 
** The open age interval (55+) is limited to one year [55-56) 

birth 1 F single 0 
12 0 0 
13 0 0 
14 0 0.0000133333333333333 
15 0 0.0002275 
16 0 0.000790833333333333 
17 0 0.00207916666666667 
18 0 0.00404 
19 0 0.00624 
20 0 0.0084025 
21 0 0.0103116666666667 
22 0 0.0112025 
23 0 0.0114808333333333 
24 0 0.011595 
25 0 0.0119675 
26 0 0.0117383333333333 
27 0 0.0106766666666667 
28 0 0.00981166666666667 
29 0 0.00922916666666667 
30 0 0.0089125 
31 0 0.00820166666666667 
32 0 0.00720083333333333 
33 0 0.0064525 
34 0 0.0058825 
35 0 0.0054075 
36 0 0.00474416666666667 
37 0 0.00401666666666667 
38 0 0.003425 
39 0 0.00290416666666667 
40 0 0.00241333333333333 
41 0 0.00195833333333333 
42 0 0.00149583333333333 
43 0 0.00103916666666667 
44 0 0.000669166666666667 
45 0 0.000405833333333333 
46 0 0.000249166666666667 
47 0 0.000143333333333333 
48 0 0.0000716666666666667 
49 0 0.0000325 
50 0 0.0000141666666666667 
51 0 0.0000075 
52 0 0.00000416666666666667 
53 0 0.00000166666666666667 
54 0 0.000000833333333333333 
55 0 0 
56 0 0 
111 0 0 

birth 1 F married 0 
12 0 0 
13 0 0 
14 0 0.0000133333333333333 
15 0 0.0002275 
16 0 0.000790833333333333 
17 0 0.00207916666666667 
18 0 0.00404 
19 0 0.00624 
20 0 0.0084025 
21 0 0.0103116666666667 
22 0 0.0112025 
23 0 0.0114808333333333 
24 0 0.011595 
25 0 0.0119675 
26 0 0.0117383333333333 
27 0 0.0106766666666667 
28 0 0.00981166666666667 
29 0 0.00922916666666667 
30 0 0.0089125 
31 0 0.00820166666666667 
32 0 0.00720083333333333 
33 0 0.0064525 
34 0 0.0058825 
35 0 0.0054075 
36 0 0.00474416666666667 
37 0 0.00401666666666667 
38 0 0.003425 
39 0 0.00290416666666667 
40 0 0.00241333333333333 
41 0 0.00195833333333333 
42 0 0.00149583333333333 
43 0 0.00103916666666667 
44 0 0.000669166666666667 
45 0 0.000405833333333333 
46 0 0.000249166666666667 
47 0 0.000143333333333333 
48 0 0.0000716666666666667 
49 0 0.0000325 
50 0 0.0000141666666666667 
51 0 0.0000075 
52 0 0.00000416666666666667 
53 0 0.00000166666666666667 
54 0 0.000000833333333333333 
55 0 0 
56 0 0 
111 0 0 
