** Period (Monthly) Age-Specific Fertility Rates for USA in 2002 
* Retrieved from the Human Fertility Database, www.humanfertility.org 
* Max Planck Institute for Demographic Research (Germany) and 
* Vienna Institute of Demography (Austria) 
* Data downloaded on  16 Aug 2023 13:36:18 CEST 
** NB: The original HFD annual rates have been converted into monthly rates 
** The open age interval (55+) is limited to one year [55-56) 

birth 1 F single 0 
12 0 0 
13 0 0.00000833333333333333 
14 0 0.0000491666666666667 
15 0 0.000243333333333333 
16 0 0.000779166666666667 
17 0 0.0017925 
18 0 0.00320416666666667 
19 0 0.00500166666666667 
20 0 0.00698416666666667 
21 0 0.00787 
22 0 0.0082525 
23 0 0.00877 
24 0 0.00893916666666667 
25 0 0.00925333333333333 
26 0 0.00944166666666667 
27 0 0.00955416666666667 
28 0 0.00956666666666667 
29 0 0.0096025 
30 0 0.0094775 
31 0 0.00908916666666667 
32 0 0.00855666666666667 
33 0 0.0078125 
34 0 0.00695666666666667 
35 0 0.0062425 
36 0 0.0053 
37 0 0.00429666666666667 
38 0 0.0033825 
39 0 0.00263166666666667 
40 0 0.0019875 
41 0 0.00140333333333333 
42 0 0.000931666666666667 
43 0 0.000585833333333333 
44 0 0.000343333333333333 
45 0 0.000188333333333333 
46 0 0.000101666666666667 
47 0 0.0000491666666666667 
48 0 0.0000241666666666667 
49 0 0.0000141666666666667 
50 0 0.00000833333333333333 
51 0 0.00000416666666666667 
52 0 0.0000025 
53 0 0.00000166666666666667 
54 0 0.00000166666666666667 
55 0 0.000000833333333333333 
56 0 0 
111 0 0 

birth 1 F married 0 
12 0 0 
13 0 0.00000833333333333333 
14 0 0.0000491666666666667 
15 0 0.000243333333333333 
16 0 0.000779166666666667 
17 0 0.0017925 
18 0 0.00320416666666667 
19 0 0.00500166666666667 
20 0 0.00698416666666667 
21 0 0.00787 
22 0 0.0082525 
23 0 0.00877 
24 0 0.00893916666666667 
25 0 0.00925333333333333 
26 0 0.00944166666666667 
27 0 0.00955416666666667 
28 0 0.00956666666666667 
29 0 0.0096025 
30 0 0.0094775 
31 0 0.00908916666666667 
32 0 0.00855666666666667 
33 0 0.0078125 
34 0 0.00695666666666667 
35 0 0.0062425 
36 0 0.0053 
37 0 0.00429666666666667 
38 0 0.0033825 
39 0 0.00263166666666667 
40 0 0.0019875 
41 0 0.00140333333333333 
42 0 0.000931666666666667 
43 0 0.000585833333333333 
44 0 0.000343333333333333 
45 0 0.000188333333333333 
46 0 0.000101666666666667 
47 0 0.0000491666666666667 
48 0 0.0000241666666666667 
49 0 0.0000141666666666667 
50 0 0.00000833333333333333 
51 0 0.00000416666666666667 
52 0 0.0000025 
53 0 0.00000166666666666667 
54 0 0.00000166666666666667 
55 0 0.000000833333333333333 
56 0 0 
111 0 0 
