** Period (Monthly) Age-Specific Fertility Rates for USA in 1997 
* Retrieved from the Human Fertility Database, www.humanfertility.org 
* Max Planck Institute for Demographic Research (Germany) and 
* Vienna Institute of Demography (Austria) 
* Data downloaded on  03 Apr 2023 21:14:35 CEST 
** NB: The original HFD annual rates have been converted into monthly rates 
** The open age interval (55+) is limited to one year [55-56) 

birth 1 F single 0 
12 0 0 
13 0 0.0000116666666666667 
14 0 0.0000733333333333333 
15 0 0.000356666666666667 
16 0 0.00114 
17 0 0.00249333333333333 
18 0 0.00428333333333333 
19 0 0.00606583333333333 
20 0 0.007565 
21 0 0.00832666666666667 
22 0 0.008795 
23 0 0.00920583333333333 
24 0 0.00920333333333333 
25 0 0.00907666666666667 
26 0 0.00899333333333333 
27 0 0.00911916666666667 
28 0 0.00902833333333333 
29 0 0.0091775 
30 0 0.00885333333333333 
31 0 0.0082925 
32 0 0.00788416666666667 
33 0 0.00704916666666667 
34 0 0.00626416666666667 
35 0 0.0052925 
36 0 0.00437916666666667 
37 0 0.00365916666666667 
38 0 0.00289416666666667 
39 0 0.00224833333333333 
40 0 0.00164166666666667 
41 0 0.00115166666666667 
42 0 0.000788333333333333 
43 0 0.000489166666666667 
44 0 0.000289166666666667 
45 0 0.000153333333333333 
46 0 0.0000775 
47 0 0.000035 
48 0 0.0000175 
49 0 0.0000075 
50 0 0.000005 
51 0 0.0000025 
52 0 0.00000166666666666667 
53 0 0.000000833333333333333 
54 0 0.000000833333333333333 
55 0 0.000000833333333333333 
56 0 0 
111 0 0 

birth 1 F married 0 
12 0 0 
13 0 0.0000116666666666667 
14 0 0.0000733333333333333 
15 0 0.000356666666666667 
16 0 0.00114 
17 0 0.00249333333333333 
18 0 0.00428333333333333 
19 0 0.00606583333333333 
20 0 0.007565 
21 0 0.00832666666666667 
22 0 0.008795 
23 0 0.00920583333333333 
24 0 0.00920333333333333 
25 0 0.00907666666666667 
26 0 0.00899333333333333 
27 0 0.00911916666666667 
28 0 0.00902833333333333 
29 0 0.0091775 
30 0 0.00885333333333333 
31 0 0.0082925 
32 0 0.00788416666666667 
33 0 0.00704916666666667 
34 0 0.00626416666666667 
35 0 0.0052925 
36 0 0.00437916666666667 
37 0 0.00365916666666667 
38 0 0.00289416666666667 
39 0 0.00224833333333333 
40 0 0.00164166666666667 
41 0 0.00115166666666667 
42 0 0.000788333333333333 
43 0 0.000489166666666667 
44 0 0.000289166666666667 
45 0 0.000153333333333333 
46 0 0.0000775 
47 0 0.000035 
48 0 0.0000175 
49 0 0.0000075 
50 0 0.000005 
51 0 0.0000025 
52 0 0.00000166666666666667 
53 0 0.000000833333333333333 
54 0 0.000000833333333333333 
55 0 0.000000833333333333333 
56 0 0 
111 0 0 
