** Period (Monthly) Age-Specific Probabilities of Death for USA in 1976 
* Retrieved from the Human Mortality Database (Life tables), www.mortality.org. 
* Max Planck Institute for Demographic Research (Germany), 
* University of California, Berkeley (USA), 
* and French Institute for Demographic Studies (France) 
* Data downloaded on  31 Mar 2023 06:10:11 CEST 
** NB: The original HMD annual probabilities have been converted into monthly probabilities 
** The open age interval (110+) is limited to one year [110-111) 

death 1 F single 
1 0 0.0011278027657794 
2 0 0.000080869292772956 
3 0 0.0000525151654794387 
4 0 0.0000375077365993848 
5 0 0.0000316721832838152 
6 0 0.0000291713465325749 
7 0 0.0000250034381590325 
8 0 0.0000225027848553827 
9 0 0.0000216692490401238 
10 0 0.0000183351822042876 
11 0 0.0000183351822042876 
12 0 0.0000166681946396352 
13 0 0.0000175016846010179 
14 0 0.0000225027848553827 
15 0 0.0000266705785775256 
16 0 0.0000308385633891461 
17 0 0.0000400088026996093 
18 0 0.0000458448912142861 
19 0 0.0000533489841776369 
20 0 0.0000500137552731372 
21 0 0.0000533489841776369 
22 0 0.0000508475510273554 
23 0 0.0000525151654794387 
24 0 0.0000541828105240505 
25 0 0.0000533489841776369 
26 0 0.0000541828105240505 
27 0 0.0000600198091127435 
28 0 0.0000583520569852336 
29 0 0.000061687591838111 
30 0 0.000061687591838111 
31 0 0.000064189323299324 
32 0 0.0000733629277510639 
33 0 0.000079201158088904 
34 0 0.0000817033715945215 
35 0 0.000087542137645058 
36 0 0.0000958838826297104 
37 0 0.000102557829824601 
38 0 0.000117576002849673 
39 0 0.000129258519792286 
40 0 0.000135934917957492 
41 0 0.000155132294736626 
42 0 0.000170994056027163 
43 0 0.000185188504916445 
44 0 0.000203561082892323 
45 0 0.000226114323775728 
46 0 0.000243659603279878 
47 0 0.000269565969733043 
48 0 0.000293807644791144 
49 0 0.000325582389131607 
50 0 0.000346492886541427 
51 0 0.000398371692003185 
52 0 0.000410090361018356 
53 0 0.000445255438177972 
54 0 0.000474570068058955 
55 0 0.000506408092155519 
56 0 0.000550832396190359 
57 0 0.000619607166753133 
58 0 0.000640585444512398 
59 0 0.000734627637908103 
60 0 0.000769918574388129 
61 0 0.000869142736635187 
62 0 0.000923846448345311 
63 0 0.00101228364259642 
64 0 0.00107044643917442 
65 0 0.00112274045593785 
66 0 0.00123586599588543 
67 0 0.00127642288756125 
68 0 0.0013846632543596 
69 0 0.0015345523243494 
70 0 0.00172374866572844 
71 0 0.00204023918136498 
72 0 0.00211356372477844 
73 0 0.00235014066960593 
74 0 0.00263364899829577 
75 0 0.00277702509072386 
76 0 0.00331304091045015 
77 0 0.00339951369537483 
78 0 0.00361085433119901 
79 0 0.00407859286994983 
80 0 0.00453999890567625 
81 0 0.0051712401296059 
82 0 0.00557887049566463 
83 0 0.00634604502993141 
84 0 0.00719644875743575 
85 0 0.00784841136242043 
86 0 0.00864162277451908 
87 0 0.00983121584898583 
88 0 0.0108204478183948 
89 0 0.0115305179079032 
90 0 0.0128936767274782 
91 0 0.0144312503768054 
92 0 0.0153107101186507 
93 0 0.0171030427647447 
94 0 0.0187102235723191 
95 0 0.0204671221346692 
96 0 0.021978014799456 
97 0 0.0238491186282876 
98 0 0.0258138437124781 
99 0 0.0278686239546018 
100 0 0.0300049352367021 
101 0 0.0322145970808356 
102 0 0.034488544795323 
103 0 0.0368141617934086 
104 0 0.0391786574812558 
105 0 0.0415703852774344 
106 0 0.04397494199018 
107 0 0.0463776451419409 
108 0 0.0487650344804961 
109 0 0.0511221951419888 
110 0 0.0534372624693266 
111 0 0.0833333333333333 

death 1 M single 
1 0 0.00140243376901728 
2 0 0.0000933812787555777 
3 0 0.0000666911236122392 
4 0 0.0000550166445189015 
5 0 0.0000433436645435048 
6 0 0.0000400088026996093 
7 0 0.0000366740631904117 
8 0 0.0000316721832838152 
9 0 0.0000300049511388067 
10 0 0.0000283377495704507 
11 0 0.0000283377495704507 
12 0 0.0000275041602521009 
13 0 0.0000333394460065861 
14 0 0.0000408425066913409 
15 0 0.0000500137552731372 
16 0 0.0000633554051622243 
17 0 0.0000933812787555777 
18 0 0.000118410418553538 
19 0 0.000147619794864662 
20 0 0.000153462796661064 
21 0 0.000155132294736626 
22 0 0.000164315082316957 
23 0 0.000169324266588666 
24 0 0.000161810593698575 
25 0 0.000161810593698575 
26 0 0.00015930617408666 
27 0 0.0001542975418658 
28 0 0.000151793329249084 
29 0 0.000155967055273654 
30 0 0.000142611806542514 
31 0 0.000150123892499576 
32 0 0.000153462796661064 
33 0 0.00015930617408666 
34 0 0.000164315082316957 
35 0 0.000175168663833603 
36 0 0.000180178446304025 
37 0 0.000201890695059714 
38 0 0.000214419352144724 
39 0 0.000241988478346333 
40 0 0.000248673162449031 
41 0 0.000272073429390618 
42 0 0.000299660052488715 
43 0 0.000339801003879758 
44 0 0.000374102112419727 
45 0 0.000395860745241672 
46 0 0.000449442663482569 
47 0 0.000485460768313573 
48 0 0.000524007576906516 
49 0 0.000600311428477163 
50 0 0.000649817421544685 
51 0 0.000724547030875988 
52 0 0.000774961256142737 
53 0 0.000859047191547391 
54 0 0.000912903069911875 
55 0 0.000997116863376224 
56 0 0.0010847821249137 
57 0 0.0011826625528556 
58 0 0.00129332694075723 
59 0 0.00144729863765058 
60 0 0.00157439499846412 
61 0 0.00180106780454503 
62 0 0.00185718666750712 
63 0 0.00207263109056699 
64 0 0.00220487591861296 
65 0 0.00235612714945299 
66 0 0.00260277126072539 
67 0 0.0026945775963656 
68 0 0.00293956305344534 
69 0 0.00323874026322257 
70 0 0.00354410750864365 
71 0 0.00404896155947676 
72 0 0.00402979352479338 
73 0 0.00463115986094498 
74 0 0.00493334825972347 
75 0 0.00519418129797145 
76 0 0.00600971578596754 
77 0 0.00601060625200578 
78 0 0.00634068249303599 
79 0 0.00692888036541528 
80 0 0.00751640834718215 
81 0 0.0084721715663244 
82 0 0.00878292285573912 
83 0 0.00967898810663081 
84 0 0.0108082380847566 
85 0 0.0116508322141863 
86 0 0.012324530017105 
87 0 0.0136359043090408 
88 0 0.0147182131553836 
89 0 0.0157859590502882 
90 0 0.0171453664035238 
91 0 0.0186558744783121 
92 0 0.019623715765806 
93 0 0.0216943520441795 
94 0 0.0231304296172263 
95 0 0.0246208019784711 
96 0 0.025933925025014 
97 0 0.0276448752294478 
98 0 0.0294127393945964 
99 0 0.031233288418121 
100 0 0.0331019212467036 
101 0 0.0350111436049779 
102 0 0.0369552776214943 
103 0 0.0389255084090561 
104 0 0.040914803346775 
105 0 0.0429167884498896 
106 0 0.0449217023114268 
107 0 0.0469216811465298 
108 0 0.0489081370378565 
109 0 0.0508746816417051 
110 0 0.0528113803785152 
111 0 0.0833333333333333 
