** Period (Monthly) Age-Specific Probabilities of Death for USA in 1933 
* Retrieved from the Human Mortality Database (Life tables), www.mortality.org. 
* Max Planck Institute for Demographic Research (Germany), 
* University of California, Berkeley (USA), 
* and French Institute for Demographic Studies (France) 
* Data downloaded on  03 Apr 2023 21:14:36 CEST 
** NB: The original HMD annual probabilities have been converted into monthly probabilities 
** The open age interval (110+) is limited to one year [110-111) 

death 1 F single 
1 0 0.00444717925511928 
2 0 0.000738828221010124 
3 0 0.00033561882743316 
4 0 0.000239481848557044 
5 0 0.00018602354153463 
6 0 0.0001542975418658 
7 0 0.0001367695022092 
8 0 0.000122582611971733 
9 0 0.000110066606177961 
10 0 0.0000992207949763735 
11 0 0.0000917129144495377 
12 0 0.0000883762776967556 
13 0 0.0000917129144495377 
14 0 0.000100889297087292 
15 0 0.00011590719442045 
16 0 0.000135934917957492 
17 0 0.000155132294736626 
18 0 0.000175168663833603 
19 0 0.000194374329680724 
20 0 0.000213584054607918 
21 0 0.000231962373952066 
22 0 0.000249508782532493 
23 0 0.0002637154995494 
24 0 0.000274580958229742 
25 0 0.000282939887389921 
26 0 0.000288791595274951 
27 0 0.000294643679960349 
28 0 0.000300496141496964 
29 0 0.000306348979935533 
30 0 0.000312202195326683 
31 0 0.000318055787721261 
32 0 0.000326418716656729 
33 0 0.000338964553193377 
34 0 0.00035485843287919 
35 0 0.000374938886584797 
36 0 0.000396697719786565 
37 0 0.000414275966217681 
38 0 0.000427671198569568 
39 0 0.000437718918821939 
40 0 0.000446092867803172 
41 0 0.000456980155295161 
42 0 0.000475407767891678 
43 0 0.000502218241041352 
44 0 0.000535742460881616 
45 0 0.000573471999233854 
46 0 0.000615412092418444 
47 0 0.000658210942097504 
48 0 0.00070270955234053 
49 0 0.000751431135869618 
50 0 0.000804382480263932 
51 0 0.000862412248568201 
52 0 0.000919637300597964 
53 0 0.000976056093249356 
54 0 0.00102998142026334 
55 0 0.00108309545618501 
56 0 0.00113877207202173 
57 0 0.00121137164979634 
58 0 0.0013060070463794 
59 0 0.00142359368018141 
60 0 0.00156676419626689 
61 0 0.00172969395355582 
62 0 0.00189206587039137 
63 0 0.00204790990419335 
64 0 0.00219889941294127 
65 0 0.00234672000138325 
66 0 0.00250077794453307 
67 0 0.0026945775963656 
68 0 0.00293870229683091 
69 0 0.00323960387423217 
70 0 0.00360565151282188 
71 0 0.00402805117738847 
72 0 0.00445243065662881 
73 0 0.00486034408325431 
74 0 0.00525332575891047 
75 0 0.00561255339566491 
76 0 0.00591448658422111 
77 0 0.00643188894464952 
78 0 0.0070332908215307 
79 0 0.00772308635382657 
80 0 0.00848955999181944 
81 0 0.0090569785274186 
82 0 0.00989348059437256 
83 0 0.0107500298427955 
84 0 0.0116318743886533 
85 0 0.0125492662553059 
86 0 0.0135003202537357 
87 0 0.0145594375383142 
88 0 0.0157551895353495 
89 0 0.0170335545631687 
90 0 0.0183233237377525 
91 0 0.0195646645336219 
92 0 0.0206671685107721 
93 0 0.0216328518601901 
94 0 0.0224784855918284 
95 0 0.0231250398106136 
96 0 0.0249711978382722 
97 0 0.0264158855108458 
98 0 0.0279050224641227 
99 0 0.0294370456138855 
100 0 0.0310079241284914 
101 0 0.0326145255463913 
102 0 0.0342546924318262 
103 0 0.0359211002331997 
104 0 0.0376109139610399 
105 0 0.0393184619266718 
106 0 0.0410402403509498 
107 0 0.0427697497784556 
108 0 0.0445027009660537 
109 0 0.0462330501966277 
110 0 0.0479557001152474 
111 0 0.0833333333333333 

death 1 M single 
1 0 0.00557266711955395 
2 0 0.000836336316867303 
3 0 0.000389165226386101 
4 0 0.000277924437637966 
5 0 0.000211078208056104 
6 0 0.000174333726933429 
7 0 0.000158471382883385 
8 0 0.000145115766213677 
9 0 0.000134265772442244 
10 0 0.000125920504593591 
11 0 0.000119244841917165 
12 0 0.000117576002849673 
13 0 0.000121748157967727 
14 0 0.000131762111637901 
15 0 0.000147619794864662 
16 0 0.000167654507824855 
17 0 0.000187693637785924 
18 0 0.000206901950655758 
19 0 0.000225278918752347 
20 0 0.000244495177269322 
21 0 0.000262879748837208 
22 0 0.000278760326709371 
23 0 0.000291299585426952 
24 0 0.000301332238197172 
25 0 0.000308021288723315 
26 0 0.000311365998618696 
27 0 0.000315547059099419 
28 0 0.000321400866947319 
29 0 0.000328927745411711 
30 0 0.000338964553193377 
31 0 0.000350675563450809 
32 0 0.00036573479451496 
33 0 0.000384143910967083 
34 0 0.000406742015663153 
35 0 0.00043353223369802 
36 0 0.00046116792092632 
37 0 0.000486298568555532 
38 0 0.000507246085562962 
39 0 0.000527360246250774 
40 0 0.000547478860646877 
41 0 0.000570956209186124 
42 0 0.000603666914681056 
43 0 0.000644781681412243 
44 0 0.000692632486307909 
45 0 0.000744709363691087 
46 0 0.000801860287628853 
47 0 0.000860729704474372 
48 0 0.00092132093628905 
49 0 0.000986164653397181 
50 0 0.00105695609604139 
51 0 0.00113202157290559 
52 0 0.00120630467893545 
53 0 0.00127895829491187 
54 0 0.00134997846215734 
55 0 0.00142105423040917 
56 0 0.00149642146439799 
57 0 0.00159389885253169 
58 0 0.00171865301471119 
59 0 0.00187249783732679 
60 0 0.00205728611295231 
61 0 0.00226637141454511 
62 0 0.00246737650734941 
63 0 0.00265166586915733 
64 0 0.00282085583871972 
65 0 0.0029783055636764 
66 0 0.00313602927383605 
67 0 0.00334502622283739 
68 0 0.00362299540303612 
69 0 0.00397840836545527 
70 0 0.00442267674278063 
71 0 0.00493950793320341 
72 0 0.00544426425061972 
73 0 0.00590292351495181 
74 0 0.00631834201526493 
75 0 0.00666658733738701 
76 0 0.00692977993972843 
77 0 0.00745395426359818 
78 0 0.00808044937650265 
79 0 0.00881966045232085 
80 0 0.00966322311589618 
81 0 0.0105803145440052 
82 0 0.0115731305357695 
83 0 0.0126000292937392 
84 0 0.0136572290255804 
85 0 0.014735872275738 
86 0 0.0158197184316838 
87 0 0.0169822284260127 
88 0 0.0182436956297957 
89 0 0.0195574153245253 
90 0 0.0208088341624102 
91 0 0.021847226280006 
92 0 0.0225619935435056 
93 0 0.0229021884118493 
94 0 0.0228602644396551 
95 0 0.0228419960780092 
96 0 0.0277390759571869 
97 0 0.0292277686612333 
98 0 0.0307525796496654 
99 0 0.032313810853222 
100 0 0.0339044687003197 
101 0 0.0355232273309243 
102 0 0.0371648507344265 
103 0 0.0388249690971578 
104 0 0.0405001670447659 
105 0 0.0421840666960843 
106 0 0.0438711387411055 
107 0 0.0455595875472637 
108 0 0.0472418026429051 
109 0 0.0489139239401755 
110 0 0.0505703404298719 
111 0 0.0833333333333333 
