** Period (Monthly) Age-Specific Probabilities of Death for USA in 1947 
* Retrieved from the Human Mortality Database (Life tables), www.mortality.org. 
* Max Planck Institute for Demographic Research (Germany), 
* University of California, Berkeley (USA), 
* and French Institute for Demographic Studies (France) 
* Data downloaded on  31 Mar 2023 06:10:07 CEST 
** NB: The original HMD annual probabilities have been converted into monthly probabilities 
** The open age interval (110+) is limited to one year [110-111) 

death 1 F single 
1 0 0.00258304932091313 
2 0 0.000221102008810981 
3 0 0.000116741594805347 
4 0 0.0000858738805041837 
5 0 0.0000683590287403613 
6 0 0.0000633554051622243 
7 0 0.000055850486162301 
8 0 0.0000483461867075707 
9 0 0.0000425099376131222 
10 0 0.0000391751063537615 
11 0 0.0000375077365993848 
12 0 0.0000383414176537977 
13 0 0.0000416762183291786 
14 0 0.0000483461867075707 
15 0 0.0000550166445189015 
16 0 0.000064189323299324 
17 0 0.0000725289254539518 
18 0 0.000080869292772956 
19 0 0.0000892104254029968 
20 0 0.0000967180992323957 
21 0 0.000105060686358072 
22 0 0.000110900952950965 
23 0 0.000115072801694871 
24 0 0.000118410418553538 
25 0 0.000120913711624038 
26 0 0.000121748157967727 
27 0 0.000125920504593591 
28 0 0.000130927573360862 
29 0 0.0001367695022092 
30 0 0.000142611806542514 
31 0 0.000150958607041618 
32 0 0.000157636599346866 
33 0 0.000166819639945581 
34 0 0.000176838560643211 
35 0 0.000189363764725003 
36 0 0.000202725885138699 
37 0 0.000218595954981304 
38 0 0.000233633314546733 
39 0 0.000248673162449031 
40 0 0.000262879748837208 
41 0 0.000279596223468848 
42 0 0.000299660052488715 
43 0 0.000323909757170004 
44 0 0.000350675563450809 
45 0 0.000380796521490145 
46 0 0.00041176457996317 
47 0 0.000444418016270154 
48 0 0.00047959638290207 
49 0 0.000518978804833314 
50 0 0.000562570745430535 
51 0 0.000611217211779147 
52 0 0.000663247426681335 
53 0 0.000716147379430043 
54 0 0.000772439880273978 
55 0 0.00083213122240744 
56 0 0.000894386509639356 
57 0 0.000960895362294378 
58 0 0.00103588144598277 
59 0 0.00112189676506769 
60 0 0.00122150643987429 
61 0 0.00132968131620748 
62 0 0.00143121245575439 
63 0 0.00153794250944195 
64 0 0.00165158694622658 
65 0 0.00177132187762086 
66 0 0.00190397891347438 
67 0 0.00208968411039101 
68 0 0.00230140832272885 
69 0 0.00254276129970166 
70 0 0.00281827697271464 
71 0 0.00313947985395824 
72 0 0.00348173935823948 
73 0 0.00385398552846694 
74 0 0.00429589474256742 
75 0 0.00481815167142796 
76 0 0.00537792045973762 
77 0 0.0058664650613649 
78 0 0.00635766495208956 
79 0 0.00684076553584001 
80 0 0.00730568591306169 
81 0 0.00769132868681355 
82 0 0.00846851127255455 
83 0 0.00946408020072209 
84 0 0.0105437879512207 
85 0 0.0115485074415669 
86 0 0.012457391133945 
87 0 0.0134239024817614 
88 0 0.0147790536772654 
89 0 0.0165096043355889 
90 0 0.0180062543575148 
91 0 0.0188899136659961 
92 0 0.0196423716546836 
93 0 0.0205854198769078 
94 0 0.0216233125384246 
95 0 0.0227195875626475 
96 0 0.0256052008778965 
97 0 0.0273233070865186 
98 0 0.0291019790068336 
99 0 0.0309348930138935 
100 0 0.0328175795633023 
101 0 0.0347426923940505 
102 0 0.0367034443970226 
103 0 0.0386936689170927 
104 0 0.0407052643378272 
105 0 0.0427293239835189 
106 0 0.044756065461567 
107 0 0.046780411070436 
108 0 0.0487910355184764 
109 0 0.0507800140510086 
110 0 0.0527402694922746 
111 0 0.0833333333333333 

death 1 M single 
1 0 0.00333119335074461 
2 0 0.000247837550048202 
3 0 0.000148454486411209 
4 0 0.000109232267063164 
5 0 0.0000842056539793745 
6 0 0.0000817033715945215 
7 0 0.0000766990134587475 
8 0 0.000070860943814588 
9 0 0.0000650232490866376 
10 0 0.0000608536966506534 
11 0 0.0000583520569852336 
12 0 0.0000600198091127435 
13 0 0.000064189323299324 
14 0 0.0000741969376999441 
15 0 0.0000833715521976197 
16 0 0.0000967180992323957 
17 0 0.000110900952950965 
18 0 0.000125086019946985 
19 0 0.000165984779734729 
20 0 0.000175168663833603 
21 0 0.00018602354153463 
22 0 0.000191869012675761 
23 0 0.000193539216339467 
24 0 0.000191869012675761 
25 0 0.000186858585824345 
26 0 0.00018184843515745 
27 0 0.000181013436895361 
28 0 0.000183518454694553 
29 0 0.000187693637785924 
30 0 0.000194374329680724 
31 0 0.000203561082892323 
32 0 0.000211078208056104 
33 0 0.000221102008810981 
34 0 0.000235304285861493 
35 0 0.000252015688880669 
36 0 0.000271237601818131 
37 0 0.000293807644791144 
38 0 0.000318892045984898 
39 0 0.000345656374260206 
40 0 0.000374102112419727 
41 0 0.000407579090435539 
42 0 0.000445255438177972 
43 0 0.000485460768313573 
44 0 0.000527360246250774 
45 0 0.000570117627983535 
46 0 0.00061457310079549 
47 0 0.000666605238195506 
48 0 0.000727907108930337 
49 0 0.000801019572312933 
50 0 0.000884288158511493 
51 0 0.00097858312780863 
52 0 0.00107719236232429 
53 0 0.00117844139232004 
54 0 0.00128487452075166 
55 0 0.00139989491108328 
56 0 0.00151929805816908 
57 0 0.00163291913850461 
58 0 0.00175347900050071 
59 0 0.00188440831140402 
60 0 0.00203001255969792 
61 0 0.00218353306338093 
62 0 0.00233303861847678 
63 0 0.00248621683111427 
64 0 0.00263708050721334 
65 0 0.00278733630154127 
66 0 0.00295247538363563 
67 0 0.00317485587746946 
68 0 0.00342287550431741 
69 0 0.00369934799831051 
70 0 0.00400279090703615 
71 0 0.00433697014919854 
72 0 0.00470310157614628 
73 0 0.00510774109396794 
74 0 0.00559659677333724 
75 0 0.00618530723400279 
76 0 0.00684436037658531 
77 0 0.00740510729027788 
78 0 0.0079602610497066 
79 0 0.00847674714256408 
80 0 0.00892812371337637 
81 0 0.00958999847575681 
82 0 0.0103866119656788 
83 0 0.0114746786155289 
84 0 0.012676707159096 
85 0 0.0137668405203948 
86 0 0.014822255907483 
87 0 0.0159847268212543 
88 0 0.0175616076582154 
89 0 0.0195625932708594 
90 0 0.0213016948461546 
91 0 0.02227859962706 
92 0 0.0227646658161803 
93 0 0.0230313095006044 
94 0 0.0232566445714479 
95 0 0.0238339053396697 
96 0 0.0289637019886237 
97 0 0.0307326069274426 
98 0 0.0325485438714775 
99 0 0.0344052170233933 
100 0 0.0362970051710888 
101 0 0.0382177533002459 
102 0 0.0401594062020103 
103 0 0.0421144768436226 
104 0 0.0440761328419038 
105 0 0.0460354997115073 
106 0 0.0479871842451983 
107 0 0.0499223988777493 
108 0 0.0518331020807205 
109 0 0.053712141332009 
110 0 0.0555549720279555 
111 0 0.0833333333333333 
