** Period (Monthly) Age-Specific Probabilities of Death for USA in 2021 
* Retrieved from the Human Mortality Database (Life tables), www.mortality.org. 
* Max Planck Institute for Demographic Research (Germany), 
* University of California, Berkeley (USA), 
* and French Institute for Demographic Studies (France) 
* Data downloaded on  30 Mar 2023 17:56:17 CEST 
** NB: The original HMD annual probabilities have been converted into monthly probabilities 
** The open age interval (110+) is limited to one year [110-111) 

death 1 F single 
1 0 0.000427671198569568 
2 0 0.0000325058108229248 
3 0 0.0000191686874497776 
4 0 0.0000133343112110884 
5 0 0.000012500859457365 
6 0 0.0000100005500421885 
7 0 0.00000916712885190574 
8 0 0.00000833371530217786 
9 0 0.00000833371530217786 
10 0 0.00000750030939278279 
11 0 0.00000833371530217786 
12 0 0.00000916712885190574 
13 0 0.0000108339788730261 
14 0 0.0000133343112110884 
15 0 0.0000158347123201397 
16 0 0.0000183351822042876 
17 0 0.0000241698794146705 
18 0 0.0000283377495704507 
19 0 0.0000375077365993848 
20 0 0.0000383414176537977 
21 0 0.0000458448912142861 
22 0 0.0000491799671665794 
23 0 0.0000525151654794387 
24 0 0.00005668433545436 
25 0 0.0000608536966506534 
26 0 0.0000633554051622243 
27 0 0.0000691929927806312 
28 0 0.0000733629277510639 
29 0 0.0000783671022263066 
30 0 0.0000850397634148958 
31 0 0.0000917129144495377 
32 0 0.000097552323490957 
33 0 0.000106729295667018 
34 0 0.00011590719442045 
35 0 0.000120913711624038 
36 0 0.000127589496870306 
37 0 0.000134265772442244 
38 0 0.000141777168646939 
39 0 0.000150958607041618 
40 0 0.000160975779494144 
41 0 0.000170159157473537 
42 0 0.000181013436895361 
43 0 0.000197714859778153 
44 0 0.00020523150142393 
45 0 0.000216089970248357 
46 0 0.00022778515685884 
47 0 0.000250344410298808 
48 0 0.000265387024029895 
49 0 0.000285447716062204 
50 0 0.00030885745465703 
51 0 0.00033561882743316 
52 0 0.000356531634559953 
53 0 0.000384143910967083 
54 0 0.00041343882975442 
55 0 0.000438556278994695 
56 0 0.000482947413934953 
57 0 0.000529874829445887 
58 0 0.000568440488797339 
59 0 0.000607022524816481 
60 0 0.000675000309988572 
61 0 0.000710268085491905 
62 0 0.000786728602310882 
63 0 0.000840541606009881 
64 0 0.000899436106264195 
65 0 0.000972686823209945 
66 0 0.00102323900305035 
67 0 0.00108562547102597 
68 0 0.00115902658090483 
69 0 0.00124093461672914 
70 0 0.00134659528935799 
71 0 0.00145237907683826 
72 0 0.00159305077172223 
73 0 0.00173988678178261 
74 0 0.00191078706898029 
75 0 0.00208542055490657 
76 0 0.00233474867847983 
77 0 0.00258133457233045 
78 0 0.00289911632588469 
79 0 0.00318952803586359 
80 0 0.00352591236217958 
81 0 0.00390356015605975 
82 0 0.00433609601027329 
83 0 0.00481375775992965 
84 0 0.00539560737806222 
85 0 0.00598567651924409 
86 0 0.00678326754083303 
87 0 0.00766593060038889 
88 0 0.00860495767131741 
89 0 0.00969475585845303 
90 0 0.0108852810936372 
91 0 0.0120308312565145 
92 0 0.0134867731157939 
93 0 0.0149952735360995 
94 0 0.0167952883812283 
95 0 0.018764605798102 
96 0 0.0204514307035392 
97 0 0.0225009607830939 
98 0 0.024677825411232 
99 0 0.0269758809336015 
100 0 0.029384969054542 
101 0 0.0318926251925815 
102 0 0.0344860928490767 
103 0 0.0371458927709409 
104 0 0.0398564621290277 
105 0 0.042597397099655 
106 0 0.04534551221126 
107 0 0.0480817054151754 
108 0 0.0507844492750018 
109 0 0.0534342131871807 
110 0 0.0560124970869279 
111 0 0.0833333333333333 

death 1 M single 
1 0 0.000495514881089343 
2 0 0.0000350067393084519 
3 0 0.0000225027848553827 
4 0 0.0000183351822042876 
5 0 0.0000141677706060328 
6 0 0.000012500859457365 
7 0 0.0000116674153447516 
8 0 0.0000108339788730261 
9 0 0.0000100005500421885 
10 0 0.0000100005500421885 
11 0 0.0000116674153447516 
12 0 0.0000116674153447516 
13 0 0.000012500859457365 
14 0 0.0000183351822042876 
15 0 0.0000250034381590325 
16 0 0.0000350067393084519 
17 0 0.0000500137552731372 
18 0 0.000070860943814588 
19 0 0.0000958838826297104 
20 0 0.000115072801694871 
21 0 0.000116741594805347 
22 0 0.000133431211178481 
23 0 0.000142611806542514 
24 0 0.000145115766213677 
25 0 0.0001542975418658 
26 0 0.000167654507824855 
27 0 0.000175168663833603 
28 0 0.00018435347596979 
29 0 0.000195209450695066 
30 0 0.000206901950655758 
31 0 0.000216089970248357 
32 0 0.000225278918752347 
33 0 0.000233633314546733 
34 0 0.000240317384138877 
35 0 0.000247001945330005 
36 0 0.000258701110551818 
37 0 0.000265387024029895 
38 0 0.000272073429390618 
39 0 0.000288791595274951 
40 0 0.000303004454673572 
41 0 0.000315547059099419 
42 0 0.000333946010742214 
43 0 0.000344819869678825 
44 0 0.00036573479451496 
45 0 0.000379122872988913 
46 0 0.000395860745241672 
47 0 0.000428508466157718 
48 0 0.00044860520298573 
49 0 0.000485460768313573 
50 0 0.000521493156080077 
51 0 0.000565924838063614 
52 0 0.000600311428477163 
53 0 0.00064813881048631 
54 0 0.000697670879599266 
55 0 0.000755632496069913 
56 0 0.000813631119139013 
57 0 0.0008901787268909 
58 0 0.000954158071906352 
59 0 0.00103250995577886 
60 0 0.00109743313904109 
61 0 0.00119532721198667 
62 0 0.00128571972734293 
63 0 0.00137451023612511 
64 0 0.00147524457247405 
65 0 0.00157609081941057 
66 0 0.00166431719877891 
67 0 0.00175687737329711 
68 0 0.00186739382698475 
69 0 0.00199252480625978 
70 0 0.00211356372477844 
71 0 0.00227064348367689 
72 0 0.00241858114153637 
73 0 0.00260191369587692 
74 0 0.00282429444085086 
75 0 0.00302051069471143 
76 0 0.00337788776067316 
77 0 0.0036681050659253 
78 0 0.00407772122238648 
79 0 0.00449795557154375 
80 0 0.00499672494035686 
81 0 0.00541329775682908 
82 0 0.0059830058843231 
83 0 0.00655991208031237 
84 0 0.0072975562822436 
85 0 0.00803217269453838 
86 0 0.00908737830809714 
87 0 0.0102717105636764 
88 0 0.0115939707330442 
89 0 0.0129638720532053 
90 0 0.0139028284983055 
91 0 0.0145751065619493 
92 0 0.0163825929591973 
93 0 0.0182151285009563 
94 0 0.0202059585536356 
95 0 0.0221228508159369 
96 0 0.0242499490749251 
97 0 0.0263722672772702 
98 0 0.0285937254187386 
99 0 0.0309042850713768 
100 0 0.0332952197691844 
101 0 0.0357530273293347 
102 0 0.0382612605269507 
103 0 0.0408066763275491 
104 0 0.0433716153687704 
105 0 0.0459375919145116 
106 0 0.048489615070513 
107 0 0.0510109485319562 
108 0 0.0534830146728698 
109 0 0.0558931802540956 
110 0 0.0582277688615787 
111 0 0.0833333333333333 
