** Period (Monthly) Age-Specific Probabilities of Death for USA in 1936 
* Retrieved from the Human Mortality Database (Life tables), www.mortality.org. 
* Max Planck Institute for Demographic Research (Germany), 
* University of California, Berkeley (USA), 
* and French Institute for Demographic Studies (France) 
* Data downloaded on  31 Mrz 2023 12:08:55 CEST 
** NB: The original HMD annual probabilities have been converted into monthly probabilities 
** The open age interval (110+) is limited to one year [110-111) 

death 1 F single 
1 0 0.00452773424875585 
2 0 0.000673321233567115 
3 0 0.000326418716656729 
4 0 0.000222772749752909 
5 0 0.000179343463383219 
6 0 0.000146785110982983 
7 0 0.000127589496870306 
8 0 0.000113404039220888 
9 0 0.000101723559627565 
10 0 0.0000933812787555777 
11 0 0.0000892104254029968 
12 0 0.0000892104254029968 
13 0 0.0000942154723914124 
14 0 0.000103392107678624 
15 0 0.000117576002849673 
16 0 0.0001367695022092 
17 0 0.000156801823476993 
18 0 0.000176003608403419 
19 0 0.000194374329680724 
20 0 0.000211913482563775 
21 0 0.000226949736477855 
22 0 0.000240317384138877 
23 0 0.000252851339696436 
24 0 0.000264551257946888 
25 0 0.000276252682558709 
26 0 0.000286283674331145 
27 0 0.000294643679960349 
28 0 0.000302168342589226 
29 0 0.000306348979935533 
30 0 0.00030885745465703 
31 0 0.000309693628284036 
32 0 0.000314710831614828 
33 0 0.000323909757170004 
34 0 0.000338964553193377 
35 0 0.000359878130344438 
36 0 0.000385817651945008 
37 0 0.00041176457996317 
38 0 0.000436044221624798 
39 0 0.000456142625328448 
40 0 0.000471219345953733 
41 0 0.000482947413934953 
42 0 0.000494676995866028 
43 0 0.000510598136479801 
44 0 0.000532389482234108 
45 0 0.000562570745430535 
46 0 0.000601989156088334 
47 0 0.000646460230442569 
48 0 0.000695991384120354 
49 0 0.000749750646195313 
50 0 0.000807745512720226 
51 0 0.000869142736635187 
52 0 0.000932265329085191 
53 0 0.000996274338792569 
54 0 0.00105948538273426 
55 0 0.00112020940684332 
56 0 0.00117844139232004 
57 0 0.00124600352053983 
58 0 0.00132714449199645 
59 0 0.00142444017922516 
60 0 0.00154302802450834 
61 0 0.00168214255273957 
62 0 0.00183847652334534 
63 0 0.00201041475637043 
64 0 0.00220146072429805 
65 0 0.00241601369152311 
66 0 0.00265681420419561 
67 0 0.00290858096370261 
68 0 0.0031662263056127 
69 0 0.00343499140692838 
70 0 0.00371670984089179 
71 0 0.00401933994325587 
72 0 0.00437806420421283 
73 0 0.00481375775992965 
74 0 0.00533018305410038 
75 0 0.00592605113318057 
76 0 0.00635945276509886 
77 0 0.00701257914784137 
78 0 0.00772127132878331 
79 0 0.00845753128296189 
80 0 0.00919062988408892 
81 0 0.00954090644117223 
82 0 0.0103688533827224 
83 0 0.0113234244167988 
84 0 0.0123828117678625 
85 0 0.0135332289681617 
86 0 0.0147682563750141 
87 0 0.0160743166057248 
88 0 0.0175049171486962 
89 0 0.0190390744737675 
90 0 0.0205655181114538 
91 0 0.0219258889997707 
92 0 0.0230980956831429 
93 0 0.0241168643042365 
94 0 0.0249612930520821 
95 0 0.025579709132669 
96 0 0.0289521886753009 
97 0 0.0307361311965338 
98 0 0.0325677334354145 
99 0 0.034441969525007 
100 0 0.0363508377690193 
101 0 0.0382881434571594 
102 0 0.0402470904348132 
103 0 0.0422202218363313 
104 0 0.0441993618077132 
105 0 0.0461769617628942 
106 0 0.048143342978392 
107 0 0.0500938284311707 
108 0 0.0520188721293068 
109 0 0.0539112126047849 
110 0 0.0557646294313626 
111 0 0.0833333333333333 

death 1 M single 
1 0 0.00572965476995535 
2 0 0.000795975443813046 
3 0 0.000379122872988913 
4 0 0.000252015688880669 
5 0 0.000199385170868593 
6 0 0.000167654507824855 
7 0 0.000155132294736626 
8 0 0.000144281105325716 
9 0 0.000134265772442244 
10 0 0.000125920504593591 
11 0 0.000120079272940554 
12 0 0.000119244841917165 
13 0 0.00012425154296114 
14 0 0.000134265772442244 
15 0 0.000150123892499576 
16 0 0.000172663876141788 
17 0 0.000196044579382604 
18 0 0.000219431298580264 
19 0 0.0002411529274019 
20 0 0.000259536822839412 
21 0 0.000275416816550522 
22 0 0.000288791595274951 
23 0 0.000300496141496964 
24 0 0.000309693628284036 
25 0 0.000316383294278633 
26 0 0.000323073452733302 
27 0 0.000328927745411711 
28 0 0.000336455247325729 
29 0 0.000343146883615142 
30 0 0.000351512121934405 
31 0 0.000359878130344438 
32 0 0.000373265345959606 
33 0 0.0003908390598516 
34 0 0.00041343882975442 
35 0 0.000441905796850772 
36 0 0.000474570068058955 
37 0 0.000510598136479801 
38 0 0.000547478860646877 
39 0 0.000583535856096162 
40 0 0.000617090098907869 
41 0 0.000648978112138598 
42 0 0.000679198136817494 
43 0 0.000711947844934002 
44 0 0.000749750646195313 
45 0 0.000795975443813046 
46 0 0.000849793927500175 
47 0 0.00091037786212611 
48 0 0.000976898430289919 
49 0 0.00105021167590258 
50 0 0.00112949026510956 
51 0 0.00121728347319838 
52 0 0.00130854328003083 
53 0 0.00140158747515007 
54 0 0.00149557429385805 
55 0 0.00158541840100812 
56 0 0.00167365385231055 
57 0 0.00176962240483358 
58 0 0.00187930363107702 
59 0 0.0020053029820819 
60 0 0.00215195485049013 
61 0 0.00231850441009207 
62 0 0.00250591771932251 
63 0 0.00271174797570151 
64 0 0.00293956305344534 
65 0 0.00319211748690218 
66 0 0.00346961720252026 
67 0 0.00375404907624599 
68 0 0.00403850576478415 
69 0 0.0043282291398079 
70 0 0.00462940589931482 
71 0 0.00495094843970112 
72 0 0.00534432484337244 
73 0 0.00583446488280559 
74 0 0.00642383761106269 
75 0 0.00710626979455808 
76 0 0.00760699830884559 
77 0 0.00835877151477615 
78 0 0.00915835105116025 
79 0 0.00998277089099342 
80 0 0.0107913350360419 
81 0 0.0113895668084922 
82 0 0.0122662860724412 
83 0 0.0132934656586724 
84 0 0.0144429850843665 
85 0 0.0156887238055129 
86 0 0.0170053718580304 
87 0 0.018391779012218 
88 0 0.0199029254195098 
89 0 0.0215131545289035 
90 0 0.0231207282008338 
91 0 0.0245375259471501 
92 0 0.0256562063869805 
93 0 0.0263935145007881 
94 0 0.0266376641528888 
95 0 0.0266825354832916 
96 0 0.031329036163712 
97 0 0.0330753759131878 
98 0 0.034857114714683 
99 0 0.0366695023312198 
100 0 0.0385060720442345 
101 0 0.0403610807286325 
102 0 0.0422282583511303 
103 0 0.0441007646590243 
104 0 0.0459725462981181 
105 0 0.0478355932178387 
106 0 0.0496841354571586 
107 0 0.0515119466149697 
108 0 0.0533123304164793 
109 0 0.0550796667864855 
110 0 0.0568095686490802 
111 0 0.0833333333333333 
