** Period (Monthly) Age-Specific Probabilities of Death for USA in 1945 
* Retrieved from the Human Mortality Database (Life tables), www.mortality.org. 
* Max Planck Institute for Demographic Research (Germany), 
* University of California, Berkeley (USA), 
* and French Institute for Demographic Studies (France) 
* Data downloaded on  31 Mar 2023 06:10:06 CEST 
** NB: The original HMD annual probabilities have been converted into monthly probabilities 
** The open age interval (110+) is limited to one year [110-111) 

death 1 F single 
1 0 0.00303601955753496 
2 0 0.000277088556254523 
3 0 0.000144281105325716 
4 0 0.000107563611807859 
5 0 0.0000933812787555777 
6 0 0.0000833715521976197 
7 0 0.0000716949308086079 
8 0 0.000061687591838111 
9 0 0.00005668433545436 
10 0 0.0000533489841776369 
11 0 0.0000508475510273554 
12 0 0.0000533489841776369 
13 0 0.000055850486162301 
14 0 0.0000600198091127435 
15 0 0.0000658571825241649 
16 0 0.0000741969376999441 
17 0 0.0000825374580692984 
18 0 0.0000917129144495377 
19 0 0.000101723559627565 
20 0 0.000112569669472262 
21 0 0.000123417073636167 
22 0 0.000130927573360862 
23 0 0.000135934917957492 
24 0 0.000139273300942766 
25 0 0.000141777168646939 
26 0 0.000141777168646939 
27 0 0.000144281105325716 
28 0 0.000149289185622847 
29 0 0.000155967055273654 
30 0 0.000163480245109926 
31 0 0.000176003608403419 
32 0 0.000186858585824345 
33 0 0.000199385170868593 
34 0 0.000212748764747639 
35 0 0.00022778515685884 
36 0 0.000241988478346333 
37 0 0.000257029709030077 
38 0 0.000270401781932272 
39 0 0.000284611765482445 
40 0 0.000297987897547314 
41 0 0.000316383294278633 
42 0 0.000336455247325729 
43 0 0.000359041494845114 
44 0 0.000384980777602628 
45 0 0.000412601701002879 
46 0 0.000440231022489468 
47 0 0.000472894691561421 
48 0 0.000508922095563746 
49 0 0.000547478860646877 
50 0 0.000590245713359194 
51 0 0.00063974622038987 
52 0 0.000694311919690382 
53 0 0.000752271392364889 
54 0 0.000815312791019873 
55 0 0.000882605209140075 
56 0 0.000948263352763878 
57 0 0.00102071072564436 
58 0 0.0011008070404892 
59 0 0.00118941681790241 
60 0 0.00128656494180257 
61 0 0.001383817126136 
62 0 0.00147609155330219 
63 0 0.00157863461023888 
64 0 0.00169402806737606 
65 0 0.00182997318752443 
66 0 0.00199252480625978 
67 0 0.00219719191221512 
68 0 0.00241943697436009 
69 0 0.00265252390469628 
70 0 0.00289137326629252 
71 0 0.00317917097158205 
72 0 0.00353111060254629 
73 0 0.00394184685932697 
74 0 0.00441392745287106 
75 0 0.00495182853859599 
76 0 0.00549117656936227 
77 0 0.00594918467175365 
78 0 0.00641489252649063 
79 0 0.00688750963362472 
80 0 0.00746843252057361 
81 0 0.00804310100085748 
82 0 0.00884814239545195 
83 0 0.00957980736152608 
84 0 0.0102306432313257 
85 0 0.0109398148139609 
86 0 0.0119356806887772 
87 0 0.0132461688010375 
88 0 0.0146329097847652 
89 0 0.0159976620249768 
90 0 0.017378505477149 
91 0 0.0186989408484596 
92 0 0.0199840497331243 
93 0 0.0211023262636804 
94 0 0.021874856603818 
95 0 0.0222070919746875 
96 0 0.0245561466914705 
97 0 0.0261422294555438 
98 0 0.0277856459180627 
99 0 0.0294798871559141 
100 0 0.0312238374965789 
101 0 0.0330102531514685 
102 0 0.0348337259803655 
103 0 0.0366908717276008 
104 0 0.0385728412113802 
105 0 0.0404739073642194 
106 0 0.042387802674611 
107 0 0.0443049299324964 
108 0 0.0462218296069749 
109 0 0.0481275710501423 
110 0 0.0500190608880765 
111 0 0.0833333333333333 

death 1 M single 
1 0 0.00387224670762054 
2 0 0.000314710831614828 
3 0 0.000170159157473537 
4 0 0.000134265772442244 
5 0 0.000114238416628387 
6 0 0.000105060686358072 
7 0 0.0000950496736826789 
8 0 0.0000867080052475711 
9 0 0.0000825374580692984 
10 0 0.000079201158088904 
11 0 0.0000750309553007034 
12 0 0.000079201158088904 
13 0 0.0000825374580692984 
14 0 0.0000908787437792213 
15 0 0.000101723559627565 
16 0 0.000116741594805347 
17 0 0.000131762111637901 
18 0 0.000145115766213677 
19 0 0.000215254657358166 
20 0 0.000256194019795597 
21 0 0.000270401781932272 
22 0 0.000270401781932272 
23 0 0.000264551257946888 
24 0 0.000257029709030077 
25 0 0.000250344410298808 
26 0 0.0002411529274019 
27 0 0.000236975287897678 
28 0 0.000237810800436611 
29 0 0.0002411529274019 
30 0 0.000246166348294219 
31 0 0.000254522664378531 
32 0 0.0002637154995494 
33 0 0.000276252682558709 
34 0 0.000290463581019584 
35 0 0.00030885745465703 
36 0 0.000327255051878472 
37 0 0.000347329406522712 
38 0 0.000369081629227441 
39 0 0.000392512924148547 
40 0 0.000418461764218003 
41 0 0.000450280131697789 
42 0 0.000484622975796212 
43 0 0.000520655031266859 
44 0 0.000560055257209369 
45 0 0.000601989156088334 
46 0 0.000647299516587707 
47 0 0.000701869754142659 
48 0 0.000763195434133168 
49 0 0.00083044923913056 
50 0 0.000902802659984658 
51 0 0.000987849522813833 
52 0 0.00108393878663349 
53 0 0.0011877282045385 
54 0 0.00129924410299831 
55 0 0.00141766840787905 
56 0 0.00153879007550006 
57 0 0.00165667883297604 
58 0 0.00178236922658315 
59 0 0.00191844685458409 
60 0 0.00206495827732067 
61 0 0.00219889941294127 
62 0 0.0023219240142982 
63 0 0.00245025233624374 
64 0 0.00258905119633435 
65 0 0.00274781636065202 
66 0 0.00294472776479204 
67 0 0.00318434935575707 
68 0 0.00344018443267247 
69 0 0.00370195206254054 
70 0 0.00396534898993595 
71 0 0.00427055963812006 
72 0 0.00466273698533204 
73 0 0.00511832117106992 
74 0 0.00564092768060986 
75 0 0.00623349855075861 
76 0 0.00685874117105545 
77 0 0.00737074933818449 
78 0 0.00788931589086306 
79 0 0.00841819729958315 
80 0 0.00905421541961748 
81 0 0.00992044436840311 
82 0 0.0108279623247065 
83 0 0.011628083303492 
84 0 0.0123713435158833 
85 0 0.0132095067660614 
86 0 0.0143657598235942 
87 0 0.0158763436357831 
88 0 0.017501881172326 
89 0 0.0191379666603027 
90 0 0.0206724113687048 
91 0 0.0218897380273978 
92 0 0.0228634886582096 
93 0 0.0233949316989283 
94 0 0.023232898146149 
95 0 0.022563064667947 
96 0 0.0276789121011235 
97 0 0.0292936200348072 
98 0 0.030953733957848 
99 0 0.0326541383260974 
100 0 0.0343892957168628 
101 0 0.0361556955847846 
102 0 0.0379469601583408 
103 0 0.0397574500418557 
104 0 0.0415823507157707 
105 0 0.0434136986535939 
106 0 0.0452456059151608 
107 0 0.047073095652135 
108 0 0.0488893322797432 
109 0 0.0506884037541111 
110 0 0.0524624414642156 
111 0 0.0833333333333333 
