** Period (Monthly) Age-Specific Probabilities of Death for USA in 2005 
* Retrieved from the Human Mortality Database (Life tables), www.mortality.org. 
* Max Planck Institute for Demographic Research (Germany), 
* University of California, Berkeley (USA), 
* and French Institute for Demographic Studies (France) 
* Data downloaded on  31 Mrz 2023 12:10:04 CEST 
** NB: The original HMD annual probabilities have been converted into monthly probabilities 
** The open age interval (110+) is limited to one year [110-111) 

death 1 F single 
1 0 0.00052568389611507 
2 0 0.0000350067393084519 
3 0 0.0000216692490401238 
4 0 0.0000150012376423092 
5 0 0.0000133343112110884 
6 0 0.0000116674153447516 
7 0 0.000012500859457365 
8 0 0.0000116674153447516 
9 0 0.0000100005500421885 
10 0 0.0000100005500421885 
11 0 0.00000916712885190574 
12 0 0.0000100005500421885 
13 0 0.0000108339788730261 
14 0 0.000012500859457365 
15 0 0.0000166681946396352 
16 0 0.0000191686874497776 
17 0 0.0000266705785775256 
18 0 0.0000333394460065861 
19 0 0.0000366740631904117 
20 0 0.0000375077365993848 
21 0 0.0000375077365993848 
22 0 0.0000391751063537615 
23 0 0.0000408425066913409 
24 0 0.0000408425066913409 
25 0 0.0000416762183291786 
26 0 0.0000425099376131222 
27 0 0.0000433436645435048 
28 0 0.0000441773991204375 
29 0 0.0000491799671665794 
30 0 0.0000500137552731372 
31 0 0.0000541828105240505 
32 0 0.0000575181923953005 
33 0 0.000064189323299324 
34 0 0.0000658571825241649 
35 0 0.0000675250723508602 
36 0 0.0000750309553007034 
37 0 0.0000825374580692984 
38 0 0.0000892104254029968 
39 0 0.000097552323490957 
40 0 0.000112569669472262 
41 0 0.000118410418553538 
42 0 0.000130927573360862 
43 0 0.000146785110982983 
44 0 0.000161810593698575 
45 0 0.000170994056027163 
46 0 0.00018602354153463 
47 0 0.000203561082892323 
48 0 0.000220266649856748 
49 0 0.000239481848557044 
50 0 0.000257865405948854 
51 0 0.000279596223468848 
52 0 0.000297987897547314 
53 0 0.000320564585597816 
54 0 0.000337291674916473 
55 0 0.000352348688118842 
56 0 0.000384143910967083 
57 0 0.000415950262280695 
58 0 0.000462005497213092 
59 0 0.000498866499248907 
60 0 0.000551670799416648 
61 0 0.000600311428477163 
62 0 0.000667444710466092 
63 0 0.000745549558013647 
64 0 0.000809427075640912 
65 0 0.000870825436580791 
66 0 0.000939000995595962 
67 0 0.00102913859073595 
68 0 0.00112527157558184 
69 0 0.0012265742591574 
70 0 0.00133137257172933 
71 0 0.00147439759954859 
72 0 0.00162867699036584 
73 0 0.00176877268037479 
74 0 0.00196271605955067 
75 0 0.00213233068966601 
76 0 0.00233560372057251 
77 0 0.00256247447782643 
78 0 0.00287674929142046 
79 0 0.00321197240350757 
80 0 0.00350685469912415 
81 0 0.00412480220361999 
82 0 0.00453999890567625 
83 0 0.00506190838925191 
84 0 0.00567463371589472 
85 0 0.00634783261297556 
86 0 0.00732827206424325 
87 0 0.00803945808493223 
88 0 0.00903948027583135 
89 0 0.010265175870512 
90 0 0.0114784632340295 
91 0 0.012941749792182 
92 0 0.0143745542794349 
93 0 0.0161091813245856 
94 0 0.0177826390667085 
95 0 0.0196942140679356 
96 0 0.0216795032780904 
97 0 0.0238349919166548 
98 0 0.026116582677623 
99 0 0.028515791578706 
100 0 0.0310220661788623 
101 0 0.0336199503852008 
102 0 0.0362945021341956 
103 0 0.0390261635473534 
104 0 0.0417940115450941 
105 0 0.0445769813424074 
106 0 0.047352562244256 
107 0 0.0500996952907753 
108 0 0.0527977588536691 
109 0 0.0554284866508671 
110 0 0.0579718148682031 
111 0 0.0833333333333333 

death 1 M single 
1 0 0.00064813881048631 
2 0 0.0000450111413439203 
3 0 0.0000308385633891461 
4 0 0.0000216692490401238 
5 0 0.0000175016846010179 
6 0 0.0000141677706060328 
7 0 0.0000141677706060328 
8 0 0.000012500859457365 
9 0 0.000012500859457365 
10 0 0.000012500859457365 
11 0 0.0000108339788730261 
12 0 0.0000141677706060328 
13 0 0.0000141677706060328 
14 0 0.0000200022003373768 
15 0 0.0000275041602521009 
16 0 0.0000375077365993848 
17 0 0.0000533489841776369 
18 0 0.0000741969376999441 
19 0 0.000097552323490957 
20 0 0.000111735307382288 
21 0 0.000112569669472262 
22 0 0.000125086019946985 
23 0 0.00012425154296114 
24 0 0.00012425154296114 
25 0 0.000120913711624038 
26 0 0.000121748157967727 
27 0 0.000123417073636167 
28 0 0.000123417073636167 
29 0 0.000118410418553538 
30 0 0.000115072801694871 
31 0 0.000116741594805347 
32 0 0.00012425154296114 
33 0 0.000126754996901401 
34 0 0.000128424004500527 
35 0 0.000135100341368544 
36 0 0.000138438693701781 
37 0 0.000142611806542514 
38 0 0.000162645415570539 
39 0 0.000172663876141788 
40 0 0.000186858585824345 
41 0 0.000206066722202247 
42 0 0.000220266649856748 
43 0 0.000248673162449031 
44 0 0.000265387024029895 
45 0 0.000291299585426952 
46 0 0.000317219537152469 
47 0 0.000336455247325729 
48 0 0.00036573479451496 
49 0 0.000400882708147643 
50 0 0.000442743195606776 
51 0 0.000477083190726146 
52 0 0.000506408092155519 
53 0 0.000571794798128633 
54 0 0.00059947257628945 
55 0 0.00062548059626566 
56 0 0.00067667941744376 
57 0 0.00070270955234053 
58 0 0.000769078154643887 
59 0 0.000811949478391027 
60 0 0.000903644317912566 
61 0 0.000981110232683657 
62 0 0.00105105470102818 
63 0 0.00118012983298654 
64 0 0.00127135228525466 
65 0 0.001366050254893 
66 0 0.00145322584434693 
67 0 0.00155743853137114 
68 0 0.00172120080445548 
69 0 0.00184187808080083 
70 0 0.00200615492446277 
71 0 0.00223818080351568 
72 0 0.00242029281526035 
73 0 0.00265509806003428 
74 0 0.00295419716664891 
75 0 0.00315673472561395 
76 0 0.00348780104442492 
77 0 0.0037123690682257 
78 0 0.00425309128278428 
79 0 0.00462589807804403 
80 0 0.00508746607156807 
81 0 0.00588158019628371 
82 0 0.00650886012660989 
83 0 0.0071838182773114 
84 0 0.00795298205420003 
85 0 0.0087517076705711 
86 0 0.0100609726335084 
87 0 0.0107641090274131 
88 0 0.0122586503238346 
89 0 0.0135768031967622 
90 0 0.0151755277605685 
91 0 0.0168505256468692 
92 0 0.0186507489140274 
93 0 0.0206661199762339 
94 0 0.0228473687355726 
95 0 0.0252787965260365 
96 0 0.0266690716947863 
97 0 0.0289729137205643 
98 0 0.0313716241561565 
99 0 0.0338508991288506 
100 0 0.0363971853346008 
101 0 0.0389951803822659 
102 0 0.0416262380538326 
103 0 0.0442720118206018 
104 0 0.0469131984436826 
105 0 0.0495324573008882 
106 0 0.0521119075322043 
107 0 0.0546317093254798 
108 0 0.0570795651128227 
109 0 0.0594389876581354 
110 0 0.0617023422898366 
111 0 0.0833333333333333 
