** Period (Monthly) Age-Specific Probabilities of Death for USA in 1946 
* Retrieved from the Human Mortality Database (Life tables), www.mortality.org. 
* Max Planck Institute for Demographic Research (Germany), 
* University of California, Berkeley (USA), 
* and French Institute for Demographic Studies (France) 
* Data downloaded on  30 Mar 2023 17:43:02 CEST 
** NB: The original HMD annual probabilities have been converted into monthly probabilities 
** The open age interval (110+) is limited to one year [110-111) 

death 1 F single 
1 0 0.00312222826702802 
2 0 0.000257029709030077 
3 0 0.000129258519792286 
4 0 0.0000983865554056162 
5 0 0.000079201158088904 
6 0 0.0000691929927806312 
7 0 0.0000633554051622243 
8 0 0.0000575181923953005 
9 0 0.0000525151654794387 
10 0 0.0000500137552731372 
11 0 0.0000466786487315352 
12 0 0.0000466786487315352 
13 0 0.0000500137552731372 
14 0 0.0000541828105240505 
15 0 0.0000600198091127435 
16 0 0.0000675250723508602 
17 0 0.0000758649805536749 
18 0 0.0000850397634148958 
19 0 0.0000950496736826789 
20 0 0.000105894987183719 
21 0 0.000116741594805347 
22 0 0.00012425154296114 
23 0 0.000129258519792286 
24 0 0.000132596657577144 
25 0 0.000133431211178481 
26 0 0.000133431211178481 
27 0 0.000135934917957492 
28 0 0.000139273300942766 
29 0 0.000145115766213677 
30 0 0.000151793329249084 
31 0 0.000160975779494144 
32 0 0.000169324266588666 
33 0 0.000180178446304025 
34 0 0.000191869012675761 
35 0 0.000206066722202247 
36 0 0.000219431298580264 
37 0 0.000234468796364018 
38 0 0.000248673162449031 
39 0 0.000262879748837208 
40 0 0.000275416816550522 
41 0 0.000292135597524501 
42 0 0.000312202195326683 
43 0 0.000334782415238655 
44 0 0.000360714773546156 
45 0 0.000390002139264989 
46 0 0.000419298946955804 
47 0 0.000451117607631391 
48 0 0.000486298568555532 
49 0 0.000524845732644996 
50 0 0.000565924838063614 
51 0 0.000613734116920339 
52 0 0.000664086867924962 
53 0 0.000717827247588065 
54 0 0.000775801730317993 
55 0 0.000838018409161312 
56 0 0.000901961009856067 
57 0 0.000970159952704663 
58 0 0.00104768264747956 
59 0 0.00113539675973473 
60 0 0.00123502125325325 
61 0 0.00133898361148621 
62 0 0.00143544538515838 
63 0 0.00153794250944195 
64 0 0.00164734392547972 
65 0 0.00176622355473588 
66 0 0.00190312792995306 
67 0 0.0020905368455334 
68 0 0.00230140832272885 
69 0 0.00253847639323301 
70 0 0.00279678927517379 
71 0 0.00309635704263356 
72 0 0.00343239500567649 
73 0 0.00382442761487489 
74 0 0.00428278949289063 
75 0 0.0048058492569556 
76 0 0.00535139656748507 
77 0 0.00580958368594053 
78 0 0.00626206850317834 
79 0 0.00670695957885425 
80 0 0.0071360188930395 
81 0 0.0076033729633892 
82 0 0.00842368473211963 
83 0 0.00931431873673616 
84 0 0.0101588204700398 
85 0 0.0109605086734071 
86 0 0.011894796913676 
87 0 0.013173823912529 
88 0 0.0147967247981901 
89 0 0.0163666043147354 
90 0 0.0175737603074627 
91 0 0.0183631644505445 
92 0 0.0191152941789854 
93 0 0.0198623909448254 
94 0 0.0204817699654751 
95 0 0.0212299128933662 
96 0 0.0248106566823182 
97 0 0.0264684796527368 
98 0 0.0281876204231244 
99 0 0.0299606734865943 
100 0 0.0317843736171707 
101 0 0.0336539468142512 
102 0 0.0355616923723266 
103 0 0.0375004536536496 
104 0 0.0394649787755493 
105 0 0.0414468385338986 
106 0 0.043436785233035 
107 0 0.0454288554016654 
108 0 0.0474136826478171 
109 0 0.049382499561056 
110 0 0.0513302401340626 
111 0 0.0833333333333333 

death 1 M single 
1 0 0.00402805117738847 
2 0 0.000285447716062204 
3 0 0.000158471382883385 
4 0 0.000120079272940554 
5 0 0.000100889297087292 
6 0 0.0000933812787555777 
7 0 0.0000883762776967556 
8 0 0.0000817033715945215 
9 0 0.0000766990134587475 
10 0 0.0000750309553007034 
11 0 0.000070860943814588 
12 0 0.0000716949308086079 
13 0 0.0000775330540162544 
14 0 0.0000825374580692984 
15 0 0.0000908787437792213 
16 0 0.000102557829824601 
17 0 0.000116741594805347 
18 0 0.000131762111637901 
19 0 0.000193539216339467 
20 0 0.000212748764747639 
21 0 0.000225278918752347 
22 0 0.000231962373952066 
23 0 0.000231962373952066 
24 0 0.000226949736477855 
25 0 0.000219431298580264 
26 0 0.000211913482563775 
27 0 0.000208572430588916 
28 0 0.000208572430588916 
29 0 0.000213584054607918 
30 0 0.000220266649856748 
31 0 0.000229456020658048 
32 0 0.000238646320656399 
33 0 0.000250344410298808 
34 0 0.000265387024029895 
35 0 0.000282939887389921 
36 0 0.000301332238197172 
37 0 0.000321400866947319 
38 0 0.000341473928349267 
39 0 0.000363224749367119 
40 0 0.000385817651945008 
41 0 0.000412601701002879 
42 0 0.000444418016270154 
43 0 0.000480434129074503 
44 0 0.000520655031266859 
45 0 0.000564247776269622 
46 0 0.000611217211779147 
47 0 0.000666605238195506 
48 0 0.000730427249033605 
49 0 0.000802701010725881 
50 0 0.000880922290951047 
51 0 0.000970159952704663 
52 0 0.00106454416746449 
53 0 0.00116324683897573 
54 0 0.00126628196611334 
55 0 0.0013753562776101 
56 0 0.00148625593970941 
57 0 0.00159135463387594 
58 0 0.00170591513877327 
59 0 0.0018342247558305 
60 0 0.00197974842986981 
61 0 0.00212721204146771 
62 0 0.00226551702486377 
63 0 0.00240403321909355 
64 0 0.00254190430220946 
65 0 0.00268599362597355 
66 0 0.00285524773094437 
67 0 0.00307394128723892 
68 0 0.00331563389356226 
69 0 0.00357877504416038 
70 0 0.00385050762609362 
71 0 0.00414922420661712 
72 0 0.00450320992026587 
73 0 0.00492630914643444 
74 0 0.0054301068231819 
75 0 0.00602040195762077 
76 0 0.00667645444083587 
77 0 0.00721630022662367 
78 0 0.00773579255178247 
79 0 0.00822360953333778 
80 0 0.00866821430490183 
81 0 0.00939471522762803 
82 0 0.0102763784922389 
83 0 0.011230906764101 
84 0 0.0120832070671776 
85 0 0.0129061732469984 
86 0 0.0138989402635057 
87 0 0.0152643106830498 
88 0 0.0170486560979273 
89 0 0.0188878580187098 
90 0 0.0205026996186918 
91 0 0.0216848061242497 
92 0 0.0226466521815836 
93 0 0.0234771417081422 
94 0 0.0239371896046603 
95 0 0.0242270268100957 
96 0 0.0280040567662919 
97 0 0.029724598136157 
98 0 0.0314935870308617 
99 0 0.0333061054509299 
100 0 0.0351567954461705 
101 0 0.0370385417970056 
102 0 0.0389461461649948 
103 0 0.0408712726908109 
104 0 0.0428074974715539 
105 0 0.0447464130577796 
106 0 0.0466816588711735 
107 0 0.0486063088846492 
108 0 0.0505113692745717 
109 0 0.052391617978428 
110 0 0.0542399214649711 
111 0 0.0833333333333333 
