** Period (Monthly) Age-Specific Probabilities of Death for USA in 1942 
* Retrieved from the Human Mortality Database (Life tables), www.mortality.org. 
* Max Planck Institute for Demographic Research (Germany), 
* University of California, Berkeley (USA), 
* and French Institute for Demographic Studies (France) 
* Data downloaded on  30 Mar 2023 17:56:08 CEST 
** NB: The original HMD annual probabilities have been converted into monthly probabilities 
** The open age interval (110+) is limited to one year [110-111) 

death 1 F single 
1 0 0.00349213106861102 
2 0 0.000359041494845114 
3 0 0.000165149927191854 
4 0 0.000126754996901401 
5 0 0.000103392107678624 
6 0 0.0000858738805041837 
7 0 0.0000733629277510639 
8 0 0.0000633554051622243 
9 0 0.0000575181923953005 
10 0 0.0000516813544294559 
11 0 0.0000483461867075707 
12 0 0.0000491799671665794 
13 0 0.0000533489841776369 
14 0 0.0000600198091127435 
15 0 0.0000700269644720031 
16 0 0.0000825374580692984 
17 0 0.0000950496736826789 
18 0 0.000106729295667018 
19 0 0.000117576002849673 
20 0 0.000128424004500527 
21 0 0.000139273300942766 
22 0 0.000149289185622847 
23 0 0.000156801823476993 
24 0 0.000163480245109926 
25 0 0.000167654507824855 
26 0 0.000168489383372439 
27 0 0.000171828962249876 
28 0 0.000175168663833603 
29 0 0.000181013436895361 
30 0 0.000187693637785924 
31 0 0.000197714859778153 
32 0 0.000208572430588916 
33 0 0.000220266649856748 
34 0 0.000232797840409416 
35 0 0.000246166348294219 
36 0 0.000257865405948854 
37 0 0.000271237601818131 
38 0 0.00028711964028949 
39 0 0.00030467670191936 
40 0 0.000324746069302662 
41 0 0.000348165934204059 
42 0 0.000371591836153429 
43 0 0.000396697719786565 
44 0 0.000422647755037864 
45 0 0.000449442663482569 
46 0 0.000475407767891678 
47 0 0.000506408092155519 
48 0 0.000541610471264886 
49 0 0.000581858469204777 
50 0 0.000627997896583521 
51 0 0.000688434038677022 
52 0 0.000749750646195313 
53 0 0.000808586290289459 
54 0 0.00086577743026095 
55 0 0.000922162765838341 
56 0 0.000981952616601722 
57 0 0.00105105470102818 
58 0 0.00113455295126619 
59 0 0.00123333179156593 
60 0 0.00134574951585698 
61 0 0.00144814535777016 
62 0 0.00155574305887163 
63 0 0.00168299146645257 
64 0 0.0018291228977666 
65 0 0.00199422845905728 
66 0 0.0021767044101495 
67 0 0.00237494437332109 
68 0 0.00258219194256826 
69 0 0.00280538374301242 
70 0 0.00306014973141 
71 0 0.0034176834705949 
72 0 0.00381921251378359 
73 0 0.00422776815361714 
74 0 0.0046320368545093 
75 0 0.0050266682595288 
76 0 0.00537968899589059 
77 0 0.00580780671966985 
78 0 0.00641936495804585 
79 0 0.00719013329643259 
80 0 0.00805585236563178 
81 0 0.00825920688357007 
82 0 0.00903211360765033 
83 0 0.00995020687565662 
84 0 0.0110009695196814 
85 0 0.0120013237986769 
86 0 0.0128821430230706 
87 0 0.0138756143955858 
88 0 0.0150878178105343 
89 0 0.0164465761412497 
90 0 0.0178019292164108 
91 0 0.0189979017409343 
92 0 0.0198696650056442 
93 0 0.0204231930933403 
94 0 0.0208960443500362 
95 0 0.0214739965760172 
96 0 0.0250813255544379 
97 0 0.0266589751976617 
98 0 0.0282892574286522 
99 0 0.0299688252977672 
100 0 0.0316928800025822 
101 0 0.0334586467528266 
102 0 0.0352593905544079 
103 0 0.0370890435035263 
104 0 0.0389435661788902 
105 0 0.0408145835157414 
106 0 0.0426956501603402 
107 0 0.0445797336877609 
108 0 0.0464619865009364 
109 0 0.0483342677959435 
110 0 0.0501892143242083 
111 0 0.0833333333333333 

death 1 M single 
1 0 0.00441217769637881 
2 0 0.000400045695056694 
3 0 0.000200220337924772 
4 0 0.000151793329249084 
5 0 0.000120079272940554 
6 0 0.000105060686358072 
7 0 0.0000967180992323957 
8 0 0.0000908787437792213 
9 0 0.0000883762776967556 
10 0 0.0000825374580692984 
11 0 0.0000775330540162544 
12 0 0.0000775330540162544 
13 0 0.0000817033715945215 
14 0 0.0000900445807636707 
15 0 0.000101723559627565 
16 0 0.000118410418553538 
17 0 0.000134265772442244 
18 0 0.000150123892499576 
19 0 0.000172663876141788 
20 0 0.000193539216339467 
21 0 0.000211913482563775 
22 0 0.000228620584918904 
23 0 0.0002411529274019 
24 0 0.000247837550048202 
25 0 0.000248673162449031 
26 0 0.000243659603279878 
27 0 0.000240317384138877 
28 0 0.000239481848557044 
29 0 0.000243659603279878 
30 0 0.000251180045748089 
31 0 0.000264551257946888 
32 0 0.000280432127916508 
33 0 0.000296315773371636 
34 0 0.000313874611824527 
35 0 0.000332273224842417 
36 0 0.000349839012667941 
37 0 0.000369081629227441 
38 0 0.000391675988146045 
39 0 0.000415950262280695 
40 0 0.000442743195606776 
41 0 0.000472057014896388 
42 0 0.000505570106476561 
43 0 0.000545802139289897 
44 0 0.000591923255105264 
45 0 0.000643942418526833 
46 0 0.000698510638982297 
47 0 0.000756472791427876 
48 0 0.000816994494034828 
49 0 0.000882605209140075 
50 0 0.000955000205873691 
51 0 0.00104431071913569 
52 0 0.00114045977521504 
53 0 0.00123417651848012 
54 0 0.00132629889967795 
55 0 0.00142274718903079 
56 0 0.00153539985875184 
57 0 0.00165498150565124 
58 0 0.00178406893810523 
59 0 0.00192355373758535 
60 0 0.0020683683364261 
61 0 0.00218097225817782 
62 0 0.00230397253040959 
63 0 0.00245967023019611 
64 0 0.00264994982243905 
65 0 0.00286986823716018 
66 0 0.00311274129385686 
67 0 0.00336059072873673 
68 0 0.00360912002520186 
69 0 0.00386442003707232 
70 0 0.00413962906259102 
71 0 0.00450758877724766 
72 0 0.00493598806842799 
73 0 0.00536642581781865 
74 0 0.0057838210937835 
75 0 0.00618976831322426 
76 0 0.00662264696981407 
77 0 0.00713872384279812 
78 0 0.00784477630194436 
79 0 0.00871866807947541 
80 0 0.00969939395813213 
81 0 0.0101718748905953 
82 0 0.0110800618788135 
83 0 0.0121260827338436 
84 0 0.0132982932711146 
85 0 0.0143980103825375 
86 0 0.01532848648626 
87 0 0.0163246477194398 
88 0 0.0175140256970275 
89 0 0.0188971088046195 
90 0 0.0203667447200629 
91 0 0.0217824349692761 
92 0 0.0227281721334177 
93 0 0.0231908178108944 
94 0 0.0233927693053212 
95 0 0.0236851699103495 
96 0 0.0279072978688105 
97 0 0.0294775708649746 
98 0 0.0310904514476208 
99 0 0.0327394263654192 
100 0 0.0344223662758908 
101 0 0.0361344563287584 
102 0 0.0378691983534962 
103 0 0.039623441589048 
104 0 0.0413897739358764 
105 0 0.0431642117364422 
106 0 0.044939665287325 
107 0 0.0467112727171124 
108 0 0.0484737798969335 
109 0 0.0502215226621513 
110 0 0.0519484121584791 
111 0 0.0833333333333333 
