** Period (Monthly) Age-Specific Probabilities of Death for USA in 1969 
* Retrieved from the Human Mortality Database (Life tables), www.mortality.org. 
* Max Planck Institute for Demographic Research (Germany), 
* University of California, Berkeley (USA), 
* and French Institute for Demographic Studies (France) 
* Data downloaded on  03 Apr 2023 22:47:38 CEST 
** NB: The original HMD annual probabilities have been converted into monthly probabilities 
** The open age interval (110+) is limited to one year [110-111) 

death 1 F single 
1 0 0.00156082957138359 
2 0 0.000104226393189744 
3 0 0.0000666911236122392 
4 0 0.0000533489841776369 
5 0 0.0000458448912142861 
6 0 0.0000366740631904117 
7 0 0.0000316721832838152 
8 0 0.0000291713465325749 
9 0 0.0000266705785775256 
10 0 0.0000258370045466139 
11 0 0.0000216692490401238 
12 0 0.0000241698794146705 
13 0 0.0000250034381590325 
14 0 0.0000275041602521009 
15 0 0.0000316721832838152 
16 0 0.0000400088026996093 
17 0 0.0000466786487315352 
18 0 0.0000541828105240505 
19 0 0.0000625214946752273 
20 0 0.0000608536966506534 
21 0 0.0000583520569852336 
22 0 0.0000600198091127435 
23 0 0.0000608536966506534 
24 0 0.0000675250723508602 
25 0 0.0000650232490866376 
26 0 0.0000666911236122392 
27 0 0.0000675250723508602 
28 0 0.0000700269644720031 
29 0 0.0000766990134587475 
30 0 0.000079201158088904 
31 0 0.000080869292772956 
32 0 0.0000933812787555777 
33 0 0.000103392107678624 
34 0 0.000113404039220888 
35 0 0.000120079272940554 
36 0 0.000126754996901401 
37 0 0.000139273300942766 
38 0 0.0001542975418658 
39 0 0.000165984779734729 
40 0 0.000188528697419477 
41 0 0.00019687971574367 
42 0 0.000206901950655758 
43 0 0.000237810800436611 
44 0 0.000257029709030077 
45 0 0.000278760326709371 
46 0 0.000302168342589226 
47 0 0.000314710831614828 
48 0 0.000343983372797285 
49 0 0.000379122872988913 
50 0 0.000420136137406546 
51 0 0.000436881566365344 
52 0 0.0004678687474029 
53 0 0.000506408092155519 
54 0 0.000548317232928808 
55 0 0.000606183610663558 
56 0 0.000640585444512398 
57 0 0.000691792781259082 
58 0 0.000739668360939527 
59 0 0.000819517106936729 
60 0 0.00087755654811561 
61 0 0.000907852724545632 
62 0 0.000992904318617094 
63 0 0.00115058665314771 
64 0 0.00118097406509343 
65 0 0.00129163639380359 
66 0 0.00145153231722817 
67 0 0.00154641852618531 
68 0 0.00162952540413153 
69 0 0.0020231954522878 
70 0 0.00209650621597524 
71 0 0.00217072976022825 
72 0 0.0023578376448472 
73 0 0.00273149793289007 
74 0 0.00306273548827019 
75 0 0.00338913260250029 
76 0 0.00374275884663811 
77 0 0.00402543771914554 
78 0 0.00438593540743748 
79 0 0.00500553077002686 
80 0 0.00581846904138283 
81 0 0.00622635747415679 
82 0 0.00660740734664067 
83 0 0.00746209799728814 
84 0 0.00844563780334395 
85 0 0.00940303620385441 
86 0 0.0103482951913301 
87 0 0.0113782246552182 
88 0 0.0125617149098027 
89 0 0.0135942388184068 
90 0 0.0151617249934728 
91 0 0.0163975849102315 
92 0 0.0178151301414551 
93 0 0.0191833289247481 
94 0 0.02087922609826 
95 0 0.0230582333705605 
96 0 0.0244608934636444 
97 0 0.0263957513473644 
98 0 0.0284127494802844 
99 0 0.0305050029342838 
100 0 0.0326649449089763 
101 0 0.0348829726767603 
102 0 0.0371471565074392 
103 0 0.0394481103357717 
104 0 0.0417713565740085 
105 0 0.0441062393444442 
106 0 0.0464394874472316 
107 0 0.048756369204852 
108 0 0.0510465318412558 
109 0 0.0532971072002094 
110 0 0.0554956100066538 
111 0 0.0833333333333333 

death 1 M single 
1 0 0.00203086473414238 
2 0 0.000118410418553538 
3 0 0.0000825374580692984 
4 0 0.0000650232490866376 
5 0 0.0000550166445189015 
6 0 0.0000491799671665794 
7 0 0.0000450111413439203 
8 0 0.0000416762183291786 
9 0 0.0000391751063537615 
10 0 0.0000408425066913409 
11 0 0.0000333394460065861 
12 0 0.0000341730888351321 
13 0 0.0000400088026996093 
14 0 0.0000458448912142861 
15 0 0.0000608536966506534 
16 0 0.0000783671022263066 
17 0 0.000115072801694871 
18 0 0.000139273300942766 
19 0 0.000173498797702898 
20 0 0.000182683441090514 
21 0 0.000180178446304025 
22 0 0.000196044579382604 
23 0 0.000194374329680724 
24 0 0.000192704110671182 
25 0 0.000178508488132945 
26 0 0.000173498797702898 
27 0 0.000166819639945581 
28 0 0.000165149927191854 
29 0 0.000182683441090514 
30 0 0.000177673520552979 
31 0 0.000172663876141788 
32 0 0.000182683441090514 
33 0 0.000185188504916445 
34 0 0.000202725885138699 
35 0 0.000211913482563775 
36 0 0.000231126915174573 
37 0 0.0002411529274019 
38 0 0.000264551257946888 
39 0 0.000283775822591648 
40 0 0.000315547059099419 
41 0 0.000340637462264981 
42 0 0.000360714773546156 
43 0 0.000415950262280695 
44 0 0.000441905796850772 
45 0 0.000489649846773466 
46 0 0.000534065956091179 
47 0 0.000570117627983535 
48 0 0.000644781681412243 
49 0 0.000682556537945356 
50 0 0.00076655694206218 
51 0 0.000822880699786643 
52 0 0.000889337193732631 
53 0 0.000981110232683657 
54 0 0.00107972221270647 
55 0 0.00120546021128165 
56 0 0.00129586282021077 
57 0 0.00142867279284986 
58 0 0.00152946728411341 
59 0 0.00168978306203249 
60 0 0.00184953205132177 
61 0 0.00194313278564207 
62 0 0.00216475550379625 
63 0 0.00238007702113152 
64 0 0.00253247786432043 
65 0 0.00276327863371617 
66 0 0.00304894563742597 
67 0 0.00316104895691949 
68 0 0.00332859992232182 
69 0 0.00384268283407718 
70 0 0.00404373351120013 
71 0 0.00411782569834573 
72 0 0.00448306990660241 
73 0 0.00503900074323183 
74 0 0.00552394111305921 
75 0 0.00590737067420011 
76 0 0.00628618143041537 
77 0 0.00683447490892353 
78 0 0.00708464024329802 
79 0 0.00772943922908498 
80 0 0.00862512163216567 
81 0 0.00939379072217206 
82 0 0.00962428614612865 
83 0 0.0106121703471987 
84 0 0.0117238572109795 
85 0 0.0129129028630076 
86 0 0.0135729290745088 
87 0 0.0149362526920392 
88 0 0.0158783311360106 
89 0 0.0169812223257867 
90 0 0.0187882159513093 
91 0 0.0196475545391579 
92 0 0.0213185931369609 
93 0 0.0232318189140539 
94 0 0.0254324440245938 
95 0 0.026457286792 
96 0 0.0275247164682975 
97 0 0.029257800035001 
98 0 0.0310421046375201 
99 0 0.032871726345427 
100 0 0.0347426923940505 
101 0 0.0366481381479373 
102 0 0.0385792640124099 
103 0 0.0405316891001979 
104 0 0.0424965675563422 
105 0 0.0444655845846643 
106 0 0.0464324576903331 
107 0 0.0483874572129374 
108 0 0.050325873023117 
109 0 0.0522381159461224 
110 0 0.0541168925381387 
111 0 0.0833333333333333 
