** Period (Monthly) Age-Specific Probabilities of Death for USA in 1980 
* Retrieved from the Human Mortality Database (Life tables), www.mortality.org. 
* Max Planck Institute for Demographic Research (Germany), 
* University of California, Berkeley (USA), 
* and French Institute for Demographic Studies (France) 
* Data downloaded on  03 Apr 2023 22:47:40 CEST 
** NB: The original HMD annual probabilities have been converted into monthly probabilities 
** The open age interval (110+) is limited to one year [110-111) 

death 1 F single 
1 0 0.000944053073315909 
2 0 0.0000725289254539518 
3 0 0.0000475124138960004 
4 0 0.0000341730888351321 
5 0 0.0000258370045466139 
6 0 0.0000258370045466139 
7 0 0.0000233363283135279 
8 0 0.0000200022003373768 
9 0 0.0000191686874497776 
10 0 0.0000191686874497776 
11 0 0.0000166681946396352 
12 0 0.0000166681946396352 
13 0 0.0000191686874497776 
14 0 0.0000191686874497776 
15 0 0.0000233363283135279 
16 0 0.0000316721832838152 
17 0 0.0000408425066913409 
18 0 0.0000458448912142861 
19 0 0.0000525151654794387 
20 0 0.0000500137552731372 
21 0 0.0000508475510273554 
22 0 0.0000516813544294559 
23 0 0.0000491799671665794 
24 0 0.0000508475510273554 
25 0 0.0000541828105240505 
26 0 0.0000541828105240505 
27 0 0.0000550166445189015 
28 0 0.000055850486162301 
29 0 0.000061687591838111 
30 0 0.00005668433545436 
31 0 0.0000633554051622243 
32 0 0.0000658571825241649 
33 0 0.0000683590287403613 
34 0 0.0000725289254539518 
35 0 0.0000800352216044908 
36 0 0.0000867080052475711 
37 0 0.0000950496736826789 
38 0 0.000097552323490957 
39 0 0.000115072801694871 
40 0 0.00012425154296114 
41 0 0.000138438693701781 
42 0 0.000150958607041618 
43 0 0.000163480245109926 
44 0 0.000180178446304025 
45 0 0.000203561082892323 
46 0 0.000226949736477855 
47 0 0.000239481848557044 
48 0 0.0002637154995494 
49 0 0.000300496141496964 
50 0 0.000308021288723315 
51 0 0.000350675563450809 
52 0 0.000382470200815832 
53 0 0.000410090361018356 
54 0 0.000452792582654515 
55 0 0.000485460768313573 
56 0 0.000539095563266923 
57 0 0.000573471999233854 
58 0 0.000611217211779147 
59 0 0.000680877321862394 
60 0 0.000723707030781062 
61 0 0.000822039789897144 
62 0 0.000851476269031703 
63 0 0.000983637407878435 
64 0 0.00101228364259642 
65 0 0.00109743313904109 
66 0 0.00123164236131401 
67 0 0.00132545331523504 
68 0 0.00142782625433702 
69 0 0.00151760329793615 
70 0 0.0016507383262081 
71 0 0.00189376763793114 
72 0 0.00195334961858862 
73 0 0.00226722581227456 
74 0 0.00244511571538997 
75 0 0.00262764417017125 
76 0 0.00297658332264483 
77 0 0.00319815982709604 
78 0 0.00355450637628874 
79 0 0.00361345585245731 
80 0 0.0044305518269161 
81 0 0.00504692965647657 
82 0 0.00540799027976835 
83 0 0.00604355966581394 
84 0 0.00670785694481912 
85 0 0.00745938333772334 
86 0 0.0082290851340413 
87 0 0.00923491681642574 
88 0 0.010143903450875 
89 0 0.0109153645733601 
90 0 0.0121785141402235 
91 0 0.0139164386483557 
92 0 0.0148527063606821 
93 0 0.0163006813575053 
94 0 0.0177481302489403 
95 0 0.0196579212124171 
96 0 0.0209812355504513 
97 0 0.0227839920718452 
98 0 0.0246811163438264 
99 0 0.0266701935989178 
100 0 0.0287429082878932 
101 0 0.030893692491466 
102 0 0.033112783012294 
103 0 0.0353905903849798 
104 0 0.037715153799162 
105 0 0.0400731167529846 
106 0 0.0424522395321428 
107 0 0.0448402247093128 
108 0 0.0472205189483194 
109 0 0.0495805571119824 
110 0 0.0519064633699422 
111 0 0.0833333333333333 

death 1 M single 
1 0 0.00117844139232004 
2 0 0.0000900445807636707 
3 0 0.000061687591838111 
4 0 0.0000491799671665794 
5 0 0.0000383414176537977 
6 0 0.0000316721832838152 
7 0 0.0000308385633891461 
8 0 0.0000300049511388067 
9 0 0.0000291713465325749 
10 0 0.0000266705785775256 
11 0 0.0000250034381590325 
12 0 0.0000258370045466139 
13 0 0.0000291713465325749 
14 0 0.0000333394460065861 
15 0 0.0000458448912142861 
16 0 0.0000608536966506534 
17 0 0.0000958838826297104 
18 0 0.000118410418553538 
19 0 0.000153462796661064 
20 0 0.000158471382883385 
21 0 0.000166819639945581 
22 0 0.000170994056027163 
23 0 0.000171828962249876 
24 0 0.000170994056027163 
25 0 0.000165149927191854 
26 0 0.000165984779734729 
27 0 0.000162645415570539 
28 0 0.000164315082316957 
29 0 0.000162645415570539 
30 0 0.000155967055273654 
31 0 0.000156801823476993 
32 0 0.000157636599346866 
33 0 0.000164315082316957 
34 0 0.000160975779494144 
35 0 0.000169324266588666 
36 0 0.000178508488132945 
37 0 0.000192704110671182 
38 0 0.000200220337924772 
39 0 0.000216925290815517 
40 0 0.000232797840409416 
41 0 0.000255358338245082 
42 0 0.000277924437637966 
43 0 0.000300496141496964 
44 0 0.000325582389131607 
45 0 0.000355695029868763 
46 0 0.00041176457996317 
47 0 0.000418461764218003 
48 0 0.00047959638290207 
49 0 0.000551670799416648 
50 0 0.000570117627983535 
51 0 0.000652335396287174 
52 0 0.000710268085491905 
53 0 0.000786728602310882 
54 0 0.000849793927500175 
55 0 0.000934791145488556 
56 0 0.00103588144598277 
57 0 0.00111852207997243 
58 0 0.00117928560872871 
59 0 0.00135505345775822 
60 0 0.00142274718903079 
61 0 0.00158202644224592 
62 0 0.00164988971412428 
63 0 0.00190057502727459 
64 0 0.00198911759663323 
65 0 0.0021767044101495 
66 0 0.00241515789100399 
67 0 0.00262163973970286 
68 0 0.00283890995522251 
69 0 0.00302223377064559 
70 0 0.00327329112526009 
71 0 0.0036906683248944 
72 0 0.00380096202458724 
73 0 0.00432385895163434 
74 0 0.00461099135449983 
75 0 0.00487705068391031 
76 0 0.00537261505881503 
77 0 0.00584779691360693 
78 0 0.00635498329891881 
79 0 0.006430994316587 
80 0 0.00720096007158522 
81 0 0.00819441194442738 
82 0 0.00865629299341719 
83 0 0.00954831484464747 
84 0 0.0103501639237134 
85 0 0.011363104010424 
86 0 0.0121775605686448 
87 0 0.013359143460106 
88 0 0.0144870039312783 
89 0 0.0154342300431826 
90 0 0.0163466225284917 
91 0 0.0178933602773569 
92 0 0.0195377418713299 
93 0 0.0207626368850259 
94 0 0.0225769904607821 
95 0 0.0245692931008376 
96 0 0.025628482358188 
97 0 0.0273459144887591 
98 0 0.0291227392558606 
99 0 0.0309549116506477 
100 0 0.0328356247858482 
101 0 0.0347586779440608 
102 0 0.0367185339833759 
103 0 0.0387078192537024 
104 0 0.0407157951602418 
105 0 0.0427374076402914 
106 0 0.0447629606926219 
107 0 0.0467846458233471 
108 0 0.048793925005347 
109 0 0.0507814924336777 
110 0 0.0527402694922746 
111 0 0.0833333333333333 
