** Period (Monthly) Age-Specific Probabilities of Death for USA in 1940 
* Retrieved from the Human Mortality Database (Life tables), www.mortality.org. 
* Max Planck Institute for Demographic Research (Germany), 
* University of California, Berkeley (USA), 
* and French Institute for Demographic Studies (France) 
* Data downloaded on  03 Apr 2023 22:47:31 CEST 
** NB: The original HMD annual probabilities have been converted into monthly probabilities 
** The open age interval (110+) is limited to one year [110-111) 

death 1 F single 
1 0 0.00384789928696494 
2 0 0.000438556278994695 
3 0 0.000206066722202247 
4 0 0.000140107915847287 
5 0 0.000113404039220888 
6 0 0.0000967180992323957 
7 0 0.000087542137645058 
8 0 0.0000758649805536749 
9 0 0.0000691929927806312 
10 0 0.000064189323299324 
11 0 0.0000608536966506534 
12 0 0.000061687591838111 
13 0 0.0000666911236122392 
14 0 0.0000758649805536749 
15 0 0.0000883762776967556 
16 0 0.000103392107678624 
17 0 0.000117576002849673 
18 0 0.000129258519792286 
19 0 0.000140107915847287 
20 0 0.000150958607041618 
21 0 0.000160140972956802 
22 0 0.000168489383372439 
23 0 0.000176003608403419 
24 0 0.000182683441090514 
25 0 0.000188528697419477 
26 0 0.000193539216339467 
27 0 0.000198550011486498 
28 0 0.000204396288320696 
29 0 0.000211913482563775 
30 0 0.000220266649856748 
31 0 0.000230291464076604 
32 0 0.000240317384138877 
33 0 0.000252015688880669 
34 0 0.0002637154995494 
35 0 0.000275416816550522 
36 0 0.000287955613937352 
37 0 0.000303004454673572 
38 0 0.000319728311943712 
39 0 0.000338128110205616 
40 0 0.000359041494845114 
41 0 0.000383307052038151 
42 0 0.000408416172918757 
43 0 0.000435206884600192 
44 0 0.000462005497213092 
45 0 0.000489649846773466 
46 0 0.000518978804833314 
47 0 0.000551670799416648 
48 0 0.000589406954101257 
49 0 0.000632193552116744 
50 0 0.000682556537945356 
51 0 0.000740508508638826 
52 0 0.000798497473050608 
53 0 0.000857364709785813 
54 0 0.000919637300597964 
55 0 0.000985322230410257 
56 0 0.00105526994404792 
57 0 0.00113455295126619 
58 0 0.00122404031415868 
59 0 0.00131953444464072 
60 0 0.00142274718903079 
61 0 0.00152946728411341 
62 0 0.00165667883297604 
63 0 0.00180191783146044 
64 0 0.00196527071127228 
65 0 0.00214939493657262 
66 0 0.00235356146684729 
67 0 0.00256761775093628 
68 0 0.00280022696453441 
69 0 0.0030670452469852 
70 0 0.00337615790887325 
71 0 0.00375144351372081 
72 0 0.00414137355859301 
73 0 0.00455314145429986 
74 0 0.00498703951774326 
75 0 0.00544426425061972 
76 0 0.00595808376368345 
77 0 0.00653662164469593 
78 0 0.0071702875811499 
79 0 0.00789204351913375 
80 0 0.00875446151670389 
81 0 0.00887387576213783 
82 0 0.00987488959325966 
83 0 0.0109379337901581 
84 0 0.0120327352964019 
85 0 0.0131632182330388 
86 0 0.014292506239076 
87 0 0.0155183210630256 
88 0 0.016841484485258 
89 0 0.0181957488695647 
90 0 0.019463229218339 
91 0 0.0206168527770469 
92 0 0.021743158309685 
93 0 0.0228527417180998 
94 0 0.0239241365356817 
95 0 0.0249899098991623 
96 0 0.0280553249906982 
97 0 0.02982104520424 
98 0 0.0316382668202617 
99 0 0.0334998541007928 
100 0 0.0354017390389271 
101 0 0.0373356574415825 
102 0 0.0392938504728471 
103 0 0.0412704572173166 
104 0 0.043257685484817 
105 0 0.0452456059151608 
106 0 0.0472276129320901 
107 0 0.0491950546908576 
108 0 0.0511414924848387 
109 0 0.0530584550068275 
110 0 0.054939913889462 
111 0 0.0833333333333333 

death 1 M single 
1 0 0.00493686802178195 
2 0 0.000510598136479801 
3 0 0.000243659603279878 
4 0 0.000160975779494144 
5 0 0.000133431211178481 
6 0 0.000118410418553538 
7 0 0.000111735307382288 
8 0 0.000100889297087292 
9 0 0.0000933812787555777 
10 0 0.0000883762776967556 
11 0 0.0000850397634148958 
12 0 0.0000858738805041837 
13 0 0.0000900445807636707 
14 0 0.0000992207949763735 
15 0 0.000112569669472262 
16 0 0.000128424004500527 
17 0 0.000144281105325716 
18 0 0.000158471382883385 
19 0 0.000174333726933429 
20 0 0.000190198839702838 
21 0 0.000204396288320696 
22 0 0.00021776061905987 
23 0 0.000229456020658048 
24 0 0.000236975287897678 
25 0 0.000241988478346333 
26 0 0.000244495177269322 
27 0 0.000248673162449031 
28 0 0.000253686998195723 
29 0 0.000261208270468494 
30 0 0.000271237601818131 
31 0 0.000282939887389921 
32 0 0.000295479722820513 
33 0 0.000309693628284036 
34 0 0.000324746069302662 
35 0 0.000340637462264981 
36 0 0.000357368246952983 
37 0 0.000378286060297106 
38 0 0.000401719728948313 
39 0 0.000429345741460474 
40 0 0.00046116792092632 
41 0 0.000495514881089343 
42 0 0.000534904204619657 
43 0 0.000577665137455718 
44 0 0.000622124304335503 
45 0 0.000669123678278649 
46 0 0.000719507146810461 
47 0 0.000774961256142737 
48 0 0.000837177359120589 
49 0 0.000907852724545632 
50 0 0.000987849522813833 
51 0 0.00107972221270647 
52 0 0.00116915552981744 
53 0 0.0012612119301042 
54 0 0.00135928283748177 
55 0 0.00146423454079936 
56 0 0.00157609081941057 
57 0 0.00169827327128591 
58 0 0.0018291228977666 
59 0 0.00196356760213234 
60 0 0.00210162313185891 
61 0 0.00223818080351568 
62 0 0.00240061051764306 
63 0 0.00258304932091313 
64 0 0.00278475838888526 
65 0 0.00300586587171248 
66 0 0.00324824043705052 
67 0 0.00349992563373136 
68 0 0.00377142140899633 
69 0 0.00407684958321486 
70 0 0.00442267674278063 
71 0 0.00483660843040623 
72 0 0.00525950726331426 
73 0 0.0057021400564935 
74 0 0.00617460154250982 
75 0 0.00668183695172564 
76 0 0.00728852421795112 
77 0 0.00793478713529527 
78 0 0.00864529010537285 
79 0 0.00945852903619582 
80 0 0.010424945066412 
81 0 0.0107810069589962 
82 0 0.0118662843653674 
83 0 0.0130350850496505 
84 0 0.0142583417156862 
85 0 0.0154747817304681 
86 0 0.0166007235742809 
87 0 0.0178070062643104 
88 0 0.0191235380506705 
89 0 0.0204859555025888 
90 0 0.0217983628824854 
91 0 0.0231660105473948 
92 0 0.0244641763551204 
93 0 0.0255675200211277 
94 0 0.0264225979166237 
95 0 0.0270344416240249 
96 0 0.0306574560789333 
97 0 0.0323951778957196 
98 0 0.0341715862302353 
99 0 0.0359809372430854 
100 0 0.0378182445110926 
101 0 0.039675459278526 
102 0 0.0415477883762043 
103 0 0.0434272782521574 
104 0 0.0453080338719489 
105 0 0.0471836395955179 
106 0 0.0490456807170108 
107 0 0.0508894828393851 
108 0 0.0527085155135689 
109 0 0.0544957695397404 
110 0 0.0562469034372863 
111 0 0.0833333333333333 
