** Period (Monthly) Age-Specific Probabilities of Death for USA in 1978 
* Retrieved from the Human Mortality Database (Life tables), www.mortality.org. 
* Max Planck Institute for Demographic Research (Germany), 
* University of California, Berkeley (USA), 
* and French Institute for Demographic Studies (France) 
* Data downloaded on  06 Apr 2023 08:10:25 PDT 
** NB: The original HMD annual probabilities have been converted into monthly probabilities 
** The open age interval (110+) is limited to one year [110-111) 

death 1 F single 
1 0 0.0010131263157136 
2 0 0.0000800352216044908 
3 0 0.0000500137552731372 
4 0 0.0000366740631904117 
5 0 0.0000291713465325749 
6 0 0.0000275041602521009 
7 0 0.0000250034381590325 
8 0 0.0000216692490401238 
9 0 0.0000216692490401238 
10 0 0.0000183351822042876 
11 0 0.0000183351822042876 
12 0 0.0000166681946396352 
13 0 0.0000183351822042876 
14 0 0.0000225027848553827 
15 0 0.0000241698794146705 
16 0 0.0000341730888351321 
17 0 0.0000416762183291786 
18 0 0.0000466786487315352 
19 0 0.0000541828105240505 
20 0 0.0000500137552731372 
21 0 0.0000516813544294559 
22 0 0.0000541828105240505 
23 0 0.00005668433545436 
24 0 0.000055850486162301 
25 0 0.0000533489841776369 
26 0 0.0000550166445189015 
27 0 0.0000550166445189015 
28 0 0.0000583520569852336 
29 0 0.000064189323299324 
30 0 0.000061687591838111 
31 0 0.000061687591838111 
32 0 0.0000633554051622243 
33 0 0.0000766990134587475 
34 0 0.000079201158088904 
35 0 0.0000817033715945215 
36 0 0.000087542137645058 
37 0 0.000100889297087292 
38 0 0.000106729295667018 
39 0 0.000120079272940554 
40 0 0.000126754996901401 
41 0 0.000140942538415234 
42 0 0.000160140972956802 
43 0 0.000180178446304025 
44 0 0.00020523150142393 
45 0 0.000211913482563775 
46 0 0.000242824036972289 
47 0 0.000261208270468494 
48 0 0.000282939887389921 
49 0 0.000310529809604554 
50 0 0.000316383294278633 
51 0 0.000377449255310913 
52 0 0.000391675988146045 
53 0 0.000427671198569568 
54 0 0.000464518272397019 
55 0 0.000495514881089343 
56 0 0.00053322771529607 
57 0 0.00057934244693103 
58 0 0.000627997896583521 
59 0 0.000699350406128119 
60 0 0.000719507146810461 
61 0 0.000860729704474372 
62 0 0.000886812641038404 
63 0 0.000971844525229915 
64 0 0.00103841014577843 
65 0 0.00111599114845129 
66 0 0.00122150643987429 
67 0 0.00127304245455906 
68 0 0.00141597554396811 
69 0 0.00147609155330219 
70 0 0.00161086213304051 
71 0 0.00193291710302201 
72 0 0.00199167299185732 
73 0 0.00230995596360029 
74 0 0.00244597179866135 
75 0 0.00271947570744568 
76 0 0.00312567832169874 
77 0 0.00318262319481921 
78 0 0.00367417923658342 
79 0 0.00376881534663875 
80 0 0.00410997777246036 
81 0 0.00492542929578499 
82 0 0.00543718525979919 
83 0 0.0060845455402726 
84 0 0.00670875431970175 
85 0 0.00754629298012588 
86 0 0.00830669189113975 
87 0 0.00928938268741686 
88 0 0.00995764904049445 
89 0 0.0112082638883243 
90 0 0.0122500608827097 
91 0 0.0138406369696 
92 0 0.0146681978792116 
93 0 0.0165736785050377 
94 0 0.0178933602773569 
95 0 0.0194446107833619 
96 0 0.0210043879893883 
97 0 0.0228086928517995 
98 0 0.0247074482028452 
99 0 0.0266982458262833 
100 0 0.0287739240575439 
101 0 0.0309266513678198 
102 0 0.0331477911679129 
103 0 0.0354265189012979 
104 0 0.0377520488589492 
105 0 0.0401123286523468 
106 0 0.0424925368030354 
107 0 0.0448802634680131 
108 0 0.047261672144272 
109 0 0.0496228487594919 
110 0 0.0519484121584791 
111 0 0.0833333333333333 

death 1 M single 
1 0 0.00126797204103291 
2 0 0.0000925470927749528 
3 0 0.0000683590287403613 
4 0 0.0000516813544294559 
5 0 0.0000425099376131222 
6 0 0.0000366740631904117 
7 0 0.0000358403974268784 
8 0 0.0000308385633891461 
9 0 0.0000291713465325749 
10 0 0.0000266705785775256 
11 0 0.0000266705785775256 
12 0 0.0000291713465325749 
13 0 0.0000316721832838152 
14 0 0.0000416762183291786 
15 0 0.0000475124138960004 
16 0 0.000061687591838111 
17 0 0.0000933812787555777 
18 0 0.000123417073636167 
19 0 0.000152628059122195 
20 0 0.000160975779494144 
21 0 0.000160975779494144 
22 0 0.000170159157473537 
23 0 0.000168489383372439 
24 0 0.000169324266588666 
25 0 0.000157636599346866 
26 0 0.000158471382883385 
27 0 0.000153462796661064 
28 0 0.0001542975418658 
29 0 0.000155967055273654 
30 0 0.000150123892499576 
31 0 0.000146785110982983 
32 0 0.000148454486411209 
33 0 0.000157636599346866 
34 0 0.000165984779734729 
35 0 0.000170994056027163 
36 0 0.000178508488132945 
37 0 0.000194374329680724 
38 0 0.000214419352144724 
39 0 0.000233633314546733 
40 0 0.000243659603279878 
41 0 0.000252015688880669 
42 0 0.000290463581019584 
43 0 0.000322237155992444 
44 0 0.000349002469585802 
45 0 0.000376612458030223 
46 0 0.000423484976341815 
47 0 0.00044860520298573 
48 0 0.000507246085562962 
49 0 0.00055837830375205 
50 0 0.000600311428477163 
51 0 0.000701869754142659 
52 0 0.000743028998358541 
53 0 0.000811949478391027 
54 0 0.000884288158511493 
55 0 0.000974371442605482 
56 0 0.00103419568523511 
57 0 0.00114552307300841 
58 0 0.00124346903326156 
59 0 0.00135505345775822 
60 0 0.00141766840787905 
61 0 0.00172120080445548 
62 0 0.00176537386210152 
63 0 0.0019559040065954 
64 0 0.00212806512944397 
65 0 0.00231252041295038 
66 0 0.00247508343942782 
67 0 0.00266539541228128 
68 0 0.00289997670666919 
69 0 0.00304291323739259 
70 0 0.0032611968249131 
71 0 0.00392966297043573 
72 0 0.00394706902788655 
73 0 0.00446030833026168 
74 0 0.00461975971800743 
75 0 0.00514918680044985 
76 0 0.00567374655392749 
77 0 0.00588780481022499 
78 0 0.00650080192911007 
79 0 0.00634693881703163 
80 0 0.00683537354307806 
81 0 0.00825281658055865 
82 0 0.00884446680008466 
83 0 0.00965209654897825 
84 0 0.0103043911504472 
85 0 0.0112403429793266 
86 0 0.0122061721216019 
87 0 0.013178645090444 
88 0 0.014212484120991 
89 0 0.0154302747644931 
90 0 0.0168645914941657 
91 0 0.0180581725152452 
92 0 0.0187153525549361 
93 0 0.0206986302905867 
94 0 0.0226648804145227 
95 0 0.0238176082811905 
96 0 0.025138646091328 
97 0 0.0267891961812792 
98 0 0.0284974641949511 
99 0 0.0302581197226863 
100 0 0.032067774884632 
101 0 0.0339203023286987 
102 0 0.0358090158293596 
103 0 0.0377291466452986 
104 0 0.0396715568765522 
105 0 0.0416302289082717 
106 0 0.0435972024079103 
107 0 0.0455651549887515 
108 0 0.0475246624355896 
109 0 0.0494698219383587 
110 0 0.0513927516175932 
111 0 0.0833333333333333 
