** Period (Monthly) Age-Specific Probabilities of Death for USA in 1996 
* Retrieved from the Human Mortality Database (Life tables), www.mortality.org. 
* Max Planck Institute for Demographic Research (Germany), 
* University of California, Berkeley (USA), 
* and French Institute for Demographic Studies (France) 
* Data downloaded on  04 Apr 2023 20:02:45 CEST 
** NB: The original HMD annual probabilities have been converted into monthly probabilities 
** The open age interval (110+) is limited to one year [110-111) 

death 1 F single 
1 0 0.000569279054520644 
2 0 0.0000458448912142861 
3 0 0.0000275041602521009 
4 0 0.0000233363283135279 
5 0 0.0000183351822042876 
6 0 0.0000141677706060328 
7 0 0.0000141677706060328 
8 0 0.0000133343112110884 
9 0 0.0000133343112110884 
10 0 0.000012500859457365 
11 0 0.0000116674153447516 
12 0 0.0000133343112110884 
13 0 0.0000150012376423092 
14 0 0.0000166681946396352 
15 0 0.0000208357208674181 
16 0 0.0000266705785775256 
17 0 0.0000375077365993848 
18 0 0.0000391751063537615 
19 0 0.0000383414176537977 
20 0 0.0000391751063537615 
21 0 0.0000383414176537977 
22 0 0.0000391751063537615 
23 0 0.0000383414176537977 
24 0 0.0000391751063537615 
25 0 0.0000408425066913409 
26 0 0.0000450111413439203 
27 0 0.0000450111413439203 
28 0 0.0000483461867075707 
29 0 0.0000550166445189015 
30 0 0.00005668433545436 
31 0 0.00005668433545436 
32 0 0.0000650232490866376 
33 0 0.0000716949308086079 
34 0 0.0000758649805536749 
35 0 0.000079201158088904 
36 0 0.0000858738805041837 
37 0 0.0000933812787555777 
38 0 0.0000983865554056162 
39 0 0.000112569669472262 
40 0 0.000110066606177961 
41 0 0.000123417073636167 
42 0 0.000135934917957492 
43 0 0.000142611806542514 
44 0 0.000156801823476993 
45 0 0.000160975779494144 
46 0 0.000179343463383219 
47 0 0.000195209450695066 
48 0 0.000210242941224514 
49 0 0.000236975287897678 
50 0 0.000239481848557044 
51 0 0.000268730165220221 
52 0 0.000303840574450209 
53 0 0.000342310402132506 
54 0 0.00037242858720421 
55 0 0.000400045695056694 
56 0 0.000436044221624798 
57 0 0.000482947413934953 
58 0 0.000526522067316959 
59 0 0.000585213273956109 
60 0 0.000621285250725911 
61 0 0.000699350406128119 
62 0 0.000785888027029724 
63 0 0.000869984082711328 
64 0 0.000930581490505844 
65 0 0.000990376885548039 
66 0 0.00107634909452503 
67 0 0.00116409091412772 
68 0 0.00126290191065015 
69 0 0.00140835804700234 
70 0 0.00152946728411341 
71 0 0.00166261972859949 
72 0 0.0018810051592778 
73 0 0.00202149125546969 
74 0 0.00218780123271023 
75 0 0.00235612714945299 
76 0 0.00255990295066744 
77 0 0.00290513916288004 
78 0 0.00309463255690601 
79 0 0.00343672238243597 
80 0 0.00379227260795389 
81 0 0.00437981330133053 
82 0 0.00482606124993168 
83 0 0.00536112109127518 
84 0 0.00601149672681922 
85 0 0.00667107225075469 
86 0 0.00744309709522251 
87 0 0.00825555522638799 
88 0 0.00916941677655492 
89 0 0.0102465079332997 
90 0 0.011281874098793 
91 0 0.0126632838032972 
92 0 0.0140838179304195 
93 0 0.0157264147264062 
94 0 0.0169842406604463 
95 0 0.0187912959972776 
96 0 0.0206168527770469 
97 0 0.0225437864032041 
98 0 0.0245824414594878 
99 0 0.0267263069501164 
100 0 0.0289706106974592 
101 0 0.0313018379475386 
102 0 0.0337122570326922 
103 0 0.0361869391402948 
104 0 0.0387103922883604 
105 0 0.0412678075891213 
106 0 0.0438411135543014 
107 0 0.0464141829898284 
108 0 0.0489689188385364 
109 0 0.0514880944309515 
110 0 0.053957217633453 
111 0 0.0833333333333333 

death 1 M single 
1 0 0.000690953083971824 
2 0 0.0000508475510273554 
3 0 0.0000366740631904117 
4 0 0.0000300049511388067 
5 0 0.0000225027848553827 
6 0 0.0000216692490401238 
7 0 0.0000191686874497776 
8 0 0.0000175016846010179 
9 0 0.0000166681946396352 
10 0 0.0000158347123201397 
11 0 0.0000166681946396352 
12 0 0.0000175016846010179 
13 0 0.0000208357208674181 
14 0 0.0000266705785775256 
15 0 0.0000366740631904117 
16 0 0.0000491799671665794 
17 0 0.0000783671022263066 
18 0 0.0000908787437792213 
19 0 0.000118410418553538 
20 0 0.000123417073636167 
21 0 0.000126754996901401 
22 0 0.000130093042745694 
23 0 0.000127589496870306 
24 0 0.000120913711624038 
25 0 0.000117576002849673 
26 0 0.000118410418553538 
27 0 0.000119244841917165 
28 0 0.000119244841917165 
29 0 0.000127589496870306 
30 0 0.000133431211178481 
31 0 0.000134265772442244 
32 0 0.000155967055273654 
33 0 0.000165149927191854 
34 0 0.000170159157473537 
35 0 0.000177673520552979 
36 0 0.00018184843515745 
37 0 0.000204396288320696 
38 0 0.000212748764747639 
39 0 0.00022778515685884 
40 0 0.000233633314546733 
41 0 0.000251180045748089 
42 0 0.000279596223468848 
43 0 0.000283775822591648 
44 0 0.00030885745465703 
45 0 0.000325582389131607 
46 0 0.000347329406522712 
47 0 0.000374102112419727 
48 0 0.000399208689675246 
49 0 0.000426833938695692 
50 0 0.000425159442090872 
51 0 0.0004678687474029 
52 0 0.000531551256905183 
53 0 0.000572633394811173 
54 0 0.000621285250725911 
55 0 0.000680877321862394 
56 0 0.000735467738989692 
57 0 0.000812790294873467 
58 0 0.000875032322833924 
59 0 0.000990376885548039 
60 0 0.00105358382336107 
61 0 0.00115987061682765 
62 0 0.00130769786094143 
63 0 0.00147100978687087 
64 0 0.00155913403554131 
65 0 0.00167280502593425 
66 0 0.00178916826369613 
67 0 0.00194313278564207 
68 0 0.0020683683364261 
69 0 0.00236211402447462 
70 0 0.00258562150459074 
71 0 0.00283289151686372 
72 0 0.00310153069670882 
73 0 0.00330526240631335 
74 0 0.00350685469912415 
75 0 0.00383485871810141 
76 0 0.00415445835020511 
77 0 0.0046592278717329 
78 0 0.00493070852805133 
79 0 0.00557266711955395 
80 0 0.00597232413384108 
81 0 0.00693967584882405 
82 0 0.00759974776360917 
83 0 0.00832222126231352 
84 0 0.00922845694906671 
85 0 0.010170009857419 
86 0 0.011193171805875 
87 0 0.0122615136534712 
88 0 0.0131969679298503 
89 0 0.0145751065619493 
90 0 0.0156708757510418 
91 0 0.0173744632560957 
92 0 0.0189917274701624 
93 0 0.0208781750630279 
94 0 0.0223362745574578 
95 0 0.0245506695960666 
96 0 0.0260842560215671 
97 0 0.0280690015426222 
98 0 0.0301308532285827 
99 0 0.0322588110862335 
100 0 0.034445645621652 
101 0 0.0366808148915172 
102 0 0.0389538865804617 
103 0 0.0412519115112676 
104 0 0.0435645512015578 
105 0 0.0458775033071399 
106 0 0.0481777644397834 
107 0 0.0504553839697648 
108 0 0.0526964218389466 
109 0 0.0548902787049674 
110 0 0.0570270874812364 
111 0 0.0833333333333333 
