** Period (Monthly) Age-Specific Probabilities of Death for USA in 2009 
* Retrieved from the Human Mortality Database (Life tables), www.mortality.org. 
* Max Planck Institute for Demographic Research (Germany), 
* University of California, Berkeley (USA), 
* and French Institute for Demographic Studies (France) 
* Data downloaded on  04 Apr 2023 08:22:31 PDT 
** NB: The original HMD annual probabilities have been converted into monthly probabilities 
** The open age interval (110+) is limited to one year [110-111) 

death 1 F single 
1 0 0.000489649846773466 
2 0 0.0000325058108229248 
3 0 0.0000208357208674181 
4 0 0.0000158347123201397 
5 0 0.000012500859457365 
6 0 0.0000116674153447516 
7 0 0.0000108339788730261 
8 0 0.00000750030939278279 
9 0 0.00000833371530217786 
10 0 0.0000100005500421885 
11 0 0.00000833371530217786 
12 0 0.0000100005500421885 
13 0 0.0000100005500421885 
14 0 0.0000108339788730261 
15 0 0.0000133343112110884 
16 0 0.0000166681946396352 
17 0 0.0000225027848553827 
18 0 0.0000266705785775256 
19 0 0.0000308385633891461 
20 0 0.0000316721832838152 
21 0 0.0000325058108229248 
22 0 0.0000366740631904117 
23 0 0.0000366740631904117 
24 0 0.0000408425066913409 
25 0 0.0000425099376131222 
26 0 0.0000425099376131222 
27 0 0.0000475124138960004 
28 0 0.0000466786487315352 
29 0 0.0000508475510273554 
30 0 0.0000541828105240505 
31 0 0.000055850486162301 
32 0 0.0000550166445189015 
33 0 0.0000608536966506534 
34 0 0.0000675250723508602 
35 0 0.0000691929927806312 
36 0 0.0000725289254539518 
37 0 0.000079201158088904 
38 0 0.000087542137645058 
39 0 0.0000933812787555777 
40 0 0.000100055042203562 
41 0 0.000113404039220888 
42 0 0.00012425154296114 
43 0 0.000132596657577144 
44 0 0.000146785110982983 
45 0 0.000165149927191854 
46 0 0.000181013436895361 
47 0 0.000199385170868593 
48 0 0.000218595954981304 
49 0 0.000234468796364018 
50 0 0.000249508782532493 
51 0 0.000272909264649956 
52 0 0.000289627584302288 
53 0 0.000323909757170004 
54 0 0.000342310402132506 
55 0 0.000359878130344438 
56 0 0.000384980777602628 
57 0 0.000410927466635069 
58 0 0.000439393646883834 
59 0 0.000465355879566642 
60 0 0.000506408092155519 
61 0 0.000567601930813511 
62 0 0.000607861446715763 
63 0 0.000654853440819392 
64 0 0.000733787544595521 
65 0 0.000786728602310882 
66 0 0.000876715131893802 
67 0 0.000941526999328035 
68 0 0.00103841014577843 
69 0 0.00110924234257193 
70 0 0.00120630467893545 
71 0 0.00134659528935799 
72 0 0.00147100978687087 
73 0 0.00159644314250662 
74 0 0.00176367450069981 
75 0 0.00198060013232404 
76 0 0.00218097225817782 
77 0 0.00236724594620386 
78 0 0.00263021761924309 
79 0 0.00289825595326654 
80 0 0.00320592914226192 
81 0 0.00369674400894782 
82 0 0.00411782569834573 
83 0 0.00466010513737469 
84 0 0.00518270998635995 
85 0 0.00583268742728127 
86 0 0.00653662164469593 
87 0 0.00736532559401515 
88 0 0.00827472807684548 
89 0 0.00920354465682627 
90 0 0.0105110202994789 
91 0 0.0115305179079032 
92 0 0.0129225174757176 
93 0 0.0145770653826186 
94 0 0.0164765840260077 
95 0 0.0181213294015162 
96 0 0.0197491999723799 
97 0 0.0217516490906887 
98 0 0.0238817273175058 
99 0 0.0261344231279232 
100 0 0.0285031910938344 
101 0 0.0309749348374543 
102 0 0.0335362295815856 
103 0 0.0361719408432797 
104 0 0.0388649131775478 
105 0 0.0415943177975505 
106 0 0.0443406053005617 
107 0 0.0470815940259517 
108 0 0.0497966074484724 
109 0 0.0524654565215906 
110 0 0.0550703428502261 
111 0 0.0833333333333333 

death 1 M single 
1 0 0.00059947257628945 
2 0 0.0000391751063537615 
3 0 0.0000258370045466139 
4 0 0.0000200022003373768 
5 0 0.0000150012376423092 
6 0 0.000012500859457365 
7 0 0.0000108339788730261 
8 0 0.0000108339788730261 
9 0 0.0000108339788730261 
10 0 0.0000116674153447516 
11 0 0.0000100005500421885 
12 0 0.0000133343112110884 
13 0 0.000012500859457365 
14 0 0.0000166681946396352 
15 0 0.0000200022003373768 
16 0 0.0000283377495704507 
17 0 0.0000425099376131222 
18 0 0.0000575181923953005 
19 0 0.000079201158088904 
20 0 0.0000883762776967556 
21 0 0.0000992207949763735 
22 0 0.000110900952950965 
23 0 0.000105894987183719 
24 0 0.000112569669472262 
25 0 0.000110900952950965 
26 0 0.000110066606177961 
27 0 0.000115072801694871 
28 0 0.000110900952950965 
29 0 0.000115072801694871 
30 0 0.000122582611971733 
31 0 0.000117576002849673 
32 0 0.00012425154296114 
33 0 0.000122582611971733 
34 0 0.000123417073636167 
35 0 0.000131762111637901 
36 0 0.000139273300942766 
37 0 0.00014344645210207 
38 0 0.000151793329249084 
39 0 0.000160140972956802 
40 0 0.000170159157473537 
41 0 0.000182683441090514 
42 0 0.000204396288320696 
43 0 0.000221102008810981 
44 0 0.000233633314546733 
45 0 0.000262044005810314 
46 0 0.00028711964028949 
47 0 0.000313874611824527 
48 0 0.000343983372797285 
49 0 0.000368244908993565 
50 0 0.000402556757458705 
51 0 0.000444418016270154 
52 0 0.000488812015631224 
53 0 0.00053741899660642 
54 0 0.000571794798128633 
55 0 0.000608700376361515 
56 0 0.000664926316925163 
57 0 0.000712787736302456 
58 0 0.000777482701998289 
59 0 0.000801860287628853 
60 0 0.000860729704474372 
61 0 0.000939000995595962 
62 0 0.000986164653397181 
63 0 0.00106032849395321 
64 0 0.00115733853259525 
65 0 0.00123502125325325 
66 0 0.0013736642025246 
67 0 0.00148202064038894 
68 0 0.00157269920920089 
69 0 0.0016999714084529 
70 0 0.00181977023624547 
71 0 0.0020018952925549 
72 0 0.00216390207071004 
73 0 0.0023655352733617 
74 0 0.00258047721019938 
75 0 0.00282515411176398 
76 0 0.00312222826702802 
77 0 0.00337269830435349 
78 0 0.00376881534663875 
79 0 0.00420594355400061 
80 0 0.00449707987641479 
81 0 0.00519065150865106 
82 0 0.00576161785494123 
83 0 0.00645694212864811 
84 0 0.00712880608996413 
85 0 0.00800394736467469 
86 0 0.00884722348255351 
87 0 0.00991951444861339 
88 0 0.0109887352504485 
89 0 0.0121003548776069 
90 0 0.0139222722024209 
91 0 0.015040549209319 
92 0 0.0169068023230287 
93 0 0.0189783513497174 
94 0 0.0209601931037745 
95 0 0.0231800311926285 
96 0 0.0246866015029369 
97 0 0.0269173589862504 
98 0 0.0292531791584186 
99 0 0.0316833796236579 
100 0 0.0341947991626542 
101 0 0.0367726263631685 
102 0 0.0393988212638096 
103 0 0.0420569733666514 
104 0 0.0447271114681921 
105 0 0.0473895136112013 
106 0 0.0500249226702763 
107 0 0.0526163441108588 
108 0 0.0551465179628375 
109 0 0.0575981140671087 
110 0 0.0599572682231729 
111 0 0.0833333333333333 
