** Period (Monthly) Age-Specific Probabilities of Death for USA in 1954 
* Retrieved from the Human Mortality Database (Life tables), www.mortality.org. 
* Max Planck Institute for Demographic Research (Germany), 
* University of California, Berkeley (USA), 
* and French Institute for Demographic Studies (France) 
* Data downloaded on  02 Apr 2023 10:04:58 PDT 
** NB: The original HMD annual probabilities have been converted into monthly probabilities 
** The open age interval (110+) is limited to one year [110-111) 

death 1 F single 
1 0 0.00208797866415211 
2 0 0.000149289185622847 
3 0 0.0000900445807636707 
4 0 0.0000658571825241649 
5 0 0.0000525151654794387 
6 0 0.0000441773991204375 
7 0 0.0000383414176537977 
8 0 0.0000316721832838152 
9 0 0.0000358403974268784 
10 0 0.0000325058108229248 
11 0 0.0000283377495704507 
12 0 0.0000258370045466139 
13 0 0.0000283377495704507 
14 0 0.0000308385633891461 
15 0 0.0000350067393084519 
16 0 0.0000400088026996093 
17 0 0.0000450111413439203 
18 0 0.0000500137552731372 
19 0 0.0000533489841776369 
20 0 0.00005668433545436 
21 0 0.0000608536966506534 
22 0 0.000061687591838111 
23 0 0.000064189323299324 
24 0 0.000064189323299324 
25 0 0.0000666911236122392 
26 0 0.000070860943814588 
27 0 0.0000725289254539518 
28 0 0.0000758649805536749 
29 0 0.0000833715521976197 
30 0 0.0000883762776967556 
31 0 0.0000942154723914124 
32 0 0.000100889297087292 
33 0 0.000108397935606575 
34 0 0.000115072801694871 
35 0 0.00012425154296114 
36 0 0.000135100341368544 
37 0 0.000144281105325716 
38 0 0.000156801823476993 
39 0 0.000173498797702898 
40 0 0.00019103392235309 
41 0 0.000211078208056104 
42 0 0.000231126915174573 
43 0 0.000253686998195723 
44 0 0.000274580958229742 
45 0 0.000292971617312565 
46 0 0.000311365998618696 
47 0 0.000338964553193377 
48 0 0.000369081629227441 
49 0 0.000400882708147643 
50 0 0.000452792582654515 
51 0 0.000503056195808371 
52 0 0.000550832396190359 
53 0 0.000596956066195253 
54 0 0.00063974622038987 
55 0 0.000680037725460325 
56 0 0.000719507146810461 
57 0 0.000770759001907817 
58 0 0.000822039789897144 
59 0 0.000869142736635187 
60 0 0.000941526999328035 
61 0 0.00104178185503745 
62 0 0.00114214750977637 
63 0 0.00125614217719427 
64 0 0.00139566363897181 
65 0 0.00153709495129795 
66 0 0.00167195620749683 
67 0 0.00181806985589272 
68 0 0.00197123184503256 
69 0 0.00214598183038561 
70 0 0.00231764952918545 
71 0 0.00257018949689591 
72 0 0.00286986823716018 
73 0 0.00321801606780558 
74 0 0.00355797293079652 
75 0 0.0039932112683615 
76 0 0.00440605381503267 
77 0 0.00482957684013463 
78 0 0.00525244272134495 
79 0 0.0057127899197823 
80 0 0.0062656403825998 
81 0 0.00679135098424088 
82 0 0.00749105944901329 
83 0 0.0082436883618856 
84 0 0.00895387993687469 
85 0 0.00964282546017203 
86 0 0.0108223263861039 
87 0 0.0123273954483594 
88 0 0.0128417867273205 
89 0 0.0139640904528502 
90 0 0.0152475338292196 
91 0 0.0169792101593149 
92 0 0.017213932924196 
93 0 0.0192049872346848 
94 0 0.0211908793795741 
95 0 0.0233019962982953 
96 0 0.0237513643916218 
97 0 0.0254733879412612 
98 0 0.0272656843584835 
99 0 0.0291215857805791 
100 0 0.0310385681076836 
101 0 0.0330090476292619 
102 0 0.0350259446151256 
103 0 0.037080203601465 
104 0 0.0391644306881624 
105 0 0.0412704572173166 
106 0 0.0433865458163422 
107 0 0.0455039327712016 
108 0 0.0476144039124752 
109 0 0.0497060341040544 
110 0 0.0517702706323514 
111 0 0.0833333333333333 

death 1 M single 
1 0 0.00271346519249993 
2 0 0.000176003608403419 
3 0 0.000105894987183719 
4 0 0.0000800352216044908 
5 0 0.000064189323299324 
6 0 0.00005668433545436 
7 0 0.0000516813544294559 
8 0 0.0000441773991204375 
9 0 0.0000516813544294559 
10 0 0.0000475124138960004 
11 0 0.0000425099376131222 
12 0 0.0000400088026996093 
13 0 0.0000466786487315352 
14 0 0.000055850486162301 
15 0 0.0000683590287403613 
16 0 0.0000842056539793745 
17 0 0.0000983865554056162 
18 0 0.000112569669472262 
19 0 0.000128424004500527 
20 0 0.000140107915847287 
21 0 0.00015930617408666 
22 0 0.000165984779734729 
23 0 0.000169324266588666 
24 0 0.000160975779494144 
25 0 0.000157636599346866 
26 0 0.000155132294736626 
27 0 0.000148454486411209 
28 0 0.000145950434766062 
29 0 0.000155132294736626 
30 0 0.000158471382883385 
31 0 0.000160975779494144 
32 0 0.000165984779734729 
33 0 0.000174333726933429 
34 0 0.000180178446304025 
35 0 0.00019103392235309 
36 0 0.000206066722202247 
37 0 0.000218595954981304 
38 0 0.000234468796364018 
39 0 0.000260372542811527 
40 0 0.00028711964028949 
41 0 0.000318055787721261 
42 0 0.000351512121934405 
43 0 0.000392512924148547 
44 0 0.00043353223369802 
45 0 0.000473732375948943 
46 0 0.000518978804833314 
47 0 0.000576826494329774 
48 0 0.000637228594534855 
49 0 0.000693472199118195 
50 0 0.000780844738681119 
51 0 0.00086577743026095 
52 0 0.000949947519193861 
53 0 0.00103756723802317 
54 0 0.00112695902787396 
55 0 0.00121812805082111 
56 0 0.00131530691616655 
57 0 0.00142867279284986 
58 0 0.0015345523243494 
59 0 0.00162104162333765 
60 0 0.00175008075496108 
61 0 0.00192270257045746 
62 0 0.00208542055490657 
63 0 0.00227064348367689 
64 0 0.00249735158984343 
65 0 0.00271604107868439 
66 0 0.00291460442962344 
67 0 0.00312912850771674 
68 0 0.0033329223442673 
69 0 0.00355797293079652 
70 0 0.0037410220131503 
71 0 0.00403763450305983 
72 0 0.00438506079549739 
73 0 0.00477334378352845 
74 0 0.0051368392846316 
75 0 0.00563117301556748 
76 0 0.0060791985022145 
77 0 0.00654020439772396 
78 0 0.00697297005160791 
79 0 0.00747114745240851 
80 0 0.00808227164423547 
81 0 0.0089952892997468 
82 0 0.00971052637237424 
83 0 0.0105147645698862 
84 0 0.0113659389375564 
85 0 0.0121136943274643 
86 0 0.0133040867490282 
87 0 0.0147172321952167 
88 0 0.0159777624862087 
89 0 0.0169460159518772 
90 0 0.0178710018148285 
91 0 0.0191359052874088 
92 0 0.0204462008408777 
93 0 0.0227260259129589 
94 0 0.0245879205177119 
95 0 0.0260708829259745 
96 0 0.0266511231629629 
97 0 0.0283224003797977 
98 0 0.0300457223024899 
99 0 0.0318164783275452 
100 0 0.0336284482591854 
101 0 0.0354773395215454 
102 0 0.0373571900855779 
103 0 0.0392601828762575 
104 0 0.0411790915589361 
105 0 0.0431087169030404 
106 0 0.0450406033937564 
107 0 0.0469683508631511 
108 0 0.0488821007693213 
109 0 0.0507770573616521 
110 0 0.0526465533749176 
111 0 0.0833333333333333 
