** Period (Monthly) Age-Specific Probabilities of Death for USA in 1944 
* Retrieved from the Human Mortality Database (Life tables), www.mortality.org. 
* Max Planck Institute for Demographic Research (Germany), 
* University of California, Berkeley (USA), 
* and French Institute for Demographic Studies (France) 
* Data downloaded on  16 Aug 2023 13:36:31 CEST 
** NB: The original HMD annual probabilities have been converted into monthly probabilities 
** The open age interval (110+) is limited to one year [110-111) 

death 1 F single 
1 0 0.00319470701193691 
2 0 0.000313874611824527 
3 0 0.000167654507824855 
4 0 0.000121748157967727 
5 0 0.000101723559627565 
6 0 0.0000858738805041837 
7 0 0.0000733629277510639 
8 0 0.000064189323299324 
9 0 0.0000583520569852336 
10 0 0.0000550166445189015 
11 0 0.0000533489841776369 
12 0 0.0000533489841776369 
13 0 0.000055850486162301 
14 0 0.0000608536966506534 
15 0 0.0000675250723508602 
16 0 0.0000758649805536749 
17 0 0.0000858738805041837 
18 0 0.0000967180992323957 
19 0 0.000107563611807859 
20 0 0.000119244841917165 
21 0 0.000130927573360862 
22 0 0.000139273300942766 
23 0 0.000145950434766062 
24 0 0.000150123892499576 
25 0 0.000151793329249084 
26 0 0.000150958607041618 
27 0 0.000152628059122195 
28 0 0.000156801823476993 
29 0 0.000163480245109926 
30 0 0.000172663876141788 
31 0 0.00018602354153463 
32 0 0.000199385170868593 
33 0 0.000211913482563775 
34 0 0.000225278918752347 
35 0 0.000238646320656399 
36 0 0.000249508782532493 
37 0 0.000262044005810314 
38 0 0.000276252682558709 
39 0 0.000292135597524501 
40 0 0.000310529809604554 
41 0 0.000334782415238655 
42 0 0.000358204867048073 
43 0 0.000380796521490145 
44 0 0.000402556757458705 
45 0 0.000424322205359373 
46 0 0.000444418016270154 
47 0 0.000471219345953733 
48 0 0.000505570106476561 
49 0 0.000546640496100648 
50 0 0.000595278431522073 
51 0 0.000656532175948188 
52 0 0.000721187077098451 
53 0 0.000786728602310882 
54 0 0.000851476269031703 
55 0 0.000913744821442353 
56 0 0.000974371442605482 
57 0 0.00104346775661179 
58 0 0.00112442786119471 
59 0 0.00121643890343159 
60 0 0.00132291660915895 
61 0 0.00142782625433702 
62 0 0.00152607741554345 
63 0 0.00163291913850461 
64 0 0.00175517817099125 
65 0 0.0018988731320585 
66 0 0.0020683683364261 
67 0 0.00227491575403138 
68 0 0.00249735158984343 
69 0 0.00273321552381578 
70 0 0.0029851948550691 
71 0 0.00331563389356226 
72 0 0.00371323720611605 
73 0 0.00415009654286713 
74 0 0.00462326730132623 
75 0 0.00511567603576268 
76 0 0.00555937560395658 
77 0 0.00596965389349668 
78 0 0.00643009969738539 
79 0 0.00702698676559721 
80 0 0.00790568289798699 
81 0 0.00846027615497391 
82 0 0.00927276248928122 
83 0 0.00999021574909076 
84 0 0.0107162487898749 
85 0 0.0116167110076445 
86 0 0.0126862964996096 
87 0 0.0138134417364519 
88 0 0.0150021618358757 
89 0 0.0163735989949219 
90 0 0.0179238581160653 
91 0 0.0194425423083899 
92 0 0.0208004328740063 
93 0 0.0218546643688057 
94 0 0.0223106366345435 
95 0 0.0223213182036899 
96 0 0.0252611275700757 
97 0 0.0268543786172663 
98 0 0.0285009002897183 
99 0 0.0301973825157856 
100 0 0.0319390595149608 
101 0 0.0337207638409631 
102 0 0.0355368742850952 
103 0 0.0373825293928676 
104 0 0.0392498262262265 
105 0 0.0411354287709197 
106 0 0.0430289205608325 
107 0 0.0449244656043011 
108 0 0.0468171191394483 
109 0 0.0486971797150267 
110 0 0.0505600175688206 
111 0 0.0833333333333333 

death 1 M single 
1 0 0.00400888756848095 
2 0 0.000359878130344438 
3 0 0.000198550011486498 
4 0 0.000145950434766062 
5 0 0.000114238416628387 
6 0 0.000103392107678624 
7 0 0.0000983865554056162 
8 0 0.0000958838826297104 
9 0 0.0000925470927749528 
10 0 0.0000900445807636707 
11 0 0.0000858738805041837 
12 0 0.0000833715521976197 
13 0 0.0000858738805041837 
14 0 0.0000925470927749528 
15 0 0.000102557829824601 
16 0 0.000117576002849673 
17 0 0.000134265772442244 
18 0 0.000150958607041618 
19 0 0.000215254657358166 
20 0 0.000272909264649956 
21 0 0.000305512837081023 
22 0 0.000313874611824527 
23 0 0.000313038399728627 
24 0 0.00030718513048289 
25 0 0.000291299585426952 
26 0 0.000266222797798643 
27 0 0.000251180045748089 
28 0 0.000243659603279878 
29 0 0.0002411529274019 
30 0 0.000244495177269322 
31 0 0.000256194019795597 
32 0 0.000269565969733043 
33 0 0.000282939887389921 
34 0 0.000298823971172202 
35 0 0.000315547059099419 
36 0 0.000331436843438837 
37 0 0.000349002469585802 
38 0 0.000369918357165155 
39 0 0.000393349867859216 
40 0 0.000421810541447409 
41 0 0.000454467588553054 
42 0 0.000487974192214247 
43 0 0.000523169428899739 
44 0 0.000561732241618595 
45 0 0.000603666914681056 
46 0 0.000648978112138598 
47 0 0.00070270955234053 
48 0 0.00076235507658684 
49 0 0.000829608259171555 
50 0 0.000904485983639791 
51 0 0.000995431822025106 
52 0 0.00109743313904109 
53 0 0.00120377129953519 
54 0 0.00131277049356737 
55 0 0.00142020776293772 
56 0 0.00153285727928487 
57 0 0.00164988971412428 
58 0 0.00177812008705491 
59 0 0.00191759573536154 
60 0 0.00206922087123074 
61 0 0.0022023145108222 
62 0 0.0023236338647511 
63 0 0.00245282075577968 
64 0 0.0025993410499946 
65 0 0.00277616587609186 
66 0 0.00298863969714358 
67 0 0.00323269521660352 
68 0 0.00348780104442492 
69 0 0.00374970651368056 
70 0 0.00402543771914554 
71 0 0.00437456611137654 
72 0 0.00481287900323724 
73 0 0.00529572170558346 
74 0 0.00582024621729915 
75 0 0.00635855885417125 
76 0 0.00688211484858658 
77 0 0.00735176765961421 
78 0 0.00788022439234348 
79 0 0.00855273565768833 
80 0 0.00950850184090146 
81 0 0.0103305441693304 
82 0 0.0112026040604646 
83 0 0.0119965654390202 
84 0 0.0128187341324 
85 0 0.0138085863127804 
86 0 0.0149746118154722 
87 0 0.0162208398397393 
88 0 0.0175778115580422 
89 0 0.0190967482538017 
90 0 0.0207489922761911 
91 0 0.0223843656054277 
92 0 0.0237611349712864 
93 0 0.0245671018972592 
94 0 0.0243438830567431 
95 0 0.0237437657954761 
96 0 0.0280553249906982 
97 0 0.0296514616631243 
98 0 0.0312900152557412 
99 0 0.0329668647635541 
100 0 0.0346775506566075 
101 0 0.0364159818760753 
102 0 0.0381793825410374 
103 0 0.0399595017784172 
104 0 0.0417527039619611 
105 0 0.0435509501502157 
106 0 0.0453510659345506 
107 0 0.0471453584181187 
108 0 0.0489283928907114 
109 0 0.0506957880772355 
110 0 0.0524383248036145 
111 0 0.0833333333333333 
