** Period (Monthly) Age-Specific Probabilities of Death for USA in 1972 
* Retrieved from the Human Mortality Database (Life tables), www.mortality.org. 
* Max Planck Institute for Demographic Research (Germany), 
* University of California, Berkeley (USA), 
* and French Institute for Demographic Studies (France) 
* Data downloaded on  31 Mrz 2023 12:09:39 CEST 
** NB: The original HMD annual probabilities have been converted into monthly probabilities 
** The open age interval (110+) is limited to one year [110-111) 

death 1 F single 
1 0 0.00129839877049565 
2 0 0.0000900445807636707 
3 0 0.000061687591838111 
4 0 0.0000483461867075707 
5 0 0.0000366740631904117 
6 0 0.0000350067393084519 
7 0 0.0000308385633891461 
8 0 0.0000308385633891461 
9 0 0.0000250034381590325 
10 0 0.0000241698794146705 
11 0 0.0000225027848553827 
12 0 0.0000216692490401238 
13 0 0.0000225027848553827 
14 0 0.0000258370045466139 
15 0 0.0000325058108229248 
16 0 0.0000383414176537977 
17 0 0.0000441773991204375 
18 0 0.00005668433545436 
19 0 0.00005668433545436 
20 0 0.0000591859292243813 
21 0 0.0000575181923953005 
22 0 0.0000600198091127435 
23 0 0.0000625214946752273 
24 0 0.0000600198091127435 
25 0 0.0000650232490866376 
26 0 0.0000608536966506534 
27 0 0.0000666911236122392 
28 0 0.0000691929927806312 
29 0 0.0000725289254539518 
30 0 0.0000766990134587475 
31 0 0.0000783671022263066 
32 0 0.0000883762776967556 
33 0 0.0000967180992323957 
34 0 0.000108397935606575 
35 0 0.000108397935606575 
36 0 0.000121748157967727 
37 0 0.000130927573360862 
38 0 0.000142611806542514 
39 0 0.000157636599346866 
40 0 0.000164315082316957 
41 0 0.000177673520552979 
42 0 0.000193539216339467 
43 0 0.000231126915174573 
44 0 0.000246166348294219 
45 0 0.000270401781932272 
46 0 0.000282103959876823 
47 0 0.000313874611824527 
48 0 0.000359878130344438 
49 0 0.000368244908993565 
50 0 0.000384980777602628 
51 0 0.000419298946955804 
52 0 0.000438556278994695 
53 0 0.000493001248598079 
54 0 0.000527360246250774 
55 0 0.000567601930813511 
56 0 0.000615412092418444 
57 0 0.000695151648024361 
58 0 0.000712787736302456 
59 0 0.00079429412988874 
60 0 0.000863253532303099 
61 0 0.000945737161674121 
62 0 0.000992904318617094 
63 0 0.00109574623532316 
64 0 0.00108731218674707 
65 0 0.00123671074637699 
66 0 0.00138804784611812 
67 0 0.00147609155330219 
68 0 0.00165667883297604 
69 0 0.00177132187762086 
70 0 0.00198996938704421 
71 0 0.0021886548906761 
72 0 0.00248193459562773 
73 0 0.00274438065807425 
74 0 0.00282515411176398 
75 0 0.00330266971998616 
76 0 0.00367851817932063 
77 0 0.00395055064091721 
78 0 0.00425571132119706 
79 0 0.00472768014621527 
80 0 0.00531869447861832 
81 0 0.00595808376368345 
82 0 0.00626028261642597 
83 0 0.00709905936823452 
84 0 0.00794570364614 
85 0 0.00875996946145385 
86 0 0.00958999847575681 
87 0 0.0108928010200401 
88 0 0.012016552243832 
89 0 0.0128850263102011 
90 0 0.0142954352329647 
91 0 0.0155549500852481 
92 0 0.0168515302768393 
93 0 0.0185053056851446 
94 0 0.0193619091988086 
95 0 0.0220994054567968 
96 0 0.023341968211038 
97 0 0.0252191779141212 
98 0 0.0271810132035021 
99 0 0.0292231493568059 
100 0 0.0313361327322783 
101 0 0.0335131900285519 
102 0 0.0357430775610007 
103 0 0.0380158562183032 
104 0 0.0403191359464999 
105 0 0.0426417991297365 
106 0 0.0449714550438819 
107 0 0.0472929048587915 
108 0 0.0495936798908284 
109 0 0.0518645349879294 
110 0 0.0540907715532858 
111 0 0.0833333333333333 

death 1 M single 
1 0 0.00168808511548935 
2 0 0.000108397935606575 
3 0 0.0000783671022263066 
4 0 0.0000608536966506534 
5 0 0.0000500137552731372 
6 0 0.0000433436645435048 
7 0 0.0000425099376131222 
8 0 0.0000400088026996093 
9 0 0.0000358403974268784 
10 0 0.0000341730888351321 
11 0 0.0000358403974268784 
12 0 0.0000341730888351321 
13 0 0.0000366740631904117 
14 0 0.0000450111413439203 
15 0 0.0000575181923953005 
16 0 0.000079201158088904 
17 0 0.000114238416628387 
18 0 0.000137604094123889 
19 0 0.000164315082316957 
20 0 0.000171828962249876 
21 0 0.000178508488132945 
22 0 0.000197714859778153 
23 0 0.00018435347596979 
24 0 0.00018184843515745 
25 0 0.000174333726933429 
26 0 0.000161810593698575 
27 0 0.000165984779734729 
28 0 0.000163480245109926 
29 0 0.000168489383372439 
30 0 0.000176838560643211 
31 0 0.000162645415570539 
32 0 0.000176838560643211 
33 0 0.000190198839702838 
34 0 0.000203561082892323 
35 0 0.000200220337924772 
36 0 0.000219431298580264 
37 0 0.000233633314546733 
38 0 0.000251180045748089 
39 0 0.000270401781932272 
40 0 0.000292135597524501 
41 0 0.000317219537152469 
42 0 0.000343983372797285 
43 0 0.000395860745241672 
44 0 0.000410090361018356 
45 0 0.000462005497213092 
46 0 0.000521493156080077 
47 0 0.000580181113280731 
48 0 0.000621285250725911 
49 0 0.00067667941744376 
50 0 0.000720347108071118 
51 0 0.000808586290289459 
52 0 0.00087755654811561 
53 0 0.000937317032136842 
54 0 0.00100385734144059 
55 0 0.00115227457594336 
56 0 0.00126797204103291 
57 0 0.00136520430012821 
58 0 0.00151251920708273 
59 0 0.00163207069301452 
60 0 0.0017645241774229 
61 0 0.00196101299836304 
62 0 0.00210332883462605 
63 0 0.00228602459881744 
64 0 0.00242542803027868 
65 0 0.00267998533022706 
66 0 0.00286642790589675 
67 0 0.00303946633192065 
68 0 0.00336491467715117 
69 0 0.00358831094286172 
70 0 0.00391661062269821 
71 0 0.00422864124705369 
72 0 0.00472153487773241 
73 0 0.00506190838925191 
74 0 0.00509716225436108 
75 0 0.00590203410936252 
76 0 0.00637018038628567 
77 0 0.00686683137466348 
78 0 0.00713511726113358 
79 0 0.00762966001918775 
80 0 0.0084419785868407 
81 0 0.00902566826710038 
82 0 0.00951683333865483 
83 0 0.0105100842562287 
84 0 0.0114311669546018 
85 0 0.0126268590963944 
86 0 0.0130687865705931 
87 0 0.0146182105138932 
88 0 0.015445107960898 
89 0 0.0164475762418379 
90 0 0.0181254055742178 
91 0 0.0192122078405809 
92 0 0.020465029784089 
93 0 0.0224046785303441 
94 0 0.0235356003809547 
95 0 0.0273266978284005 
96 0 0.0268262768506413 
97 0 0.0285226653282611 
98 0 0.0302709733418532 
99 0 0.032067774884632 
100 0 0.0339069044573564 
101 0 0.0357816392058007 
102 0 0.0376871748197016 
103 0 0.0396156416080597 
104 0 0.0415584214820696 
105 0 0.043511519128137 
106 0 0.0454649956564988 
107 0 0.0474108388816163 
108 0 0.0493432332598203 
109 0 0.0512543941965875 
110 0 0.0531359064315485 
111 0 0.0833333333333333 
