** Period (Monthly) Age-Specific Probabilities of Death for USA in 1993 
* Retrieved from the Human Mortality Database (Life tables), www.mortality.org. 
* Max Planck Institute for Demographic Research (Germany), 
* University of California, Berkeley (USA), 
* and French Institute for Demographic Studies (France) 
* Data downloaded on  02 Apr 2023 10:05:01 PDT 
** NB: The original HMD annual probabilities have been converted into monthly probabilities 
** The open age interval (110+) is limited to one year [110-111) 

death 1 F single 
1 0 0.000633871868584546 
2 0 0.0000533489841776369 
3 0 0.0000350067393084519 
4 0 0.0000258370045466139 
5 0 0.0000191686874497776 
6 0 0.0000166681946396352 
7 0 0.0000166681946396352 
8 0 0.0000158347123201397 
9 0 0.0000158347123201397 
10 0 0.0000133343112110884 
11 0 0.0000116674153447516 
12 0 0.000012500859457365 
13 0 0.0000141677706060328 
14 0 0.0000191686874497776 
15 0 0.0000233363283135279 
16 0 0.0000275041602521009 
17 0 0.0000366740631904117 
18 0 0.0000383414176537977 
19 0 0.0000450111413439203 
20 0 0.0000408425066913409 
21 0 0.0000391751063537615 
22 0 0.0000441773991204375 
23 0 0.0000408425066913409 
24 0 0.0000441773991204375 
25 0 0.0000441773991204375 
26 0 0.0000475124138960004 
27 0 0.0000491799671665794 
28 0 0.0000516813544294559 
29 0 0.00005668433545436 
30 0 0.0000583520569852336 
31 0 0.0000600198091127435 
32 0 0.0000691929927806312 
33 0 0.0000700269644720031 
34 0 0.0000758649805536749 
35 0 0.0000817033715945215 
36 0 0.0000825374580692984 
37 0 0.0000900445807636707 
38 0 0.000102557829824601 
39 0 0.00011590719442045 
40 0 0.000113404039220888 
41 0 0.000125086019946985 
42 0 0.000131762111637901 
43 0 0.000140942538415234 
44 0 0.000149289185622847 
45 0 0.000162645415570539 
46 0 0.000179343463383219 
47 0 0.000191869012675761 
48 0 0.000222772749752909 
49 0 0.000248673162449031 
50 0 0.000258701110551818 
51 0 0.000277088556254523 
52 0 0.000321400866947319 
53 0 0.000349002469585802 
54 0 0.000391675988146045 
55 0 0.000401719728948313 
56 0 0.000441068405811706 
57 0 0.000503056195808371 
58 0 0.000548317232928808 
59 0 0.000618768136389614 
60 0 0.000677518982809433 
61 0 0.000732107381277269 
62 0 0.000810267868774917 
63 0 0.000875873723466647 
64 0 0.000959210992842352 
65 0 0.000991219355422568 
66 0 0.00111599114845129 
67 0 0.00119279413884188 
68 0 0.00131277049356737 
69 0 0.00148879721415729 
70 0 0.00155998179950334 
71 0 0.00168129364696701 
72 0 0.00185718666750712 
73 0 0.00206154834638872 
74 0 0.00228602459881755 
75 0 0.00239633232247261 
76 0 0.00265767228845748 
77 0 0.00290341831147467 
78 0 0.00316536339362261 
79 0 0.00348000752239563 
80 0 0.00381921251378359 
81 0 0.00439993034800523 
82 0 0.00483485048160159 
83 0 0.00546461943713639 
84 0 0.00605959540271439 
85 0 0.00659485899944667 
86 0 0.00740962904749909 
87 0 0.0082829462610744 
88 0 0.00915374073342923 
89 0 0.0101662799070272 
90 0 0.0114718402562466 
91 0 0.0125444787709041 
92 0 0.0136407503902292 
93 0 0.0156322171742711 
94 0 0.0173603169226711 
95 0 0.0189876115271107 
96 0 0.0204420171718824 
97 0 0.0223373429647544 
98 0 0.024341697415337 
99 0 0.0264516908924126 
100 0 0.0286579579105098 
101 0 0.030953733957848 
102 0 0.0333278808604364 
103 0 0.0357667101050823 
104 0 0.038256140905864 
105 0 0.0407803242108127 
106 0 0.0433254829116312 
107 0 0.0458719157849401 
108 0 0.0484047148600184 
109 0 0.0509072476287896 
110 0 0.0533641095032229 
111 0 0.0833333333333333 

death 1 M single 
1 0 0.000788409776208643 
2 0 0.0000600198091127435 
3 0 0.0000433436645435048 
4 0 0.0000350067393084519 
5 0 0.0000266705785775256 
6 0 0.0000200022003373768 
7 0 0.0000216692490401238 
8 0 0.0000191686874497776 
9 0 0.0000191686874497776 
10 0 0.0000158347123201397 
11 0 0.0000175016846010179 
12 0 0.0000183351822042876 
13 0 0.0000225027848553827 
14 0 0.0000300049511388067 
15 0 0.0000433436645435048 
16 0 0.0000591859292243813 
17 0 0.0000892104254029968 
18 0 0.000105060686358072 
19 0 0.000130093042745694 
20 0 0.000135100341368544 
21 0 0.000133431211178481 
22 0 0.000140107915847287 
23 0 0.0001367695022092 
24 0 0.000138438693701781 
25 0 0.000130093042745694 
26 0 0.000131762111637901 
27 0 0.000135934917957492 
28 0 0.000142611806542514 
29 0 0.000160975779494144 
30 0 0.00015930617408666 
31 0 0.000172663876141788 
32 0 0.00018184843515745 
33 0 0.000193539216339467 
34 0 0.000204396288320696 
35 0 0.00020523150142393 
36 0 0.000211078208056104 
37 0 0.000235304285861493 
38 0 0.000241988478346333 
39 0 0.000262879748837208 
40 0 0.000257865405948854 
41 0 0.000276252682558709 
42 0 0.000301332238197172 
43 0 0.000312202195326683 
44 0 0.000334782415238655 
45 0 0.000327255051878472 
46 0 0.000348165934204059 
47 0 0.000373265345959606 
48 0 0.000418461764218003 
49 0 0.00044776775020694 
50 0 0.000456142625328448 
51 0 0.000511436168531554 
52 0 0.000564247776269622 
53 0 0.000613734116920339 
54 0 0.000664086867924962 
55 0 0.000705228993514995 
56 0 0.000785888027029724 
57 0 0.000864094823829986 
58 0 0.000934791145488556 
59 0 0.00109405936294116 
60 0 0.00112274045593785 
61 0 0.00126036695162712 
62 0 0.00139989491108328 
63 0 0.00151845067409728 
64 0 0.00162019328887197 
65 0 0.00173394082619083 
66 0 0.00194653826879687 
67 0 0.00209138958869148 
68 0 0.00228431545721286 
69 0 0.00258047721019938 
70 0 0.00272376917638284 
71 0 0.00291374390998522 
72 0 0.00319211748690218 
73 0 0.0034012439931701 
74 0 0.00381921251378359 
75 0 0.00403240710876862 
76 0 0.00445505647165267 
77 0 0.00486210252751629 
78 0 0.00526480603199098 
79 0 0.0057749391437184 
80 0 0.0062656403825998 
81 0 0.007280396132892 
82 0 0.00790204552860629 
83 0 0.0087076575737759 
84 0 0.00950757616651254 
85 0 0.0102903837311497 
86 0 0.0113848407373406 
87 0 0.0123598767285681 
88 0 0.0135216127487984 
89 0 0.0146476114680825 
90 0 0.0162497741544044 
91 0 0.0172441995961449 
92 0 0.0184388085777204 
93 0 0.0206053260918126 
94 0 0.0228355493178273 
95 0 0.0244762146636822 
96 0 0.0258294006261791 
97 0 0.0277288565663109 
98 0 0.0297002125735394 
99 0 0.0317344562203152 
100 0 0.0338253433470485 
101 0 0.0359634805613009 
102 0 0.0381410286127876 
103 0 0.0403453490719683 
104 0 0.0425664636204023 
105 0 0.0447933062152303 
106 0 0.0470150457327676 
107 0 0.0492197334842237 
108 0 0.0513987074561276 
109 0 0.0535379494482103 
110 0 0.0556315784257516 
111 0 0.0833333333333333 
