** Period (Monthly) Age-Specific Probabilities of Death for USA in 1951 
* Retrieved from the Human Mortality Database (Life tables), www.mortality.org. 
* Max Planck Institute for Demographic Research (Germany), 
* University of California, Berkeley (USA), 
* and French Institute for Demographic Studies (France) 
* Data downloaded on  04 Apr 2023 20:02:40 CEST 
** NB: The original HMD annual probabilities have been converted into monthly probabilities 
** The open age interval (110+) is limited to one year [110-111) 

death 1 F single 
1 0 0.00229884418753978 
2 0 0.000193539216339467 
3 0 0.000102557829824601 
4 0 0.0000758649805536749 
5 0 0.0000575181923953005 
6 0 0.0000600198091127435 
7 0 0.0000500137552731372 
8 0 0.0000408425066913409 
9 0 0.0000333394460065861 
10 0 0.0000325058108229248 
11 0 0.0000308385633891461 
12 0 0.0000308385633891461 
13 0 0.0000325058108229248 
14 0 0.0000358403974268784 
15 0 0.0000416762183291786 
16 0 0.0000491799671665794 
17 0 0.0000550166445189015 
18 0 0.0000633554051622243 
19 0 0.0000675250723508602 
20 0 0.0000716949308086079 
21 0 0.0000733629277510639 
22 0 0.0000758649805536749 
23 0 0.0000800352216044908 
24 0 0.0000825374580692984 
25 0 0.0000867080052475711 
26 0 0.0000917129144495377 
27 0 0.0000942154723914124 
28 0 0.0000967180992323957 
29 0 0.000105894987183719 
30 0 0.000108397935606575 
31 0 0.000111735307382288 
32 0 0.000120913711624038 
33 0 0.000132596657577144 
34 0 0.000139273300942766 
35 0 0.000148454486411209 
36 0 0.000160975779494144 
37 0 0.000172663876141788 
38 0 0.00018602354153463 
39 0 0.000201055512655035 
40 0 0.00022193737544296 
41 0 0.000246166348294219 
42 0 0.000267058579253132 
43 0 0.000286283674331145 
44 0 0.00030718513048289 
45 0 0.000328927745411711 
46 0 0.000348165934204059 
47 0 0.000379122872988913 
48 0 0.00041176457996317 
49 0 0.00044776775020694 
50 0 0.000509760112157309 
51 0 0.000555862931597928 
52 0 0.000596956066195253 
53 0 0.000649817421544685 
54 0 0.000711947844934002 
55 0 0.000763195434133168 
56 0 0.000806904742933212 
57 0 0.00086577743026095 
58 0 0.000930581490505844 
59 0 0.000984479815237416 
60 0 0.00105695609604139 
61 0 0.00118603962257691 
62 0 0.00130516165090644 
63 0 0.00140666535669898 
64 0 0.00153285727928487 
65 0 0.00168553825523599 
66 0 0.00182572181840779 
67 0 0.0019482410583076 
68 0 0.00208115719978752 
69 0 0.00229457078997186 
70 0 0.0025179116602001 
71 0 0.00279678927517379 
72 0 0.00312567832169874 
73 0 0.0035510399544344 
74 0 0.0039157405330722 
75 0 0.00435008324621311 
76 0 0.00475226539483109 
77 0 0.00525420880509875 
78 0 0.00583179871262762 
79 0 0.0063728624906586 
80 0 0.00698467093040589 
81 0 0.00731562312315925 
82 0 0.00798392184335306 
83 0 0.00894744019068017 
84 0 0.00995671873623594 
85 0 0.0109567457992359 
86 0 0.0120374955727237 
87 0 0.0127697670205853 
88 0 0.0140516802233666 
89 0 0.0146701587365683 
90 0 0.016126120521309 
91 0 0.0189598338789452 
92 0 0.018574924971961 
93 0 0.0204943271670719 
94 0 0.0215894032333682 
95 0 0.0252799009527724 
96 0 0.0252876323253786 
97 0 0.0270637365146557 
98 0 0.0289049997833815 
99 0 0.0308054704837928 
100 0 0.0327610618357815 
101 0 0.0347623673307331 
102 0 0.0368028319947319 
103 0 0.0388739353363459 
104 0 0.0409662767030394 
105 0 0.0430721908490387 
106 0 0.0451804512861017 
107 0 0.0472815462048808 
108 0 0.0493665000253682 
109 0 0.0514270033078514 
110 0 0.0534540354528669 
111 0 0.0833333333333333 

death 1 M single 
1 0 0.00300500448522278 
2 0 0.000207737186784573 
3 0 0.000125920504593591 
4 0 0.0000908787437792213 
5 0 0.0000766990134587475 
6 0 0.0000833715521976197 
7 0 0.0000675250723508602 
8 0 0.0000541828105240505 
9 0 0.0000441773991204375 
10 0 0.0000450111413439203 
11 0 0.0000466786487315352 
12 0 0.0000516813544294559 
13 0 0.0000575181923953005 
14 0 0.0000658571825241649 
15 0 0.0000775330540162544 
16 0 0.0000933812787555777 
17 0 0.000104226393189744 
18 0 0.000120079272940554 
19 0 0.0001367695022092 
20 0 0.000147619794864662 
21 0 0.000157636599346866 
22 0 0.000164315082316957 
23 0 0.000175168663833603 
24 0 0.000171828962249876 
25 0 0.000170994056027163 
26 0 0.000170159157473537 
27 0 0.000164315082316957 
28 0 0.000161810593698575 
29 0 0.000173498797702898 
30 0 0.000172663876141788 
31 0 0.000173498797702898 
32 0 0.000182683441090514 
33 0 0.000199385170868593 
34 0 0.000206901950655758 
35 0 0.000216925290815517 
36 0 0.000234468796364018 
37 0 0.000250344410298808 
38 0 0.000271237601818131 
39 0 0.000297151831613829 
40 0 0.000329764103723651 
41 0 0.00037242858720421 
42 0 0.000406742015663153 
43 0 0.000441905796850772 
44 0 0.000480434129074503 
45 0 0.000522331288624223 
46 0 0.000561732241618595 
47 0 0.000617929113774562 
48 0 0.000675000309988572 
49 0 0.000734627637908103 
50 0 0.000839700532605847 
51 0 0.000920479114542294 
52 0 0.00099795939577596 
53 0 0.00109912007409596 
54 0 0.00122404031415868 
55 0 0.00133729221417622 
56 0 0.00144221848277803 
57 0 0.00156422073808926 
58 0 0.00168384038810621 
59 0 0.00176962240483358 
60 0 0.00187504995016352 
61 0 0.00206154834638872 
62 0 0.00222024588444558 
63 0 0.00235698239311766 
64 0 0.00254276129970166 
65 0 0.00278132128603825 
66 0 0.00301189580637296 
67 0 0.00321801606780558 
68 0 0.00340643508483907 
69 0 0.00369674400894782 
70 0 0.00394358754871715 
71 0 0.00424261188739672 
72 0 0.00458556790398212 
73 0 0.00504340560922556 
74 0 0.00543099159745419 
75 0 0.00593138911649227 
76 0 0.0063657103892959 
77 0 0.00692438262829942 
78 0 0.00756259786212898 
79 0 0.00814242714791225 
80 0 0.00878292285573912 
81 0 0.00941690620636226 
82 0 0.0101345815694497 
83 0 0.0112044906301555 
84 0 0.0123560547915429 
85 0 0.0134829028807895 
86 0 0.0147545162362079 
87 0 0.0156579877030547 
88 0 0.0170406016284612 
89 0 0.0175474316570704 
90 0 0.0200017404815966 
91 0 0.0219014323219363 
92 0 0.0220685096548465 
93 0 0.0235453472369503 
94 0 0.025624047318723 
95 0 0.0261790399885167 
96 0 0.0287969057281288 
97 0 0.0305929244830246 
98 0 0.0324382850547417 
99 0 0.0343256393512933 
100 0 0.0362507105605405 
101 0 0.0382049611761166 
102 0 0.0401803377129655 
103 0 0.0421720183180208 
104 0 0.0441678533338336 
105 0 0.0461629453215164 
106 0 0.0481476449123268 
107 0 0.0501158312102258 
108 0 0.0520578747479237 
109 0 0.0539664215929557 
110 0 0.0558351517765425 
111 0 0.0833333333333333 
