** Period (Monthly) Age-Specific Probabilities of Death for USA in 1937 
* Retrieved from the Human Mortality Database (Life tables), www.mortality.org. 
* Max Planck Institute for Demographic Research (Germany), 
* University of California, Berkeley (USA), 
* and French Institute for Demographic Studies (France) 
* Data downloaded on  16 Aug 2023 13:36:27 CEST 
** NB: The original HMD annual probabilities have been converted into monthly probabilities 
** The open age interval (110+) is limited to one year [110-111) 

death 1 F single 
1 0 0.00442442670226195 
2 0 0.000654853440819392 
3 0 0.00030718513048289 
4 0 0.000209407682068785 
5 0 0.000162645415570539 
6 0 0.000133431211178481 
7 0 0.000116741594805347 
8 0 0.000104226393189744 
9 0 0.0000942154723914124 
10 0 0.0000867080052475711 
11 0 0.0000817033715945215 
12 0 0.000080869292772956 
13 0 0.0000850397634148958 
14 0 0.0000942154723914124 
15 0 0.000107563611807859 
16 0 0.000125920504593591 
17 0 0.000144281105325716 
18 0 0.000163480245109926 
19 0 0.000181013436895361 
20 0 0.000197714859778153 
21 0 0.000212748764747639 
22 0 0.000225278918752347 
23 0 0.000235304285861493 
24 0 0.000245330758940732 
25 0 0.000252851339696436 
26 0 0.000260372542811527 
27 0 0.000267894368393584 
28 0 0.000274580958229742 
29 0 0.000281268040052463 
30 0 0.000286283674331145 
31 0 0.000291299585426952 
32 0 0.000298823971172202 
33 0 0.000309693628284036 
34 0 0.000323073452733302 
35 0 0.000340637462264981 
36 0 0.000361551424450379 
37 0 0.000383307052038151 
38 0 0.000405904948601377 
39 0 0.000427671198569568 
40 0 0.00044860520298573 
41 0 0.000466193494457423 
42 0 0.000483785191003339 
43 0 0.000502218241041352 
44 0 0.000523169428899739 
45 0 0.000548317232928808 
46 0 0.000581019787371906 
47 0 0.000622124304335503 
48 0 0.000668284190493806 
49 0 0.000721187077098451 
50 0 0.00077916370478559 
51 0 0.000842223776182371 
52 0 0.000906169338493079 
53 0 0.000970159952704663 
54 0 0.00103335281659567 
55 0 0.00109490279521529 
56 0 0.00115311854910738 
57 0 0.00121728347319838 
58 0 0.00129332694075723 
59 0 0.0013846632543596 
60 0 0.00149303282967628 
61 0 0.00162104162333765 
62 0 0.00176622355473588 
63 0 0.00192951213106318 
64 0 0.00211185782956225 
65 0 0.00231850441009207 
66 0 0.00255218880672259 
67 0 0.00279850810355919 
68 0 0.00304980744163674 
69 0 0.00330180550769621 
70 0 0.00355797293079652 
71 0 0.00382529682758848 
72 0 0.00414573494567017 
73 0 0.00454525569608755 
74 0 0.00504164363708648 
75 0 0.00564624885069831 
76 0 0.0061861994322252 
77 0 0.00678955460094277 
78 0 0.00742952747159409 
79 0 0.00810869866542829 
80 0 0.00878292285573912 
81 0 0.00905882064637042 
82 0 0.009790348985661 
83 0 0.0106852939674527 
84 0 0.0117267035423632 
85 0 0.012887909689975 
86 0 0.0141510522147064 
87 0 0.0154530200042354 
88 0 0.0167842450233047 
89 0 0.018163118998671 
90 0 0.0194756436691123 
91 0 0.0205697075871552 
92 0 0.0215131545289035 
93 0 0.0222476414923387 
94 0 0.0227689601763426 
95 0 0.0232674405008199 
96 0 0.0270806418277022 
97 0 0.0287475025293082 
98 0 0.0304640028749321 
99 0 0.0322241549832014 
100 0 0.0340251198387951 
101 0 0.03586130404806 
102 0 0.0377253301925554 
103 0 0.0396104420078425 
104 0 0.0415119112207804 
105 0 0.0434204881878087 
106 0 0.0453316294576962 
107 0 0.0472361264796203 
108 0 0.0491268617313416 
109 0 0.0509976085738878 
110 0 0.0528431723188392 
111 0 0.0833333333333333 

death 1 M single 
1 0 0.00558861951824485 
2 0 0.000737988088850616 
3 0 0.000354021843591124 
4 0 0.0002411529274019 
5 0 0.000193539216339467 
6 0 0.000161810593698575 
7 0 0.000145115766213677 
8 0 0.000132596657577144 
9 0 0.000121748157967727 
10 0 0.000112569669472262 
11 0 0.000107563611807859 
12 0 0.000107563611807859 
13 0 0.000113404039220888 
14 0 0.00012425154296114 
15 0 0.000141777168646939 
16 0 0.000163480245109926 
17 0 0.000186858585824345 
18 0 0.000210242941224514 
19 0 0.000231126915174573 
20 0 0.000249508782532493 
21 0 0.000264551257946888 
22 0 0.000275416816550522 
23 0 0.000284611765482445 
24 0 0.000292971617312565 
25 0 0.000298823971172202 
26 0 0.00030467670191936 
27 0 0.000311365998618696 
28 0 0.000319728311943712 
29 0 0.000328091394796726 
30 0 0.000338128110205616 
31 0 0.000349002469585802 
32 0 0.00036238808305733 
33 0 0.000379122872988913 
34 0 0.000398371692003185 
35 0 0.000421810541447409 
36 0 0.000449442663482569 
37 0 0.00047959638290207 
38 0 0.000512274208312569 
39 0 0.000547478860646877 
40 0 0.000583535856096162 
41 0 0.000617929113774562 
42 0 0.000651496063618806 
43 0 0.000686754713951743 
44 0 0.000725387038738257 
45 0 0.000769078154643887 
46 0 0.000822039789897144 
47 0 0.000883446679927902 
48 0 0.000950789614120318 
49 0 0.00102239623609435 
50 0 0.00110165053543809 
51 0 0.00118688390963251 
52 0 0.00127726801547789 
53 0 0.0013711261490279 
54 0 0.00146677519881655 
55 0 0.00156337293453479 
56 0 0.00165667883297604 
57 0 0.00175517817099125 
58 0 0.00186314070433169 
59 0 0.00198400702209556 
60 0 0.00212124065025054 
61 0 0.00227747921283927 
62 0 0.00245282075577968 
63 0 0.00265080784173832 
64 0 0.00287330869899793 
65 0 0.00312567832169874 
66 0 0.00340730029570191 
67 0 0.00369414009444824 
68 0 0.00397666700655752 
69 0 0.0042495980161924 
70 0 0.0045137195329914 
71 0 0.00478564177844298 
72 0 0.00512625704118463 
73 0 0.00556735027881039 
74 0 0.00613179145752374 
75 0 0.0068290832918142 
76 0 0.00745576391867808 
77 0 0.00816431183037569 
78 0 0.00890605280917756 
79 0 0.00968548037587691 
80 0 0.010458616871528 
81 0 0.0110423901727748 
82 0 0.0118843412617767 
83 0 0.0128850263102011 
84 0 0.014031234953253 
85 0 0.0152613498333151 
86 0 0.0165216147450875 
87 0 0.0177745181449833 
88 0 0.019061727582001 
89 0 0.0204211017746597 
90 0 0.0217919913748558 
91 0 0.0230927078384769 
92 0 0.0241615672437643 
93 0 0.0249040870590717 
94 0 0.0252765877138595 
95 0 0.0255752765344122 
96 0 0.0298024447909069 
97 0 0.0314497556789486 
98 0 0.0331357178150083 
99 0 0.0348546524490315 
100 0 0.0366016576389558 
101 0 0.0383726865217144 
102 0 0.040160714274353 
103 0 0.0419594380466931 
104 0 0.0437660959297852 
105 0 0.0455707227875002 
106 0 0.0473696147622035 
107 0 0.0491573242775909 
108 0 0.0509264969457862 
109 0 0.0526722395834546 
110 0 0.0543893305628669 
111 0 0.0833333333333333 
