** Period (Monthly) Age-Specific Probabilities of Death for USA in 1968 
* Retrieved from the Human Mortality Database (Life tables), www.mortality.org. 
* Max Planck Institute for Demographic Research (Germany), 
* University of California, Berkeley (USA), 
* and French Institute for Demographic Studies (France) 
* Data downloaded on  02 Apr 2023 10:04:59 PDT 
** NB: The original HMD annual probabilities have been converted into monthly probabilities 
** The open age interval (110+) is limited to one year [110-111) 

death 1 F single 
1 0 0.00160831743884438 
2 0 0.000111735307382288 
3 0 0.0000683590287403613 
4 0 0.0000525151654794387 
5 0 0.0000416762183291786 
6 0 0.0000375077365993848 
7 0 0.0000333394460065861 
8 0 0.0000291713465325749 
9 0 0.0000283377495704507 
10 0 0.0000241698794146705 
11 0 0.0000225027848553827 
12 0 0.0000241698794146705 
13 0 0.0000225027848553827 
14 0 0.0000275041602521009 
15 0 0.0000283377495704507 
16 0 0.0000383414176537977 
17 0 0.0000450111413439203 
18 0 0.0000525151654794387 
19 0 0.0000583520569852336 
20 0 0.0000583520569852336 
21 0 0.0000591859292243813 
22 0 0.0000600198091127435 
23 0 0.0000625214946752273 
24 0 0.0000608536966506534 
25 0 0.000064189323299324 
26 0 0.0000691929927806312 
27 0 0.0000658571825241649 
28 0 0.0000716949308086079 
29 0 0.0000750309553007034 
30 0 0.000080869292772956 
31 0 0.0000842056539793745 
32 0 0.0000917129144495377 
33 0 0.000101723559627565 
34 0 0.000110066606177961 
35 0 0.000119244841917165 
36 0 0.000131762111637901 
37 0 0.000140107915847287 
38 0 0.000155132294736626 
39 0 0.000169324266588666 
40 0 0.000182683441090514 
41 0 0.000206066722202247 
42 0 0.000211078208056104 
43 0 0.000233633314546733 
44 0 0.000264551257946888 
45 0 0.000271237601818131 
46 0 0.000296315773371636 
47 0 0.000328927745411711 
48 0 0.000369081629227441 
49 0 0.000394186819278164 
50 0 0.000424322205359373 
51 0 0.000466193494457423 
52 0 0.000476245475447445 
53 0 0.000529036627315183 
54 0 0.000559216776611748 
55 0 0.000617929113774562 
56 0 0.000652335396287174 
57 0 0.000690953083971824 
58 0 0.000775801730317993 
59 0 0.00084642933791268 
60 0 0.000861570972625403 
61 0 0.000984479815237416 
62 0 0.00103335281659567 
63 0 0.00117675298304909 
64 0 0.00123502125325325 
65 0 0.00133052694003022 
66 0 0.00153116226587335 
67 0 0.00152607741554345 
68 0 0.00190568090446064 
69 0 0.0020231954522878 
70 0 0.00197549003752195 
71 0 0.00230568204247195 
72 0 0.00236382463278573 
73 0 0.00288621159399427 
74 0 0.00304722205358832 
75 0 0.00338480749817061 
76 0 0.00387485574813118 
77 0 0.00412480220361999 
78 0 0.00449182588357433 
79 0 0.00535758477979953 
80 0 0.00603821505251856 
81 0 0.00648468769064536 
82 0 0.00666030883285806 
83 0 0.00776938183595144 
84 0 0.00866362899847617 
85 0 0.00969197311333647 
86 0 0.0106121703471987 
87 0 0.0115617651923288 
88 0 0.0130639712924916 
89 0 0.0143169174473179 
90 0 0.0154767603316125 
91 0 0.0172149416480848 
92 0 0.017950298005921 
93 0 0.0200777465927715 
94 0 0.0217994248448077 
95 0 0.0230625419472863 
96 0 0.0251640112359873 
97 0 0.0271403998257163 
98 0 0.0291977475033974 
99 0 0.031329036163712 
100 0 0.0335241027479405 
101 0 0.0357729302547192 
102 0 0.038065648260716 
103 0 0.0403899294691699 
104 0 0.0427320184523453 
105 0 0.0450807346872567 
106 0 0.0474207924719049 
107 0 0.0497410834892682 
108 0 0.0520278711670066 
109 0 0.0542691667229614 
110 0 0.0564535226231623 
111 0 0.0833333333333333 

death 1 M single 
1 0 0.00210162313185891 
2 0 0.000125920504593591 
3 0 0.0000850397634148958 
4 0 0.0000658571825241649 
5 0 0.000055850486162301 
6 0 0.0000525151654794387 
7 0 0.0000466786487315352 
8 0 0.0000416762183291786 
9 0 0.0000400088026996093 
10 0 0.0000366740631904117 
11 0 0.0000333394460065861 
12 0 0.0000375077365993848 
13 0 0.0000400088026996093 
14 0 0.0000508475510273554 
15 0 0.0000591859292243813 
16 0 0.0000750309553007034 
17 0 0.000109232267063164 
18 0 0.000135934917957492 
19 0 0.000164315082316957 
20 0 0.000170994056027163 
21 0 0.000170994056027163 
22 0 0.000192704110671182 
23 0 0.000191869012675761 
24 0 0.000185188504916445 
25 0 0.000166819639945581 
26 0 0.000165984779734729 
27 0 0.000169324266588666 
28 0 0.000166819639945581 
29 0 0.000167654507824855 
30 0 0.000175168663833603 
31 0 0.000168489383372439 
32 0 0.000182683441090514 
33 0 0.000190198839702838 
34 0 0.000201055512655035 
35 0 0.000206901950655758 
36 0 0.000230291464076604 
37 0 0.000236975287897678 
38 0 0.000261208270468494 
39 0 0.000295479722820513 
40 0 0.000301332238197172 
41 0 0.000343146883615142 
42 0 0.000366571491637546 
43 0 0.000406742015663153 
44 0 0.000444418016270154 
45 0 0.000467031117069472 
46 0 0.000529036627315183 
47 0 0.00057934244693103 
48 0 0.000642263916014407 
49 0 0.000713627635436254 
50 0 0.000771599437203063 
51 0 0.000858205946770996 
52 0 0.000906169338493079 
53 0 0.00101649708637441 
54 0 0.00110839877710245 
55 0 0.00123164236131401 
56 0 0.00133729221417622 
57 0 0.00141851485167277 
58 0 0.00157778667204134 
59 0 0.00173479022456713 
60 0 0.00183167379094307 
61 0 0.00206069588368163 
62 0 0.00216134181962568 
63 0 0.00245110846800656 
64 0 0.00266110470671721 
65 0 0.00286298770519722 
66 0 0.0031601860942273 
67 0 0.00312395327794557 
68 0 0.00368372518498927 
69 0 0.00385398552846694 
70 0 0.00383833601952555 
71 0 0.0043282291398079 
72 0 0.00459696373990415 
73 0 0.00533813753842172 
74 0 0.00551065675877183 
75 0 0.00594829481075798 
76 0 0.00646231157228883 
77 0 0.00676620486976276 
78 0 0.00720096007158522 
79 0 0.00806040686148857 
80 0 0.00895387993687469 
81 0 0.00947610889795869 
82 0 0.00967991554500247 
83 0 0.0109755617450709 
84 0 0.0119147610837553 
85 0 0.013029308916898 
86 0 0.0141578759029583 
87 0 0.0152307601188302 
88 0 0.0162078723229865 
89 0 0.017834427312532 
90 0 0.0189444055897322 
91 0 0.0209949158091184 
92 0 0.0223085004747494 
93 0 0.0245671018972592 
94 0 0.0254711742727433 
95 0 0.0269477405495724 
96 0 0.0285593343641399 
97 0 0.0303750397893695 
98 0 0.0322432739035524 
99 0 0.0341557072327711 
100 0 0.0361069778726207 
101 0 0.0380886387689147 
102 0 0.0400940275732778 
103 0 0.0421144768436226 
104 0 0.0441404639449013 
105 0 0.0461657484285443 
106 0 0.0481806335130704 
107 0 0.0501774688342941 
108 0 0.0521479482199781 
109 0 0.0540830904204845 
110 0 0.0559779409409414 
111 0 0.0833333333333333 
