** Period (Monthly) Age-Specific Probabilities of Death for USA in 1935 
* Retrieved from the Human Mortality Database (Life tables), www.mortality.org. 
* Max Planck Institute for Demographic Research (Germany), 
* University of California, Berkeley (USA), 
* and French Institute for Demographic Studies (France) 
* Data downloaded on  06 Apr 2023 08:10:19 PDT 
** NB: The original HMD annual probabilities have been converted into monthly probabilities 
** The open age interval (110+) is limited to one year [110-111) 

death 1 F single 
1 0 0.00439643140998769 
2 0 0.000694311919690382 
3 0 0.000313874611824527 
4 0 0.000229456020658048 
5 0 0.000193539216339467 
6 0 0.000160975779494144 
7 0 0.000140107915847287 
8 0 0.000121748157967727 
9 0 0.000107563611807859 
10 0 0.0000983865554056162 
11 0 0.0000933812787555777 
12 0 0.0000917129144495377 
13 0 0.0000950496736826789 
14 0 0.000103392107678624 
15 0 0.000116741594805347 
16 0 0.000134265772442244 
17 0 0.000153462796661064 
18 0 0.000171828962249876 
19 0 0.000189363764725003 
20 0 0.000206066722202247 
21 0 0.000222772749752909 
22 0 0.000236975287897678 
23 0 0.000250344410298808 
24 0 0.000262044005810314 
25 0 0.000272073429390618 
26 0 0.000281268040052463 
27 0 0.000288791595274951 
28 0 0.00029464367996046 
29 0 0.000299660052488715 
30 0 0.000303840574450209 
31 0 0.00030718513048289 
32 0 0.000313874611824527 
33 0 0.000323909757170004 
34 0 0.000338964553193377 
35 0 0.000358204867048073 
36 0 0.000381633357299904 
37 0 0.000405067889250321 
38 0 0.000425159442090872 
39 0 0.000441068405811706 
40 0 0.000452792582654515 
41 0 0.000462005497213092 
42 0 0.000473732375948943 
43 0 0.000491325532234299 
44 0 0.000518978804833314 
45 0 0.000555024489687916 
46 0 0.000597794895148662 
47 0 0.000644781681412243 
48 0 0.000694311919690382 
49 0 0.000745549558013647 
50 0 0.000798497473050608 
51 0 0.000855682259188639 
52 0 0.000914586580774035 
53 0 0.000974371442605482 
54 0 0.00103335281659567 
55 0 0.00109152911312016 
56 0 0.00114974270351575 
57 0 0.00121728347319838 
58 0 0.00129839877049565 
59 0 0.00139650987761697 
60 0 0.0015133665357836 
61 0 0.00164819251376025 
62 0 0.00179681778939866 
63 0 0.00195845846651888 
64 0 0.00213403696991665 
65 0 0.00232790863191434 
66 0 0.00254104731281668 
67 0 0.00276757417762641 
68 0 0.00301189580637296 
69 0 0.00328106688514873 
70 0 0.00357617451872916 
71 0 0.0039026901918201 
72 0 0.00427230665907052 
73 0 0.0046846720291096 
74 0 0.00512978431809374 
75 0 0.00561343995727248 
76 0 0.00591181805230145 
77 0 0.00649543019683496 
78 0 0.00712700297925095 
79 0 0.00779390083150056 
80 0 0.00849413645083719 
81 0 0.00889226123905695 
82 0 0.00967435105807724 
83 0 0.0105297432102555 
84 0 0.01144535322502 
85 0 0.0124105327593482 
86 0 0.0134500126247828 
87 0 0.014607432581351 
88 0 0.0159021845833226 
89 0 0.0173148617318882 
90 0 0.0187502374594843 
91 0 0.0200204756920104 
92 0 0.0211497544736293 
93 0 0.0221505669419093 
94 0 0.0228495178895856 
95 0 0.023283636856433 
96 0 0.0260563976847829 
97 0 0.0276505471313269 
98 0 0.0292947757607803 
99 0 0.0309855371909177 
100 0 0.0327165946981414 
101 0 0.0344860928490767 
102 0 0.0362857420681871 
103 0 0.0381116353231249 
104 0 0.0399568916783043 
105 0 0.0418153392544521 
106 0 0.0436802461220014 
107 0 0.0455456705062468 
108 0 0.0474051516293528 
109 0 0.0492516812095412 
110 0 0.0510776792812422 
111 0 0.0833333333333333 

death 1 M single 
1 0 0.00565334423143449 
2 0 0.000789250374825579 
3 0 0.000376612458030223 
4 0 0.000266222797798643 
5 0 0.000206901950655758 
6 0 0.000173498797702898 
7 0 0.000160140972956802 
8 0 0.000146785110982983 
9 0 0.0001367695022092 
10 0 0.000129258519792286 
11 0 0.00012425154296114 
12 0 0.000123417073636167 
13 0 0.000126754996901401 
14 0 0.000135100341368544 
15 0 0.000149289185622847 
16 0 0.000169324266588666 
17 0 0.000190198839702838 
18 0 0.000210242941224514 
19 0 0.000229456020658048 
20 0 0.000247001945330005 
21 0 0.0002637154995494 
22 0 0.000278760326709371 
23 0 0.000291299585426952 
24 0 0.000302168342589226 
25 0 0.000310529809604554 
26 0 0.000318055787721261 
27 0 0.000323909757170004 
28 0 0.000330600469732656 
29 0 0.000337291674916473 
30 0 0.000343146883615142 
31 0 0.000350675563450809 
32 0 0.000361551424450379 
33 0 0.000379122872988913 
34 0 0.000401719728948313 
35 0 0.000430183024477948 
36 0 0.000464518272397019 
37 0 0.000499704423105984 
38 0 0.000531551256905183 
39 0 0.00055837830375205 
40 0 0.000581019787371906 
41 0 0.000601150288410124 
42 0 0.000624641511659085 
43 0 0.000654853440819392 
44 0 0.000695991384120354 
45 0 0.000747229969972119 
46 0 0.000806904742933212 
47 0 0.000869142736635187 
48 0 0.000935633099899524 
49 0 0.00100469993637531 
50 0 0.00107803563795417 
51 0 0.00115565051566591 
52 0 0.00123840027093847 
53 0 0.00132207105621718 
54 0 0.00140581902338277 
55 0 0.00148879721415729 
56 0 0.00157354709987223 
57 0 0.00166856101313162 
58 0 0.00177642048695115 
59 0 0.00190312792995306 
60 0 0.0020487622467662 
61 0 0.0022134144669923 
62 0 0.00239462110091138 
63 0 0.00258990863954034 
64 0 0.0027993675299729 
65 0 0.00302740319500439 
66 0 0.00327501901423732 
67 0 0.00353370983459322 
68 0 0.00380878321246403 
69 0 0.00410997777246036 
70 0 0.00444017786039075 
71 0 0.00480233458863533 
72 0 0.00521977639156401 
73 0 0.00569060412039424 
74 0 0.00619869113255322 
75 0 0.00675004320768491 
76 0 0.00709635560685173 
77 0 0.0077675658791615 
78 0 0.00848864472789801 
79 0 0.00924783794123507 
80 0 0.0100200013414287 
81 0 0.0106449748751218 
82 0 0.0114860329492233 
83 0 0.0124248745624574 
84 0 0.0134432425985193 
85 0 0.0145202769650767 
86 0 0.015690707142442 
87 0 0.0169721679334279 
88 0 0.0183723609876377 
89 0 0.0198603127508 
90 0 0.0212974707748828 
91 0 0.0225009607830939 
92 0 0.0233841202575277 
93 0 0.0238480318783185 
94 0 0.0238230403014861 
95 0 0.0236103536416489 
96 0 0.0282881147900262 
97 0 0.0298443012385816 
98 0 0.0314402814980982 
99 0 0.0330705503500607 
100 0 0.0347328565797419 
101 0 0.0364222482862888 
102 0 0.0381333598454945 
103 0 0.0398616764038942 
104 0 0.0416009668866206 
105 0 0.043348546081323 
106 0 0.0450959617564037 
107 0 0.046839716451933 
108 0 0.0485745986919828 
109 0 0.0502935256211914 
110 0 0.0519918806529454 
111 0 0.0833333333333333 
