** Period (Monthly) Age-Specific Probabilities of Death for USA in 1958 
* Retrieved from the Human Mortality Database (Life tables), www.mortality.org. 
* Max Planck Institute for Demographic Research (Germany), 
* University of California, Berkeley (USA), 
* and French Institute for Demographic Studies (France) 
* Data downloaded on  04 Apr 2023 20:02:40 CEST 
** NB: The original HMD annual probabilities have been converted into monthly probabilities 
** The open age interval (110+) is limited to one year [110-111) 

death 1 F single 
1 0 0.00201637885707795 
2 0 0.000144281105325716 
3 0 0.0000833715521976197 
4 0 0.0000633554051622243 
5 0 0.0000525151654794387 
6 0 0.0000441773991204375 
7 0 0.0000375077365993848 
8 0 0.0000325058108229248 
9 0 0.0000291713465325749 
10 0 0.0000258370045466139 
11 0 0.0000241698794146705 
12 0 0.0000225027848553827 
13 0 0.0000291713465325749 
14 0 0.0000308385633891461 
15 0 0.0000325058108229248 
16 0 0.0000350067393084519 
17 0 0.0000425099376131222 
18 0 0.0000475124138960004 
19 0 0.0000508475510273554 
20 0 0.0000533489841776369 
21 0 0.0000541828105240505 
22 0 0.000055850486162301 
23 0 0.0000583520569852336 
24 0 0.0000600198091127435 
25 0 0.0000650232490866376 
26 0 0.0000675250723508602 
27 0 0.0000691929927806312 
28 0 0.0000716949308086079 
29 0 0.0000775330540162544 
30 0 0.0000842056539793745 
31 0 0.0000908787437792213 
32 0 0.0000967180992323957 
33 0 0.000105060686358072 
34 0 0.000110900952950965 
35 0 0.000118410418553538 
36 0 0.000129258519792286 
37 0 0.0001367695022092 
38 0 0.000145950434766062 
39 0 0.000165149927191854 
40 0 0.000181013436895361 
41 0 0.000193539216339467 
42 0 0.000210242941224514 
43 0 0.000232797840409416 
44 0 0.000252015688880669 
45 0 0.000272909264649956 
46 0 0.000298823971172202 
47 0 0.000328927745411711 
48 0 0.000359041494845114 
49 0 0.000385817651945008 
50 0 0.000420136137406546 
51 0 0.000462843081220354 
52 0 0.000505570106476561 
53 0 0.000547478860646877 
54 0 0.000595278431522073 
55 0 0.000644781681412243 
56 0 0.000690953083971824 
57 0 0.000747229969972119 
58 0 0.000796816112445309 
59 0 0.000847270473625428 
60 0 0.000944053073315909 
61 0 0.00104431071913569 
62 0 0.00113033402653473 
63 0 0.0012265742591574 
64 0 0.00134913265713799 
65 0 0.0014777855386674 
66 0 0.00161001389371462 
67 0 0.00177472091867836 
68 0 0.00196867702546288 
69 0 0.00214342208501683 
70 0 0.00230568204247195 
71 0 0.00257447590225768 
72 0 0.00286900814210334 
73 0 0.00312309076838246 
74 0 0.00338221253467541 
75 0 0.00376360344688187 
76 0 0.00420943513637784 
77 0 0.00469081479438171 
78 0 0.00518535708297307 
79 0 0.00581758046652903 
80 0 0.00646141664284827 
81 0 0.00707112440525204 
82 0 0.00769767932586507 
83 0 0.00830851873714844 
84 0 0.00921646128157672 
85 0 0.0104025041960354 
86 0 0.0114169829231814 
87 0 0.0124296556726543 
88 0 0.013679528471208 
89 0 0.0150533486584212 
90 0 0.0162058774872805 
91 0 0.0178689695049352 
92 0 0.0186456236442035 
93 0 0.020363609748183 
94 0 0.0221356418003147 
95 0 0.0239197859393544 
96 0 0.0254955276691863 
97 0 0.0273764436533895 
98 0 0.0293282983999915 
99 0 0.0313455957134031 
100 0 0.0334210921825054 
101 0 0.0355455598165507 
102 0 0.0377087941543858 
103 0 0.0399034018204724 
104 0 0.0421158145856871 
105 0 0.0443364881642195 
106 0 0.0465534490053146 
107 0 0.0487578133571626 
108 0 0.0509353826946175 
109 0 0.0530781909102384 
110 0 0.055176073436499 
111 0 0.0833333333333333 

death 1 M single 
1 0 0.00259248101780929 
2 0 0.000157636599346866 
3 0 0.000100889297087292 
4 0 0.0000766990134587475 
5 0 0.0000591859292243813 
6 0 0.0000525151654794387 
7 0 0.0000491799671665794 
8 0 0.0000458448912142861 
9 0 0.0000433436645435048 
10 0 0.0000400088026996093 
11 0 0.0000366740631904117 
12 0 0.0000350067393084519 
13 0 0.0000475124138960004 
14 0 0.0000550166445189015 
15 0 0.0000633554051622243 
16 0 0.0000733629277510639 
17 0 0.0000942154723914124 
18 0 0.000110900952950965 
19 0 0.000130093042745694 
20 0 0.000141777168646939 
21 0 0.000150123892499576 
22 0 0.000157636599346866 
23 0 0.00015930617408666 
24 0 0.000153462796661064 
25 0 0.000155967055273654 
26 0 0.000149289185622847 
27 0 0.000139273300942766 
28 0 0.000134265772442244 
29 0 0.000139273300942766 
30 0 0.000147619794864662 
31 0 0.000153462796661064 
32 0 0.00015930617408666 
33 0 0.000171828962249876 
34 0 0.000178508488132945 
35 0 0.000187693637785924 
36 0 0.000202725885138699 
37 0 0.000213584054607918 
38 0 0.000228620584918904 
39 0 0.000262879748837208 
40 0 0.000292135597524501 
41 0 0.000317219537152469 
42 0 0.000347329406522712 
43 0 0.000390002139264989 
44 0 0.000425159442090872 
45 0 0.000460330352360039 
46 0 0.000506408092155519 
47 0 0.000560055257209369 
48 0 0.000619607166753133 
49 0 0.00067667941744376 
50 0 0.000752271392364889 
51 0 0.000851476269031703 
52 0 0.00094742128126013 
53 0 0.00103672433809132 
54 0 0.00113202157290559 
55 0 0.00122910827487444 
56 0 0.00132207105621718 
57 0 0.00143459878348728 
58 0 0.00153116226587335 
59 0 0.00162188996573254 
60 0 0.00181126865308479 
61 0 0.00200359912131942 
62 0 0.00216134181962568 
63 0 0.00232961859519532 
64 0 0.00254447531898494 
65 0 0.00275812424967037 
66 0 0.00296883364294398 
67 0 0.00322665057322968 
68 0 0.00351378429454763 
69 0 0.00373060171161232 
70 0 0.00388703226452058 
71 0 0.00421903768236409 
72 0 0.00458469136065809 
73 0 0.00487441259447452 
74 0 0.00516153600225111 
75 0 0.00561432652757476 
76 0 0.00613268312743154 
77 0 0.00666389649627952 
78 0 0.00713511726113358 
79 0 0.00782660319672235 
80 0 0.00850603633183289 
81 0 0.00953627649851563 
82 0 0.0101317851933155 
83 0 0.0108213870973438 
84 0 0.0118634336082282 
85 0 0.013272227250006 
86 0 0.0143384048129802 
87 0 0.0152899754836953 
88 0 0.0164325759074331 
89 0 0.0180164320088969 
90 0 0.0191225075250289 
91 0 0.0214137058727083 
92 0 0.0215883437758614 
93 0 0.0240340598465828 
94 0 0.02525450261979 
95 0 0.0268105437594636 
96 0 0.0284161822808153 
97 0 0.0301973825157856 
98 0 0.0320284252098182 
99 0 0.033903250847133 
100 0 0.0358164836654317 
101 0 0.0377609568948987 
102 0 0.0397288095956507 
103 0 0.0417114159568485 
104 0 0.0437034035926095 
105 0 0.0456960928138331 
106 0 0.0476799882390542 
107 0 0.0496476500429704 
108 0 0.0515924964841781 
109 0 0.0535058999004224 
110 0 0.0553816874564271 
111 0 0.0833333333333333 
