** Period (Monthly) Age-Specific Probabilities of Death for USA in 1941 
* Retrieved from the Human Mortality Database (Life tables), www.mortality.org. 
* Max Planck Institute for Demographic Research (Germany), 
* University of California, Berkeley (USA), 
* and French Institute for Demographic Studies (France) 
* Data downloaded on  31 Mrz 2023 12:09:03 CEST 
** NB: The original HMD annual probabilities have been converted into monthly probabilities 
** The open age interval (110+) is limited to one year [110-111) 

death 1 F single 
1 0 0.00378271521251328 
2 0 0.000432694919820231 
3 0 0.000193539216339467 
4 0 0.000138438693701781 
5 0 0.000108397935606575 
6 0 0.0000908787437792213 
7 0 0.000080869292772956 
8 0 0.0000750309553007034 
9 0 0.0000666911236122392 
10 0 0.000061687591838111 
11 0 0.0000575181923953005 
12 0 0.0000575181923953005 
13 0 0.000061687591838111 
14 0 0.0000691929927806312 
15 0 0.000080869292772956 
16 0 0.0000958838826297104 
17 0 0.000109232267063164 
18 0 0.000120913711624038 
19 0 0.000131762111637901 
20 0 0.000141777168646939 
21 0 0.000150958607041618 
22 0 0.00015930617408666 
23 0 0.000166819639945581 
24 0 0.000173498797702898 
25 0 0.000178508488132945 
26 0 0.000181013436895361 
27 0 0.000185188504916445 
28 0 0.000190198839702838 
29 0 0.00019687971574367 
30 0 0.00020523150142393 
31 0 0.000216089970248357 
32 0 0.000226949736477855 
33 0 0.000237810800436611 
34 0 0.000248673162449031 
35 0 0.000258701110551818 
36 0 0.000267894368393584 
37 0 0.000279596223468848 
38 0 0.000294643679960349 
39 0 0.000313874611824527 
40 0 0.000336455247325729 
41 0 0.00036238808305733 
42 0 0.000390002139264989 
43 0 0.000418461764218003 
44 0 0.000446930305146087 
45 0 0.000474570068058955 
46 0 0.000503056195808371 
47 0 0.000534065956091179 
48 0 0.000569279054520644 
49 0 0.00060953931375396 
50 0 0.00065569280450628 
51 0 0.000714467542335284 
52 0 0.000773280331120896 
53 0 0.00083044923913056 
54 0 0.000889337193732631 
55 0 0.000950789614120318 
56 0 0.00101565438198004 
57 0 0.00108984231907239 
58 0 0.00117675298304909 
59 0 0.00127388755101021 
60 0 0.0013770483842338 
61 0 0.00147270367740515 
62 0 0.0015862664105053 
63 0 0.00172120080445548 
64 0 0.00187760213478283 
65 0 0.00205302407975128 
66 0 0.00225013938664576 
67 0 0.00245538924806055 
68 0 0.00266711175136336 
69 0 0.00290169749273816 
70 0 0.00317312989735519 
71 0 0.00353717559333944 
72 0 0.00392009106480851 
73 0 0.00431162354712655 
74 0 0.00471363443149508 
75 0 0.0051244934543152 
76 0 0.00553014114647188 
77 0 0.00606315928630663 
78 0 0.00673119159060531 
79 0 0.00748472333706907 
80 0 0.00837339576606 
81 0 0.00845570141472196 
82 0 0.00936883266174404 
83 0 0.0104212045325897 
84 0 0.0114813018025056 
85 0 0.0124688703833851 
86 0 0.0133910338513281 
87 0 0.0144468969951185 
88 0 0.0156609617032282 
89 0 0.0169560735006636 
90 0 0.0182467569359898 
91 0 0.0194032504006152 
92 0 0.0203468917616791 
93 0 0.021232023300911 
94 0 0.0220567933657306 
95 0 0.0228935870094198 
96 0 0.0259283621087854 
97 0 0.0275439762201859 
98 0 0.0292116021534263 
99 0 0.0309266513678198 
100 0 0.0326853609672868 
101 0 0.0344811891620577 
102 0 0.0363095214283637 
103 0 0.0381653174805677 
104 0 0.0400404536240783 
105 0 0.0419287303556792 
106 0 0.0438233762722084 
107 0 0.0457183997974683 
108 0 0.0476058530965979 
109 0 0.0494800152992967 
110 0 0.0513317279762617 
111 0 0.0833333333333333 

death 1 M single 
1 0 0.00477685732578936 
2 0 0.000485460768313573 
3 0 0.000234468796364018 
4 0 0.000157636599346866 
5 0 0.000125920504593591 
6 0 0.000109232267063164 
7 0 0.000102557829824601 
8 0 0.0000983865554056162 
9 0 0.0000908787437792213 
10 0 0.0000867080052475711 
11 0 0.0000817033715945215 
12 0 0.0000817033715945215 
13 0 0.0000867080052475711 
14 0 0.0000967180992323957 
15 0 0.000110900952950965 
16 0 0.000130093042745694 
17 0 0.000146785110982983 
18 0 0.000162645415570539 
19 0 0.000178508488132945 
20 0 0.000194374329680724 
21 0 0.000208572430588916 
22 0 0.00022193737544296 
23 0 0.000232797840409416 
24 0 0.0002411529274019 
25 0 0.000245330758940732 
26 0 0.000245330758940732 
27 0 0.000247001945330005 
28 0 0.000249508782532493 
29 0 0.000255358338245082 
30 0 0.000262879748837208 
31 0 0.000274580958229742 
32 0 0.000287955613937352 
33 0 0.000302168342589226 
34 0 0.000317219537152469 
35 0 0.000333946010742214 
36 0 0.000351512121934405 
37 0 0.000371591836153429 
38 0 0.000395023778405612 
39 0 0.000421810541447409 
40 0 0.000451955091283596 
41 0 0.000484622975796212 
42 0 0.000522331288624223 
43 0 0.000565086303297213 
44 0 0.000612056172412223 
45 0 0.000661568567462911 
46 0 0.000714467542335284 
47 0 0.000769918574388129 
48 0 0.000829608259171555 
49 0 0.000893544937494828 
50 0 0.000965106422596285 
51 0 0.00105274077475737 
52 0 0.00114130363857468 
53 0 0.00122910827487444 
54 0 0.00132122551115033 
55 0 0.00142274718903079 
56 0 0.00153794250944195 
57 0 0.00166092229016768 
58 0 0.00179511783907171 
59 0 0.00193461963691977 
60 0 0.00207518883919733 
61 0 0.00219206960287832 
62 0 0.00233303861847678 
63 0 0.00250506106996018 
64 0 0.0027014453578853 
65 0 0.00292148888083832 
66 0 0.00316104895691949 
67 0 0.00340816551482737 
68 0 0.00366463429414454 
69 0 0.00394445790596065 
70 0 0.00426007822041075 
71 0 0.00467414254447518 
72 0 0.00510685947673939 
73 0 0.00552925540138016 
74 0 0.00595007454151197 
75 0 0.0063728624906586 
76 0 0.00683806949920762 
77 0 0.00742681379172916 
78 0 0.00815884016177248 
79 0 0.00899989151516645 
80 0 0.0100134849007238 
81 0 0.0103753956107232 
82 0 0.0114302212828575 
83 0 0.0126402770056138 
84 0 0.0138814452935906 
85 0 0.0150543333072163 
86 0 0.016092245335233 
87 0 0.0172159503833625 
88 0 0.0185134933705584 
89 0 0.019899806728229 
90 0 0.021260518703007 
91 0 0.0224271350607861 
92 0 0.0232534060485773 
93 0 0.0238143492286036 
94 0 0.0241103242996378 
95 0 0.0245068650068386 
96 0 0.0292531791584186 
97 0 0.0309031080551584 
98 0 0.0325929260938611 
99 0 0.0343182973554269 
100 0 0.0360745144389517 
101 0 0.0378551830875875 
102 0 0.0396559490127794 
103 0 0.0414707371398342 
104 0 0.0432915775920576 
105 0 0.0451153455263401 
106 0 0.0469344067581685 
107 0 0.0487419290080329 
108 0 0.0505320045962835 
109 0 0.0522997848743608 
110 0 0.0540400887512464 
111 0 0.0833333333333333 
