** Period (Monthly) Age-Specific Probabilities of Death for USA in 2011 
* Retrieved from the Human Mortality Database (Life tables), www.mortality.org. 
* Max Planck Institute for Demographic Research (Germany), 
* University of California, Berkeley (USA), 
* and French Institute for Demographic Studies (France) 
* Data downloaded on  06 Apr 2023 08:10:29 PDT 
** NB: The original HMD annual probabilities have been converted into monthly probabilities 
** The open age interval (110+) is limited to one year [110-111) 

death 1 F single 
1 0 0.000458655238387728 
2 0 0.0000325058108229248 
3 0 0.0000191686874497776 
4 0 0.0000141677706060328 
5 0 0.000012500859457365 
6 0 0.0000100005500421885 
7 0 0.00000916712885190574 
8 0 0.00000833371530217786 
9 0 0.00000916712885190574 
10 0 0.00000833371530217786 
11 0 0.00000833371530217786 
12 0 0.00000750030939278279 
13 0 0.00000833371530217786 
14 0 0.0000100005500421885 
15 0 0.0000133343112110884 
16 0 0.0000150012376423092 
17 0 0.0000200022003373768 
18 0 0.0000241698794146705 
19 0 0.0000266705785775256 
20 0 0.0000308385633891461 
21 0 0.0000308385633891461 
22 0 0.0000366740631904117 
23 0 0.0000366740631904117 
24 0 0.0000400088026996093 
25 0 0.0000391751063537615 
26 0 0.0000441773991204375 
27 0 0.0000458448912142861 
28 0 0.0000441773991204375 
29 0 0.0000458448912142861 
30 0 0.0000525151654794387 
31 0 0.000055850486162301 
32 0 0.0000608536966506534 
33 0 0.0000633554051622243 
34 0 0.0000658571825241649 
35 0 0.0000716949308086079 
36 0 0.0000733629277510639 
37 0 0.000080869292772956 
38 0 0.0000833715521976197 
39 0 0.0000925470927749528 
40 0 0.000097552323490957 
41 0 0.000107563611807859 
42 0 0.000114238416628387 
43 0 0.000130927573360862 
44 0 0.00014344645210207 
45 0 0.000157636599346866 
46 0 0.000170159157473537 
47 0 0.000192704110671182 
48 0 0.000204396288320696 
49 0 0.000225278918752347 
50 0 0.000250344410298808 
51 0 0.000270401781932272 
52 0 0.000292135597524501 
53 0 0.000315547059099419 
54 0 0.000333946010742214 
55 0 0.000364061423379858 
56 0 0.000386654533994446 
57 0 0.000401719728948313 
58 0 0.00044860520298573 
59 0 0.000468706385457929 
60 0 0.000504732128525753 
61 0 0.00053322771529607 
62 0 0.000577665137455718 
63 0 0.000642263916014407 
64 0 0.000711107961330448 
65 0 0.000769078154643887 
66 0 0.000838859466989694 
67 0 0.000894386509639356 
68 0 0.00100638514969764 
69 0 0.00108646882497043 
70 0 0.00121221617243084 
71 0 0.00131530691616655 
72 0 0.00142274718903079 
73 0 0.0015752429049769 
74 0 0.00172969395355582 
75 0 0.00190908498221243 
76 0 0.00210503456946487 
77 0 0.00234329946216927 
78 0 0.00259676847710344 
79 0 0.00285610769544886 
80 0 0.00318952803586359 
81 0 0.00371063281740824 
82 0 0.0041972151871883 
83 0 0.00462326730132623 
84 0 0.00518182763803976 
85 0 0.00578648584901309 
86 0 0.00652856096999377 
87 0 0.00736261384417125 
88 0 0.00829938487726722 
89 0 0.00929769393675983 
90 0 0.0106056108771196 
91 0 0.0118168840431557 
92 0 0.013535165151017 
93 0 0.0147918158037508 
94 0 0.0166067347009057 
95 0 0.0183529471874233 
96 0 0.0202737874465423 
97 0 0.0223565764926401 
98 0 0.0245714843585627 
99 0 0.0269139839010006 
100 0 0.0293722439023425 
101 0 0.0319331050273809 
102 0 0.0345829968470051 
103 0 0.0373040014099113 
104 0 0.0400744235324648 
105 0 0.0428735953622235 
106 0 0.0456807600890787 
107 0 0.0484709010858808 
108 0 0.0512231828924329 
109 0 0.0539188784008642 
110 0 0.0565356775837569 
111 0 0.0833333333333333 

death 1 M single 
1 0 0.000547478860646877 
2 0 0.0000375077365993848 
3 0 0.0000250034381590325 
4 0 0.0000200022003373768 
5 0 0.0000150012376423092 
6 0 0.0000133343112110884 
7 0 0.0000116674153447516 
8 0 0.0000100005500421885 
9 0 0.0000108339788730261 
10 0 0.0000100005500421885 
11 0 0.0000100005500421885 
12 0 0.0000116674153447516 
13 0 0.000012500859457365 
14 0 0.0000158347123201397 
15 0 0.0000208357208674181 
16 0 0.0000258370045466139 
17 0 0.0000400088026996093 
18 0 0.0000525151654794387 
19 0 0.0000750309553007034 
20 0 0.0000892104254029968 
21 0 0.0000917129144495377 
22 0 0.000102557829824601 
23 0 0.000110900952950965 
24 0 0.000112569669472262 
25 0 0.000110900952950965 
26 0 0.000110900952950965 
27 0 0.000113404039220888 
28 0 0.000112569669472262 
29 0 0.000114238416628387 
30 0 0.000117576002849673 
31 0 0.000118410418553538 
32 0 0.000121748157967727 
33 0 0.000125920504593591 
34 0 0.000128424004500527 
35 0 0.000130093042745694 
36 0 0.000132596657577144 
37 0 0.000135934917957492 
38 0 0.000145115766213677 
39 0 0.000155967055273654 
40 0 0.000169324266588666 
41 0 0.000179343463383219 
42 0 0.000188528697419477 
43 0 0.000203561082892323 
44 0 0.000225278918752347 
45 0 0.000236975287897678 
46 0 0.000269565969733043 
47 0 0.000291299585426952 
48 0 0.000333109613943505 
49 0 0.000360714773546156 
50 0 0.000396697719786565 
51 0 0.000432694919820231 
52 0 0.0004678687474029 
53 0 0.000513950311063049 
54 0 0.00055837830375205 
55 0 0.000603666914681056 
56 0 0.000653174736710005 
57 0 0.000716147379430043 
58 0 0.000752271392364889 
59 0 0.000808586290289459 
60 0 0.000874190929995411 
61 0 0.000930581490505844 
62 0 0.000974371442605482 
63 0 0.0010350385616974 
64 0 0.00113033402653473 
65 0 0.00120123799081617 
66 0 0.00127895829491187 
67 0 0.0013770483842338 
68 0 0.00153031477103693 
69 0 0.00167959585924282 
70 0 0.00179851777157169 
71 0 0.00197378673654436 
72 0 0.00212038762644862 
73 0 0.00232021419607886 
74 0 0.00255047464163127 
75 0 0.00274438065807425 
76 0 0.00302654160380234 
77 0 0.00337010368765345 
78 0 0.00364641492393347 
79 0 0.00402282433633594 
80 0 0.00443667736612363 
81 0 0.00505750262211213 
82 0 0.00568350581448762 
83 0 0.00631208767144253 
84 0 0.00706031319173983 
85 0 0.00784386755971556 
86 0 0.00876731391152175 
87 0 0.00972722757530176 
88 0 0.0109087829520779 
89 0 0.0120727294612473 
90 0 0.0135806774863924 
91 0 0.0150750134335628 
92 0 0.0173512240340044 
93 0 0.0189053325309936 
94 0 0.0207920323784182 
95 0 0.023177874026195 
96 0 0.0247831958886461 
97 0 0.0270547216687012 
98 0 0.0294347304473571 
99 0 0.0319116722073084 
100 0 0.034470156867804 
101 0 0.0370953582658744 
102 0 0.0397704715334443 
103 0 0.0424737290884302 
104 0 0.0451859944572734 
105 0 0.0478870471959125 
106 0 0.0505585429751633 
107 0 0.0531784584338757 
108 0 0.0557317388211643 
109 0 0.0582003661535232 
110 0 0.0605731087485955 
111 0 0.0833333333333333 
