** Period (Monthly) Age-Specific Probabilities of Death for USA in 1949 
* Retrieved from the Human Mortality Database (Life tables), www.mortality.org. 
* Max Planck Institute for Demographic Research (Germany), 
* University of California, Berkeley (USA), 
* and French Institute for Demographic Studies (France) 
* Data downloaded on  31 Mrz 2023 12:09:16 CEST 
** NB: The original HMD annual probabilities have been converted into monthly probabilities 
** The open age interval (110+) is limited to one year [110-111) 

death 1 F single 
1 0 0.00251534139646081 
2 0 0.000192704110671182 
3 0 0.000103392107678624 
4 0 0.0000842056539793745 
5 0 0.000064189323299324 
6 0 0.0000550166445189015 
7 0 0.0000466786487315352 
8 0 0.0000458448912142861 
9 0 0.0000433436645435048 
10 0 0.0000416762183291786 
11 0 0.0000383414176537977 
12 0 0.0000375077365993848 
13 0 0.0000391751063537615 
14 0 0.0000425099376131222 
15 0 0.0000475124138960004 
16 0 0.0000550166445189015 
17 0 0.0000608536966506534 
18 0 0.0000666911236122392 
19 0 0.0000716949308086079 
20 0 0.0000766990134587475 
21 0 0.0000825374580692984 
22 0 0.0000867080052475711 
23 0 0.0000900445807636707 
24 0 0.0000933812787555777 
25 0 0.0000967180992323957 
26 0 0.000100055042203562 
27 0 0.000102557829824601 
28 0 0.000107563611807859 
29 0 0.000113404039220888 
30 0 0.000118410418553538 
31 0 0.000125920504593591 
32 0 0.000134265772442244 
33 0 0.000142611806542514 
34 0 0.000151793329249084 
35 0 0.000163480245109926 
36 0 0.000176003608403419 
37 0 0.000189363764725003 
38 0 0.000203561082892323 
39 0 0.000220266649856748 
40 0 0.000236975287897678 
41 0 0.000253686998195723 
42 0 0.000274580958229742 
43 0 0.000297987897547314 
44 0 0.000325582389131607 
45 0 0.000355695029868763 
46 0 0.000387491423751052 
47 0 0.000422647755037864 
48 0 0.000456142625328448 
49 0 0.000489649846773466 
50 0 0.00052568389611507 
51 0 0.000562570745430535 
52 0 0.000602828031511904 
53 0 0.000649817421544685 
54 0 0.000703549358301747 
55 0 0.000761514726814627 
56 0 0.000826244417195032 
57 0 0.000894386509639356 
58 0 0.00096931767815911 
59 0 0.00105021167590258 
60 0 0.00113961591969747 
61 0 0.00124431385449342 
62 0 0.00135082427505673 
63 0 0.0014633876705954 
64 0 0.00158372240578197 
65 0 0.00171440685741209 
66 0 0.00185038253234449 
67 0 0.00200785883322474 
68 0 0.00219377700718482 
69 0 0.00241858114153637 
70 0 0.00266625357776096 
71 0 0.00295936271193675 
72 0 0.00331131229626613 
73 0 0.003681121644737 
74 0 0.00404983293020633 
75 0 0.0044795677529984 
76 0 0.00499144185400713 
77 0 0.00549029120592937 
78 0 0.00600971578596754 
79 0 0.00653662164469593 
80 0 0.00707743154449281 
81 0 0.00734815255443677 
82 0 0.0080895610834385 
83 0 0.0088527371005197 
84 0 0.00982285520835191 
85 0 0.0110574569610051 
86 0 0.0123484114055257 
87 0 0.0134364730832528 
88 0 0.0142524862478614 
89 0 0.0150572873185706 
90 0 0.0163296415200704 
91 0 0.0180612274650629 
92 0 0.0196123168669483 
93 0 0.0207217093308552 
94 0 0.0218281026223499 
95 0 0.0233009162260356 
96 0 0.0251937969768146 
97 0 0.0269443643049845 
98 0 0.0287589891787997 
99 0 0.0306316377697067 
100 0 0.032558138130077 
101 0 0.0345314649460933 
102 0 0.0365426503768806 
103 0 0.0385856872854593 
104 0 0.040651313822452 
105 0 0.0427293239835189 
106 0 0.0448126225250652 
107 0 0.0468905819620179 
108 0 0.0489544431050122 
109 0 0.0509961264836438 
110 0 0.053006859409873 
111 0 0.0833333333333333 

death 1 M single 
1 0 0.00325083156642125 
2 0 0.000218595954981304 
3 0 0.000130927573360862 
4 0 0.000101723559627565 
5 0 0.0000817033715945215 
6 0 0.0000741969376999441 
7 0 0.0000650232490866376 
8 0 0.0000658571825241649 
9 0 0.0000650232490866376 
10 0 0.0000625214946752273 
11 0 0.0000575181923953005 
12 0 0.0000575181923953005 
13 0 0.000061687591838111 
14 0 0.0000683590287403613 
15 0 0.0000783671022263066 
16 0 0.0000950496736826789 
17 0 0.000106729295667018 
18 0 0.000117576002849673 
19 0 0.000135934917957492 
20 0 0.000145950434766062 
21 0 0.000156801823476993 
22 0 0.000163480245109926 
23 0 0.000167654507824855 
24 0 0.000168489383372439 
25 0 0.000168489383372439 
26 0 0.000165149927191854 
27 0 0.000163480245109926 
28 0 0.000164315082316957 
29 0 0.000168489383372439 
30 0 0.000171828962249876 
31 0 0.000177673520552979 
32 0 0.00018602354153463 
33 0 0.00019687971574367 
34 0 0.000210242941224514 
35 0 0.00022778515685884 
36 0 0.000248673162449031 
37 0 0.000270401781932272 
38 0 0.000294643679960349 
39 0 0.000320564585597816 
40 0 0.000347329406522712 
41 0 0.000374938886584797 
42 0 0.000408416172918757 
43 0 0.000446930305146087 
44 0 0.000491325532234299 
45 0 0.000541610471264886 
46 0 0.000595278431522073 
47 0 0.00065569280450628 
48 0 0.000717827247588065 
49 0 0.00078168526729494 
50 0 0.000854841045576316 
51 0 0.000930581490505844 
52 0 0.00101144097729822 
53 0 0.0011008070404892 
54 0 0.00120039357028268 
55 0 0.00130769786094143 
56 0 0.00142867279284986 
57 0 0.00154980915451353 
58 0 0.00167704923720624 
59 0 0.00181041853857411 
60 0 0.00195505253593597 
61 0 0.00211526965207398 
62 0 0.00227491575403138 
63 0 0.00243912335875951 
64 0 0.00261306267159367 
65 0 0.0027916329855443 
66 0 0.0029645285516241 
67 0 0.00316795215424381 
68 0 0.00339172776420782 
69 0 0.00364988499762975 
70 0 0.00392009106480851 
71 0 0.00423300684055328 
72 0 0.00460923778375122 
73 0 0.00501433745704039 
74 0 0.00542922205756768 
75 0 0.00593049943071056 
76 0 0.0065419958275369 
77 0 0.00712970765882837 
78 0 0.00773125441848155 
79 0 0.00832678923355812 
80 0 0.00890329432626258 
81 0 0.00951498182808874 
82 0 0.0103230711024505 
83 0 0.0111177493771076 
84 0 0.0121413323495841 
85 0 0.0135090302088748 
86 0 0.014915604583211 
87 0 0.0159668196264517 
88 0 0.0167370751298846 
89 0 0.0175464191716533 
90 0 0.0188786081921704 
91 0 0.0207951824713656 
92 0 0.0224956090314703 
93 0 0.0236461274674369 
94 0 0.0244291651096338 
95 0 0.0253915190208583 
96 0 0.0279448505072484 
97 0 0.0296421788293432 
98 0 0.0313858247319964 
99 0 0.0331731506084036 
100 0 0.0349975782057138 
101 0 0.036853197880498 
102 0 0.0387335530100624 
103 0 0.0406328993363368 
104 0 0.0425422624767735 
105 0 0.0444573386531901 
106 0 0.0463692155173514 
107 0 0.0482724941250331 
108 0 0.0501569180705893 
109 0 0.0520188721293068 
110 0 0.0538514428322849 
111 0 0.0833333333333333 
