** Period (Monthly) Age-Specific Probabilities of Death for USA in 2010 
* Retrieved from the Human Mortality Database (Life tables), www.mortality.org. 
* Max Planck Institute for Demographic Research (Germany), 
* University of California, Berkeley (USA), 
* and French Institute for Demographic Studies (France) 
* Data downloaded on  31 Mar 2023 06:31:05 CEST 
** NB: The original HMD annual probabilities have been converted into monthly probabilities 
** The open age interval (110+) is limited to one year [110-111) 

death 1 F single 
1 0 0.0004678687474029 
2 0 0.0000341730888351321 
3 0 0.0000183351822042876 
4 0 0.0000141677706060328 
5 0 0.0000108339788730261 
6 0 0.00000833371530217786 
7 0 0.00000916712885190574 
8 0 0.00000833371530217786 
9 0 0.00000916712885190574 
10 0 0.00000750030939278279 
11 0 0.00000833371530217786 
12 0 0.00000916712885190574 
13 0 0.0000100005500421885 
14 0 0.0000100005500421885 
15 0 0.000012500859457365 
16 0 0.0000150012376423092 
17 0 0.0000208357208674181 
18 0 0.0000225027848553827 
19 0 0.0000275041602521009 
20 0 0.0000316721832838152 
21 0 0.0000325058108229248 
22 0 0.0000358403974268784 
23 0 0.0000375077365993848 
24 0 0.0000375077365993848 
25 0 0.0000416762183291786 
26 0 0.0000425099376131222 
27 0 0.0000433436645435048 
28 0 0.0000441773991204375 
29 0 0.0000500137552731372 
30 0 0.0000525151654794387 
31 0 0.000055850486162301 
32 0 0.000055850486162301 
33 0 0.000061687591838111 
34 0 0.0000608536966506534 
35 0 0.0000666911236122392 
36 0 0.0000725289254539518 
37 0 0.000080869292772956 
38 0 0.0000842056539793745 
39 0 0.0000917129144495377 
40 0 0.0000983865554056162 
41 0 0.000104226393189744 
42 0 0.000115072801694871 
43 0 0.000126754996901401 
44 0 0.000140107915847287 
45 0 0.000155967055273654 
46 0 0.000167654507824855 
47 0 0.000195209450695066 
48 0 0.000207737186784573 
49 0 0.000224443521407491 
50 0 0.000244495177269322 
51 0 0.000270401781932272 
52 0 0.000284611765482445 
53 0 0.000318892045984898 
54 0 0.000328091394796726 
55 0 0.000359878130344438 
56 0 0.000370755092807151 
57 0 0.000408416172918757 
58 0 0.000431857613657716 
59 0 0.000473732375948943 
60 0 0.000498028583118759 
61 0 0.000539095563266923 
62 0 0.000586890722785838 
63 0 0.000649817421544685 
64 0 0.000701869754142659 
65 0 0.000780004217844743 
66 0 0.000840541606009881 
67 0 0.000938159009963635 
68 0 0.00101059831981876 
69 0 0.00111430389995881 
70 0 0.00119954915760212 
71 0 0.00132799009219076 
72 0 0.00145068556551642 
73 0 0.00159813937544717 
74 0 0.0017364890451701 
75 0 0.00191674462412261 
76 0 0.00214768836742685 
77 0 0.00234586485448562 
78 0 0.00260534400393608 
79 0 0.00290858096370261 
80 0 0.00316536339362261 
81 0 0.00371063281740824 
82 0 0.00409951492938843 
83 0 0.00462239039274992 
84 0 0.00514301283182295 
85 0 0.00582646660821529 
86 0 0.00662623313727895 
87 0 0.00737346133252004 
88 0 0.00818437745654743 
89 0 0.00926722310471984 
90 0 0.0104025041960354 
91 0 0.0120393997538986 
92 0 0.0129783025536703 
93 0 0.0147780720505453 
94 0 0.0163945863189343 
95 0 0.0183682735208123 
96 0 0.020048585897169 
97 0 0.0221004710208099 
98 0 0.0242827054462287 
99 0 0.026591694641342 
100 0 0.0290155304893707 
101 0 0.0315433679953719 
102 0 0.0341605927722932 
103 0 0.036850678898027 
104 0 0.0395935454453991 
105 0 0.0423676759340386 
106 0 0.0451541260560626 
107 0 0.0479270881140894 
108 0 0.0506692074704512 
109 0 0.0533564929775238 
110 0 0.0559716594999728 
111 0 0.0833333333333333 

death 1 M single 
1 0 0.000563409256980729 
2 0 0.0000383414176537977 
3 0 0.0000266705785775256 
4 0 0.0000200022003373768 
5 0 0.0000150012376423092 
6 0 0.0000116674153447516 
7 0 0.0000100005500421885 
8 0 0.0000108339788730261 
9 0 0.0000100005500421885 
10 0 0.0000100005500421885 
11 0 0.00000916712885190574 
12 0 0.0000116674153447516 
13 0 0.000012500859457365 
14 0 0.0000150012376423092 
15 0 0.0000200022003373768 
16 0 0.0000266705785775256 
17 0 0.0000416762183291786 
18 0 0.0000541828105240505 
19 0 0.000079201158088904 
20 0 0.0000858738805041837 
21 0 0.0000925470927749528 
22 0 0.000105894987183719 
23 0 0.000105060686358072 
24 0 0.000106729295667018 
25 0 0.000113404039220888 
26 0 0.000109232267063164 
27 0 0.000113404039220888 
28 0 0.000110900952950965 
29 0 0.000114238416628387 
30 0 0.00011590719442045 
31 0 0.000117576002849673 
32 0 0.000121748157967727 
33 0 0.000122582611971733 
34 0 0.000125086019946985 
35 0 0.000125086019946985 
36 0 0.000130927573360862 
37 0 0.000135934917957492 
38 0 0.000145115766213677 
39 0 0.000155967055273654 
40 0 0.000164315082316957 
41 0 0.000170994056027163 
42 0 0.00018602354153463 
43 0 0.000209407682068785 
44 0 0.000219431298580264 
45 0 0.000249508782532493 
46 0 0.000274580958229742 
47 0 0.00030467670191936 
48 0 0.000333946010742214 
49 0 0.00036238808305733 
50 0 0.000399208689675246 
51 0 0.000435206884600192 
52 0 0.000462005497213092 
53 0 0.000514788374032848 
54 0 0.000557539838629828 
55 0 0.000591923255105264 
56 0 0.00065065673870468 
57 0 0.000699350406128119 
58 0 0.000760674384816196 
59 0 0.000817835357218133 
60 0 0.000864936123149307 
61 0 0.000922162765838341 
62 0 0.000961737558734743 
63 0 0.00106538732565109 
64 0 0.00110586812771063 
65 0 0.00123502125325325 
66 0 0.00131615240611349 
67 0 0.00144391183614712 
68 0 0.00153963764947251 
69 0 0.00168978306203249 
70 0 0.0018231710925406 
71 0 0.00198400702209556 
72 0 0.00212465282567231 
73 0 0.00235527191385321 
74 0 0.00254361830529348 
75 0 0.00280538374301242 
76 0 0.00310584230073052 
77 0 0.00339518809545514 
78 0 0.00371670984089179 
79 0 0.00410387430039127 
80 0 0.00448306990660241 
81 0 0.00514830477912731 
82 0 0.00571012733632226 
83 0 0.00638895678951834 
84 0 0.00700987797549346 
85 0 0.00794479388643243 
86 0 0.00891248959776281 
87 0 0.00978756328411212 
88 0 0.0109821482564909 
89 0 0.0123331265852179 
90 0 0.0134896759016571 
91 0 0.0157184784762416 
92 0 0.0166057328183996 
93 0 0.0190555488908644 
94 0 0.021040180882327 
95 0 0.0233106373493845 
96 0 0.024857909154138 
97 0 0.027124610769701 
98 0 0.0294984196729245 
99 0 0.0319664553481914 
100 0 0.0345167471013601 
101 0 0.0371332564093313 
102 0 0.0397965203453026 
103 0 0.0424898497378539 
104 0 0.0451915379824575 
105 0 0.0478813285765477 
106 0 0.0505423241074037 
107 0 0.0531526207809889 
108 0 0.0556957302254877 
109 0 0.0581568622237348 
110 0 0.0605217567904396 
111 0 0.0833333333333333 
