** Period (Monthly) Age-Specific Probabilities of Death for USA in 1960 
* Retrieved from the Human Mortality Database (Life tables), www.mortality.org. 
* Max Planck Institute for Demographic Research (Germany), 
* University of California, Berkeley (USA), 
* and French Institute for Demographic Studies (France) 
* Data downloaded on  30 Mar 2023 17:56:11 CEST 
** NB: The original HMD annual probabilities have been converted into monthly probabilities 
** The open age interval (110+) is limited to one year [110-111) 

death 1 F single 
1 0 0.00191759573536154 
2 0 0.000135934917957492 
3 0 0.0000783671022263066 
4 0 0.0000608536966506534 
5 0 0.0000508475510273554 
6 0 0.0000433436645435048 
7 0 0.0000375077365993848 
8 0 0.0000325058108229248 
9 0 0.0000300049511388067 
10 0 0.0000275041602521009 
11 0 0.0000233363283135279 
12 0 0.0000258370045466139 
13 0 0.0000266705785775256 
14 0 0.0000283377495704507 
15 0 0.0000308385633891461 
16 0 0.0000350067393084519 
17 0 0.0000400088026996093 
18 0 0.0000466786487315352 
19 0 0.0000491799671665794 
20 0 0.0000541828105240505 
21 0 0.0000525151654794387 
22 0 0.0000608536966506534 
23 0 0.0000550166445189015 
24 0 0.0000575181923953005 
25 0 0.0000633554051622243 
26 0 0.0000666911236122392 
27 0 0.0000741969376999441 
28 0 0.0000716949308086079 
29 0 0.0000766990134587475 
30 0 0.0000825374580692984 
31 0 0.0000942154723914124 
32 0 0.0000900445807636707 
33 0 0.0000992207949763735 
34 0 0.000106729295667018 
35 0 0.000120913711624038 
36 0 0.000132596657577144 
37 0 0.000135100341368544 
38 0 0.000142611806542514 
39 0 0.000165984779734729 
40 0 0.000178508488132945 
41 0 0.000203561082892323 
42 0 0.000204396288320696 
43 0 0.000242824036972289 
44 0 0.000249508782532493 
45 0 0.000273745107596257 
46 0 0.000303840574450209 
47 0 0.000318892045984898 
48 0 0.000358204867048073 
49 0 0.000374938886584797 
50 0 0.00041678742188056 
51 0 0.000472057014896388 
52 0 0.000486298568555532 
53 0 0.000539095563266923 
54 0 0.000550832396190359 
55 0 0.000617929113774562 
56 0 0.000651496063618806 
57 0 0.000685075420268633 
58 0 0.000750590887146574 
59 0 0.000793453484596252 
60 0 0.00101733979858842 
61 0 0.00113624057604444 
62 0 0.00101986798215004 
63 0 0.00126543694045067 
64 0 0.00135589931794056 
65 0 0.00147439759954859 
66 0 0.00167450268662561 
67 0 0.00163546452256447 
68 0 0.00191674462412261 
69 0 0.0020231954522878 
70 0 0.00218011867250822 
71 0 0.0025719040347254 
72 0 0.00262335525069135 
73 0 0.00314120519328964 
74 0 0.00325342276988849 
75 0 0.00370368814695587 
76 0 0.00432735508529325 
77 0 0.00448832339112804 
78 0 0.00484715684064441 
79 0 0.00556203375074604 
80 0 0.00630940737092689 
81 0 0.00709365192645472 
82 0 0.00710176321060818 
83 0 0.00827290191541197 
84 0 0.00926722310471984 
85 0 0.0103408206499264 
86 0 0.0112554429844391 
87 0 0.0121337072180291 
88 0 0.0135884265678428 
89 0 0.0148330597219825 
90 0 0.0160165706879413 
91 0 0.0182783965834517 
92 0 0.0183345590611406 
93 0 0.02087922609826 
94 0 0.0229097153222744 
95 0 0.0235139445317696 
96 0 0.0257416509597848 
97 0 0.0276823165092446 
98 0 0.0296967294719968 
99 0 0.0317784295852838 
100 0 0.0339190842559347 
101 0 0.0361082267064343 
102 0 0.0383368097815805 
103 0 0.0405947674073373 
104 0 0.0428681977335673 
105 0 0.0451458144839225 
106 0 0.0474165265074058 
107 0 0.0496666205353802 
108 0 0.0518869940846094 
109 0 0.0540646585005737 
110 0 0.0561917839712667 
111 0 0.0833333333333333 

death 1 M single 
1 0 0.00251876843096954 
2 0 0.000157636599346866 
3 0 0.0000983865554056162 
4 0 0.0000775330540162544 
5 0 0.0000625214946752273 
6 0 0.0000525151654794387 
7 0 0.0000508475510273554 
8 0 0.0000466786487315352 
9 0 0.0000441773991204375 
10 0 0.0000383414176537977 
11 0 0.0000383414176537977 
12 0 0.0000408425066913409 
13 0 0.0000416762183291786 
14 0 0.0000500137552731372 
15 0 0.0000583520569852336 
16 0 0.0000700269644720031 
17 0 0.0000925470927749528 
18 0 0.000108397935606575 
19 0 0.000130927573360862 
20 0 0.000145950434766062 
21 0 0.000150958607041618 
22 0 0.000155132294736626 
23 0 0.000150123892499576 
24 0 0.000140942538415234 
25 0 0.000145115766213677 
26 0 0.000152628059122195 
27 0 0.000145115766213677 
28 0 0.000140942538415234 
29 0 0.000140107915847287 
30 0 0.000148454486411209 
31 0 0.000152628059122195 
32 0 0.0001542975418658 
33 0 0.000165984779734729 
34 0 0.00018184843515745 
35 0 0.00018184843515745 
36 0 0.000202725885138699 
37 0 0.000216089970248357 
38 0 0.000231126915174573 
39 0 0.000264551257946888 
40 0 0.000293807644791144 
41 0 0.000318892045984898 
42 0 0.000338964553193377 
43 0 0.000389165226386101 
44 0 0.000412601701002879 
45 0 0.000464518272397019 
46 0 0.000520655031266859 
47 0 0.000562570745430535 
48 0 0.00062883701218952 
49 0 0.00070019018103662 
50 0 0.000772439880273978 
51 0 0.000883446679927902 
52 0 0.000928897683143304 
53 0 0.00106285787457594 
54 0 0.00112358415464686 
55 0 0.00121643890343159 
56 0 0.00131615240611349 
57 0 0.00138550939046944 
58 0 0.00150828268221803 
59 0 0.00159305077172223 
60 0 0.00193632220276463 
61 0 0.00210247597923363 
62 0 0.00207518883919733 
63 0 0.00237665522364972 
64 0 0.00253933335832857 
65 0 0.00287502897888547 
66 0 0.00319211748690218 
67 0 0.00313430403304249 
68 0 0.00353630914122205 
69 0 0.00364467993693673 
70 0 0.00379487934540335 
71 0 0.00435707767481708 
72 0 0.00451897479706909 
73 0 0.00509716225436108 
74 0 0.00518800425706845 
75 0 0.00574119569128051 
76 0 0.00634157622707832 
77 0 0.00667376330569669 
78 0 0.00700177494337217 
79 0 0.00775485520516783 
80 0 0.00843374589277568 
81 0 0.00966322311589618 
82 0 0.00970681541466945 
83 0 0.0111102106134039 
84 0 0.0119071551624281 
85 0 0.0132731925231355 
86 0 0.0142368735372426 
87 0 0.015343302823014 
88 0 0.0168274222736817 
89 0 0.0179299589341597 
90 0 0.0189577766195048 
91 0 0.0211234023474498 
92 0 0.0206462001659197 
93 0 0.0235356003809547 
94 0 0.0258305119388778 
95 0 0.0266275712385904 
96 0 0.0283555557708129 
97 0 0.0301296864960767 
98 0 0.0319545430684299 
99 0 0.0338229098508227 
100 0 0.0357281550256939 
101 0 0.0376655608264009 
102 0 0.0396273418408755 
103 0 0.0416036266643336 
104 0 0.0435903990620299 
105 0 0.0455762909435578 
106 0 0.0475559901610774 
107 0 0.0495193438163507 
108 0 0.0514597785292978 
109 0 0.0533702032091703 
110 0 0.0552445567628118 
111 0 0.0833333333333333 
