** Period (Monthly) Age-Specific Probabilities of Death for USA in 1973 
* Retrieved from the Human Mortality Database (Life tables), www.mortality.org. 
* Max Planck Institute for Demographic Research (Germany), 
* University of California, Berkeley (USA), 
* and French Institute for Demographic Studies (France) 
* Data downloaded on  03 Apr 2023 22:47:38 CEST 
** NB: The original HMD annual probabilities have been converted into monthly probabilities 
** The open age interval (110+) is limited to one year [110-111) 

death 1 F single 
1 0 0.00126205691644521 
2 0 0.0000917129144495377 
3 0 0.000061687591838111 
4 0 0.0000425099376131222 
5 0 0.0000383414176537977 
6 0 0.0000333394460065861 
7 0 0.0000325058108229248 
8 0 0.0000283377495704507 
9 0 0.0000250034381590325 
10 0 0.0000233363283135279 
11 0 0.0000200022003373768 
12 0 0.0000225027848553827 
13 0 0.0000225027848553827 
14 0 0.0000258370045466139 
15 0 0.0000300049511388067 
16 0 0.0000366740631904117 
17 0 0.0000466786487315352 
18 0 0.0000525151654794387 
19 0 0.0000600198091127435 
20 0 0.0000591859292243813 
21 0 0.0000600198091127435 
22 0 0.0000608536966506534 
23 0 0.0000608536966506534 
24 0 0.0000575181923953005 
25 0 0.0000600198091127435 
26 0 0.0000591859292243813 
27 0 0.0000608536966506534 
28 0 0.0000716949308086079 
29 0 0.0000733629277510639 
30 0 0.0000716949308086079 
31 0 0.0000783671022263066 
32 0 0.0000867080052475711 
33 0 0.0000883762776967556 
34 0 0.000102557829824601 
35 0 0.000105060686358072 
36 0 0.000115072801694871 
37 0 0.000130093042745694 
38 0 0.000140942538415234 
39 0 0.000153462796661064 
40 0 0.000169324266588666 
41 0 0.00018184843515745 
42 0 0.000194374329680724 
43 0 0.000213584054607918 
44 0 0.000241988478346333 
45 0 0.000253686998195723 
46 0 0.000272909264649956 
47 0 0.000315547059099419 
48 0 0.000339801003879758 
49 0 0.000374102112419727 
50 0 0.000379122872988913 
51 0 0.000424322205359373 
52 0 0.000444418016270154 
53 0 0.000477920913728114 
54 0 0.000523169428899739 
55 0 0.00056089374554491 
56 0 0.000613734116920339 
57 0 0.00067667941744376 
58 0 0.000743869177139422 
59 0 0.000780844738681119 
60 0 0.000857364709785813 
61 0 0.000938159009963635 
62 0 0.00096931767815911 
63 0 0.00108984231907239 
64 0 0.00111599114845129 
65 0 0.00118688390963251 
66 0 0.00135167009583625 
67 0 0.00141682197197746 
68 0 0.00158287442005278 
69 0 0.00171185925839046 
70 0 0.00189206587039137 
71 0 0.0022151222731227 
72 0 0.00223988907600947 
73 0 0.00278475838888526 
74 0 0.0029077205012451 
75 0 0.0030368812388426 
76 0 0.00358484322718322 
77 0 0.00382182002678944 
78 0 0.00426007822041075 
79 0 0.00466536890984159 
80 0 0.00511832117106992 
81 0 0.00589580851531257 
82 0 0.00619244506649375 
83 0 0.00695497166047465 
84 0 0.0079320582140342 
85 0 0.00877741350786465 
86 0 0.00968919045423133 
87 0 0.0106093590871604 
88 0 0.0117665616531371 
89 0 0.013132372474266 
90 0 0.014363805617289 
91 0 0.015971793487674 
92 0 0.0164135790956568 
93 0 0.0186763796807665 
94 0 0.0204597991227181 
95 0 0.0219482248864084 
96 0 0.0236428747055981 
97 0 0.025573060318456 
98 0 0.0275915771331635 
99 0 0.029689763681493 
100 0 0.0318616825826767 
101 0 0.0340958814241545 
102 0 0.0363846565472528 
103 0 0.0387129653987789 
104 0 0.0410706364661916 
105 0 0.0434435765700578 
106 0 0.0458174562977339 
107 0 0.0481791989645355 
108 0 0.0505157907139477 
109 0 0.0528144076766854 
110 0 0.0550625736763447 
111 0 0.0833333333333333 

death 1 M single 
1 0 0.00163291913850461 
2 0 0.000109232267063164 
3 0 0.0000758649805536749 
4 0 0.0000608536966506534 
5 0 0.0000516813544294559 
6 0 0.0000483461867075707 
7 0 0.0000400088026996093 
8 0 0.0000416762183291786 
9 0 0.0000350067393084519 
10 0 0.0000358403974268784 
11 0 0.0000341730888351321 
12 0 0.0000333394460065861 
13 0 0.0000391751063537615 
14 0 0.0000475124138960004 
15 0 0.0000600198091127435 
16 0 0.0000775330540162544 
17 0 0.000111735307382288 
18 0 0.000135934917957492 
19 0 0.000174333726933429 
20 0 0.000173498797702898 
21 0 0.000180178446304025 
22 0 0.000189363764725003 
23 0 0.000187693637785924 
24 0 0.000186858585824345 
25 0 0.000172663876141788 
26 0 0.000174333726933429 
27 0 0.000162645415570539 
28 0 0.000165149927191854 
29 0 0.000177673520552979 
30 0 0.000171828962249876 
31 0 0.000170994056027163 
32 0 0.000170994056027163 
33 0 0.000190198839702838 
34 0 0.000197714859778153 
35 0 0.000200220337924772 
36 0 0.000219431298580264 
37 0 0.000229456020658048 
38 0 0.000251180045748089 
39 0 0.000274580958229742 
40 0 0.000292135597524501 
41 0 0.000318055787721261 
42 0 0.000336455247325729 
43 0 0.000377449255310913 
44 0 0.000412601701002879 
45 0 0.000436881566365344 
46 0 0.000510598136479801 
47 0 0.00055837830375205 
48 0 0.000604505805596012 
49 0 0.00067080267712083 
50 0 0.000713627635436254 
51 0 0.000790090981221403 
52 0 0.000839700532605847 
53 0 0.000924688301303211 
54 0 0.000981952616601722 
55 0 0.00108899893379788 
56 0 0.00121981722963493 
57 0 0.00134659528935799 
58 0 0.00148202064038894 
59 0 0.00160068378429679 
60 0 0.00175432858176916 
61 0 0.00196697385238198 
62 0 0.00202234334987716 
63 0 0.00227149792164938 
64 0 0.00238692100342874 
65 0 0.00253590554653815 
66 0 0.00286212767542182 
67 0 0.00299897500900392 
68 0 0.00326983544615078 
69 0 0.00351118563414554 
70 0 0.00384355222202537 
71 0 0.00435532901699398 
72 0 0.00437806420421283 
73 0 0.00515095086890105 
74 0 0.00522507283270834 
75 0 0.00550357256787881 
76 0 0.00632995837417882 
77 0 0.00661188932179646 
78 0 0.00719644875743575 
79 0 0.00745123984902762 
80 0 0.00810505309856135 
81 0 0.00908461426771856 
82 0 0.00959370462148912 
83 0 0.0104548749374004 
84 0 0.0114529201516663 
85 0 0.0125435213046619 
86 0 0.0135158052033119 
87 0 0.0143286371898312 
88 0 0.0156976491678973 
89 0 0.016582692619095 
90 0 0.018210028189978 
91 0 0.0195491312360141 
92 0 0.0208245887155986 
93 0 0.0223298643833733 
94 0 0.0257094608594498 
95 0 0.0245627196525314 
96 0 0.0271325049453691 
97 0 0.0288566860827946 
98 0 0.0306339845761816 
99 0 0.0324586485589362 
100 0 0.0343256393512933 
101 0 0.0362281976999773 
102 0 0.0381602034740075 
103 0 0.0401136360191604 
104 0 0.0420810399691269 
105 0 0.0440542437530151 
106 0 0.0460271032823126 
107 0 0.0479914784231742 
108 0 0.0499370376847348 
109 0 0.0518600438707566 
110 0 0.0537503885064629 
111 0 0.0833333333333333 
