** Period (Monthly) Age-Specific Probabilities of Death for USA in 2017 
* Retrieved from the Human Mortality Database (Life tables), www.mortality.org. 
* Max Planck Institute for Demographic Research (Germany), 
* University of California, Berkeley (USA), 
* and French Institute for Demographic Studies (France) 
* Data downloaded on  30 Mar 2023 17:56:17 CEST 
** NB: The original HMD annual probabilities have been converted into monthly probabilities 
** The open age interval (110+) is limited to one year [110-111) 

death 1 F single 
1 0 0.000431857613657716 
2 0 0.0000283377495704507 
3 0 0.0000175016846010179 
4 0 0.0000133343112110884 
5 0 0.0000116674153447516 
6 0 0.00000916712885190574 
7 0 0.00000916712885190574 
8 0 0.00000916712885190574 
9 0 0.00000833371530217786 
10 0 0.00000833371530217786 
11 0 0.00000833371530217786 
12 0 0.00000916712885190574 
13 0 0.00000916712885190574 
14 0 0.0000108339788730261 
15 0 0.0000141677706060328 
16 0 0.0000175016846010179 
17 0 0.0000208357208674181 
18 0 0.0000225027848553827 
19 0 0.0000300049511388067 
20 0 0.0000325058108229248 
21 0 0.0000358403974268784 
22 0 0.0000408425066913409 
23 0 0.0000425099376131222 
24 0 0.0000458448912142861 
25 0 0.0000466786487315352 
26 0 0.0000516813544294559 
27 0 0.0000500137552731372 
28 0 0.0000591859292243813 
29 0 0.000064189323299324 
30 0 0.0000625214946752273 
31 0 0.0000683590287403613 
32 0 0.0000725289254539518 
33 0 0.0000775330540162544 
34 0 0.0000842056539793745 
35 0 0.000087542137645058 
36 0 0.0000917129144495377 
37 0 0.0000942154723914124 
38 0 0.000103392107678624 
39 0 0.000100889297087292 
40 0 0.000114238416628387 
41 0 0.000120913711624038 
42 0 0.000125920504593591 
43 0 0.000138438693701781 
44 0 0.000146785110982983 
45 0 0.000152628059122195 
46 0 0.000168489383372439 
47 0 0.00018602354153463 
48 0 0.000202725885138699 
49 0 0.000215254657358166 
50 0 0.000236139783039269 
51 0 0.000262879748837208 
52 0 0.000286283674331145 
53 0 0.000310529809604554 
54 0 0.00033561882743316 
55 0 0.000368244908993565 
56 0 0.000404230837609543 
57 0 0.000431857613657716 
58 0 0.000474570068058955 
59 0 0.000503056195808371 
60 0 0.000541610471264886 
61 0 0.000585213273956109 
62 0 0.000621285250725911 
63 0 0.000656532175948188 
64 0 0.000711107961330448 
65 0 0.00076655694206218 
66 0 0.000827085366010505 
67 0 0.000869142736635187 
68 0 0.000939842989034045 
69 0 0.00104683965365604 
70 0 0.00115480651896849 
71 0 0.00125191759933518 
72 0 0.00136097464454166 
73 0 0.00152014545015167 
74 0 0.00168808511548935 
75 0 0.00186399131291437 
76 0 0.00204961459734698 
77 0 0.00222878587983211 
78 0 0.00246223891648489 
79 0 0.00275554716753812 
80 0 0.00306618327884667 
81 0 0.00341335700310685 
82 0 0.00378184640839352 
83 0 0.00427230665907052 
84 0 0.00476719541287562 
85 0 0.00535846884470281 
86 0 0.00612822486588727 
87 0 0.00711618507132472 
88 0 0.00809047230477278 
89 0 0.00898148406390975 
90 0 0.0100917133480586 
91 0 0.0115409324621184 
92 0 0.0129561767351035 
93 0 0.0146672174666296 
94 0 0.0161580147735069 
95 0 0.0181712753481548 
96 0 0.020090246956399 
97 0 0.0222487088347509 
98 0 0.0245506695960666 
99 0 0.0269905174719498 
100 0 0.0295551997348045 
101 0 0.0322313240914529 
102 0 0.0350000444859256 
103 0 0.0378424438852312 
104 0 0.0407355438804486 
105 0 0.0436543715406001 
106 0 0.0465731612599415 
107 0 0.0494669097703616 
108 0 0.0523118229844522 
109 0 0.0550858833062811 
110 0 0.0577663182254416 
111 0 0.0833333333333333 

death 1 M single 
1 0 0.000521493156080077 
2 0 0.0000358403974268784 
3 0 0.0000233363283135279 
4 0 0.0000183351822042876 
5 0 0.0000133343112110884 
6 0 0.000012500859457365 
7 0 0.0000100005500421885 
8 0 0.0000108339788730261 
9 0 0.0000100005500421885 
10 0 0.00000916712885190574 
11 0 0.0000116674153447516 
12 0 0.0000116674153447516 
13 0 0.0000150012376423092 
14 0 0.0000166681946396352 
15 0 0.0000225027848553827 
16 0 0.0000316721832838152 
17 0 0.0000450111413439203 
18 0 0.0000541828105240505 
19 0 0.0000775330540162544 
20 0 0.0000942154723914124 
21 0 0.000100055042203562 
22 0 0.000108397935606575 
23 0 0.000115072801694871 
24 0 0.000122582611971733 
25 0 0.000129258519792286 
26 0 0.000133431211178481 
27 0 0.000140107915847287 
28 0 0.00014344645210207 
29 0 0.000148454486411209 
30 0 0.000150958607041618 
31 0 0.000150123892499576 
32 0 0.000157636599346866 
33 0 0.000165149927191854 
34 0 0.000170159157473537 
35 0 0.000175168663833603 
36 0 0.000178508488132945 
37 0 0.00018435347596979 
38 0 0.000190198839702838 
39 0 0.000193539216339467 
40 0 0.000203561082892323 
41 0 0.000212748764747639 
42 0 0.000216925290815517 
43 0 0.000223608131741049 
44 0 0.000236975287897678 
45 0 0.000251180045748089 
46 0 0.000284611765482445 
47 0 0.000299660052488715 
48 0 0.000325582389131607 
49 0 0.000340637462264981 
50 0 0.000374102112419727 
51 0 0.00041343882975442 
52 0 0.00046116792092632 
53 0 0.000493001248598079 
54 0 0.00054915561294655 
55 0 0.000598633731846654 
56 0 0.000658210942097504 
57 0 0.000703549358301747 
58 0 0.00076655694206218 
59 0 0.000820357993472354 
60 0 0.000900277732995947 
61 0 0.000970159952704663 
62 0 0.00102913859073595 
63 0 0.00110333754884095 
64 0 0.00119870475277417 
65 0 0.00128149377306619 
66 0 0.00136351241424648 
67 0 0.00142105423040917 
68 0 0.00152268767356534 
69 0 0.00161340689858369 
70 0 0.0017509303044162 
71 0 0.00187845287894173 
72 0 0.00205899098229745 
73 0 0.0022151222731227 
74 0 0.00247593980564687 
75 0 0.00272119307062146 
76 0 0.00292579192838749 
77 0 0.00318434935575707 
78 0 0.00350858704828638 
79 0 0.00384268283407718 
80 0 0.00428890503995782 
81 0 0.00468993723095323 
82 0 0.00518712185709391 
83 0 0.00580514133576837 
84 0 0.00643994099598 
85 0 0.00713241241945417 
86 0 0.00803035143890096 
87 0 0.00907632265540281 
88 0 0.0102530412707648 
89 0 0.0114803556030512 
90 0 0.012928286737859 
91 0 0.0145036389035191 
92 0 0.0160235380451101 
93 0 0.0184040452051542 
94 0 0.0200288037170387 
95 0 0.022257248035478 
96 0 0.0242248440461468 
97 0 0.0265580735363108 
98 0 0.0290097702640959 
99 0 0.0315682690368122 
100 0 0.0342180182337954 
101 0 0.0369414079547313 
102 0 0.0397183972171836 
103 0 0.0425274762008645 
104 0 0.04534551221126 
105 0 0.0481505129871047 
106 0 0.0509205736215952 
107 0 0.053634169783794 
108 0 0.0562705369100271 
109 0 0.0588133773687308 
110 0 0.061248520365733 
111 0 0.0833333333333333 
