** Period (Monthly) Age-Specific Probabilities of Death for USA in 1983 
* Retrieved from the Human Mortality Database (Life tables), www.mortality.org. 
* Max Planck Institute for Demographic Research (Germany), 
* University of California, Berkeley (USA), 
* and French Institute for Demographic Studies (France) 
* Data downloaded on  16 Aug 2023 13:36:56 CEST 
** NB: The original HMD annual probabilities have been converted into monthly probabilities 
** The open age interval (110+) is limited to one year [110-111) 

death 1 F single 
1 0 0.000824562542920404 
2 0 0.0000658571825241649 
3 0 0.0000416762183291786 
4 0 0.0000291713465325749 
5 0 0.0000241698794146705 
6 0 0.0000216692490401238 
7 0 0.0000200022003373768 
8 0 0.0000191686874497776 
9 0 0.0000166681946396352 
10 0 0.0000141677706060328 
11 0 0.0000141677706060328 
12 0 0.0000150012376423092 
13 0 0.0000158347123201397 
14 0 0.0000175016846010179 
15 0 0.0000216692490401238 
16 0 0.0000258370045466139 
17 0 0.0000325058108229248 
18 0 0.0000391751063537615 
19 0 0.0000450111413439203 
20 0 0.0000450111413439203 
21 0 0.0000441773991204375 
22 0 0.0000450111413439203 
23 0 0.0000450111413439203 
24 0 0.0000475124138960004 
25 0 0.0000458448912142861 
26 0 0.0000466786487315352 
27 0 0.0000508475510273554 
28 0 0.0000508475510273554 
29 0 0.0000575181923953005 
30 0 0.0000541828105240505 
31 0 0.0000541828105240505 
32 0 0.0000608536966506534 
33 0 0.0000608536966506534 
34 0 0.000070860943814588 
35 0 0.0000725289254539518 
36 0 0.0000766990134587475 
37 0 0.000080869292772956 
38 0 0.0000967180992323957 
39 0 0.000107563611807859 
40 0 0.000105060686358072 
41 0 0.000120079272940554 
42 0 0.0001367695022092 
43 0 0.000153462796661064 
44 0 0.000165149927191854 
45 0 0.000176838560643211 
46 0 0.000200220337924772 
47 0 0.000216089970248357 
48 0 0.000241988478346333 
49 0 0.000276252682558709 
50 0 0.000292971617312565 
51 0 0.000332273224842417 
52 0 0.00036238808305733 
53 0 0.000395860745241672 
54 0 0.000437718918821939 
55 0 0.000457817692981588 
56 0 0.000508084086699001 
57 0 0.00056089374554491 
58 0 0.000600311428477163 
59 0 0.00068339615762647 
60 0 0.000727067077765264 
61 0 0.000769078154643887 
62 0 0.000850635094370999 
63 0 0.000974371442605482 
64 0 0.00105864227934271 
65 0 0.00106960323401462 
66 0 0.0011877282045385 
67 0 0.00126290191065015 
68 0 0.0013711261490279 
69 0 0.00155489533449815 
70 0 0.00163546452256447 
71 0 0.00184187808080083 
72 0 0.00190823395080175 
73 0 0.00219206960287832 
74 0 0.0024365553271245 
75 0 0.00254533234077636 
76 0 0.00283203177257241 
77 0 0.00308514847190722 
78 0 0.00333205784338175 
79 0 0.00374189042573081 
80 0 0.00413352359128871 
81 0 0.00466712356871235 
82 0 0.00504076266388787 
83 0 0.00595808376368345 
84 0 0.00660471826831399 
85 0 0.00708824480859827 
86 0 0.00789568048515144 
87 0 0.00884079135464733 
88 0 0.00972073229487946 
89 0 0.0105803145440052 
90 0 0.0117921940653964 
91 0 0.0130312342531661 
92 0 0.0140701823443027 
93 0 0.0156837656555042 
94 0 0.0175697092406434 
95 0 0.0187697379085384 
96 0 0.0203145095906009 
97 0 0.0220887505190612 
98 0 0.023961125219395 
99 0 0.0259272495674745 
100 0 0.0279812804334 
101 0 0.0301168534573845 
102 0 0.0323245757002784 
103 0 0.0345952708081422 
104 0 0.0369161960066205 
105 0 0.0392783099694052 
106 0 0.0416648239731927 
107 0 0.0440638195510042 
108 0 0.0464605801389861 
109 0 0.0488401699313231 
110 0 0.0511919828783145 
111 0 0.0833333333333333 

death 1 M single 
1 0 0.00102155347695898 
2 0 0.0000775330540162544 
3 0 0.0000550166445189015 
4 0 0.0000441773991204375 
5 0 0.0000350067393084519 
6 0 0.0000300049511388067 
7 0 0.0000258370045466139 
8 0 0.0000258370045466139 
9 0 0.0000241698794146705 
10 0 0.0000216692490401238 
11 0 0.0000216692490401238 
12 0 0.0000225027848553827 
13 0 0.0000266705785775256 
14 0 0.0000316721832838152 
15 0 0.0000391751063537615 
16 0 0.0000516813544294559 
17 0 0.0000741969376999441 
18 0 0.0000958838826297104 
19 0 0.000120913711624038 
20 0 0.000129258519792286 
21 0 0.000128424004500527 
22 0 0.000133431211178481 
23 0 0.000135100341368544 
24 0 0.000140942538415234 
25 0 0.000132596657577144 
26 0 0.000135934917957492 
27 0 0.000137604094123889 
28 0 0.000138438693701781 
29 0 0.000145950434766062 
30 0 0.0001367695022092 
31 0 0.000141777168646939 
32 0 0.000149289185622847 
33 0 0.000155132294736626 
34 0 0.000160975779494144 
35 0 0.000155132294736626 
36 0 0.000162645415570539 
37 0 0.000162645415570539 
38 0 0.000187693637785924 
39 0 0.000206066722202247 
40 0 0.000210242941224514 
41 0 0.000223608131741049 
42 0 0.000257865405948854 
43 0 0.000271237601818131 
44 0 0.000301332238197172 
45 0 0.000313874611824527 
46 0 0.000350675563450809 
47 0 0.000390002139264989 
48 0 0.000435206884600192 
49 0 0.000501380294002152 
50 0 0.000520655031266859 
51 0 0.000582697158779455 
52 0 0.000660729149487893 
53 0 0.000711107961330448 
54 0 0.000799338165023977 
55 0 0.000841382687202019 
56 0 0.000968475411424863 
57 0 0.00106538732565109 
58 0 0.00113539675973473 
59 0 0.00129079113213082 
60 0 0.00134997846215734 
61 0 0.00146169395388873 
62 0 0.00158711442792536 
63 0 0.00182487156848543 
64 0 0.00196441915270618 
65 0 0.00201041475637043 
66 0 0.00223818080351568 
67 0 0.00240317753162078 
68 0 0.00266110470671721 
69 0 0.00295247538363563 
70 0 0.00320851906201747 
71 0 0.00348693506442266 
72 0 0.0036984799935379 
73 0 0.00410736194833272 
74 0 0.00451284368531413 
75 0 0.00477246541928245 
76 0 0.00524802766285171 
77 0 0.00567108512026682 
78 0 0.00604266887497806 
79 0 0.00658500080681734 
80 0 0.00718472039584861 
81 0 0.0079511623971158 
82 0 0.0084282578477537 
83 0 0.00949554326533608 
84 0 0.0103753956107232 
85 0 0.0109341718606019 
86 0 0.0118871926825121 
87 0 0.0128821430230706 
88 0 0.0142300438315841 
89 0 0.0148094894430869 
90 0 0.0162407935376809 
91 0 0.0178770990220823 
92 0 0.0184797240096398 
93 0 0.0200433796343915 
94 0 0.0221750922587368 
95 0 0.0235540120074867 
96 0 0.0248700010425019 
97 0 0.0265311858461297 
98 0 0.0282527003213998 
99 0 0.0300294052121954 
100 0 0.0318569231465614 
101 0 0.0337280560466466 
102 0 0.0356386731186532 
103 0 0.037580428220585 
104 0 0.0395467720228048 
105 0 0.0415305123462367 
106 0 0.0435223948655964 
107 0 0.0455150608710083 
108 0 0.0475004624084437 
109 0 0.0494712780591617 
110 0 0.0514180667726455 
111 0 0.0833333333333333 
