** Period (Monthly) Age-Specific Probabilities of Death for USA in 1985 
* Retrieved from the Human Mortality Database (Life tables), www.mortality.org. 
* Max Planck Institute for Demographic Research (Germany), 
* University of California, Berkeley (USA), 
* and French Institute for Demographic Studies (France) 
* Data downloaded on  31 Mar 2023 06:30:59 CEST 
** NB: The original HMD annual probabilities have been converted into monthly probabilities 
** The open age interval (110+) is limited to one year [110-111) 

death 1 F single 
1 0 0.000790931595396116 
2 0 0.0000608536966506534 
3 0 0.0000400088026996093 
4 0 0.0000266705785775256 
5 0 0.0000216692490401238 
6 0 0.0000216692490401238 
7 0 0.0000200022003373768 
8 0 0.0000166681946396352 
9 0 0.0000150012376423092 
10 0 0.0000150012376423092 
11 0 0.000012500859457365 
12 0 0.0000150012376423092 
13 0 0.0000175016846010179 
14 0 0.0000175016846010179 
15 0 0.0000225027848553827 
16 0 0.0000283377495704507 
17 0 0.0000358403974268784 
18 0 0.0000391751063537615 
19 0 0.0000458448912142861 
20 0 0.0000433436645435048 
21 0 0.0000408425066913409 
22 0 0.0000433436645435048 
23 0 0.0000450111413439203 
24 0 0.0000441773991204375 
25 0 0.0000458448912142861 
26 0 0.0000466786487315352 
27 0 0.0000475124138960004 
28 0 0.0000508475510273554 
29 0 0.0000550166445189015 
30 0 0.0000516813544294559 
31 0 0.000055850486162301 
32 0 0.000061687591838111 
33 0 0.0000691929927806312 
34 0 0.0000725289254539518 
35 0 0.0000725289254539518 
36 0 0.000080869292772956 
37 0 0.0000858738805041837 
38 0 0.0000867080052475711 
39 0 0.000102557829824601 
40 0 0.000107563611807859 
41 0 0.000117576002849673 
42 0 0.000134265772442244 
43 0 0.000145115766213677 
44 0 0.000160140972956802 
45 0 0.000171828962249876 
46 0 0.000193539216339467 
47 0 0.000209407682068785 
48 0 0.000234468796364018 
49 0 0.000281268040052463 
50 0 0.000286283674331145 
51 0 0.000317219537152469 
52 0 0.00035485843287919 
53 0 0.000397534702040403 
54 0 0.000422647755037864 
55 0 0.000452792582654515 
56 0 0.000502218241041352 
57 0 0.000540772160864456 
58 0 0.000596117244986538 
59 0 0.000681716926024034 
60 0 0.000710268085491905 
61 0 0.000795134782960893 
62 0 0.000851476269031703 
63 0 0.000959210992842352 
64 0 0.00102492456042524 
65 0 0.00108056551182911 
66 0 0.00122488495463424 
67 0 0.00126205691644521 
68 0 0.00136943415278279 
69 0 0.00150828268221803 
70 0 0.00162952540413153 
71 0 0.00181466919077067 
72 0 0.00197378673654436 
73 0 0.00218182585187965 
74 0 0.0023655352733617 
75 0 0.0025607601182841 
76 0 0.00284406893471856 
77 0 0.00307480332916621 
78 0 0.0034012439931701 
79 0 0.00372018260881857 
80 0 0.00408730980715788 
81 0 0.00466975562081884 
82 0 0.00515447910903255 
83 0 0.00570657734704128 
84 0 0.00625046087030123 
85 0 0.00733278997290299 
86 0 0.00808318279191145 
87 0 0.00877833170911912 
88 0 0.00970867087440086 
89 0 0.0106515372167231 
90 0 0.0118938463495762 
91 0 0.0131555057990197 
92 0 0.0141978536566709 
93 0 0.0160812884624082 
94 0 0.0176325214352036 
95 0 0.0192865108892992 
96 0 0.0206472484658839 
97 0 0.0224752753141921 
98 0 0.0244040093113159 
99 0 0.0264293108315116 
100 0 0.0285432897874777 
101 0 0.0307408304412672 
102 0 0.0330102531514685 
103 0 0.0353410579530093 
104 0 0.0377227859832234 
105 0 0.0401384797109031 
106 0 0.0425758769938156 
107 0 0.0450212363035384 
108 0 0.0474591956121394 
109 0 0.049872645484254 
110 0 0.0522501454421131 
111 0 0.0833333333333333 

death 1 M single 
1 0 0.0010131263157136 
2 0 0.0000733629277510639 
3 0 0.0000508475510273554 
4 0 0.0000383414176537977 
5 0 0.0000325058108229248 
6 0 0.0000258370045466139 
7 0 0.0000258370045466139 
8 0 0.0000216692490401238 
9 0 0.0000233363283135279 
10 0 0.0000225027848553827 
11 0 0.0000216692490401238 
12 0 0.0000225027848553827 
13 0 0.0000258370045466139 
14 0 0.0000333394460065861 
15 0 0.0000408425066913409 
16 0 0.0000533489841776369 
17 0 0.0000775330540162544 
18 0 0.0000925470927749528 
19 0 0.000120913711624038 
20 0 0.000125086019946985 
21 0 0.000125086019946985 
22 0 0.000138438693701781 
23 0 0.000135934917957492 
24 0 0.000139273300942766 
25 0 0.000135934917957492 
26 0 0.000138438693701781 
27 0 0.000134265772442244 
28 0 0.000137604094123889 
29 0 0.000150123892499576 
30 0 0.000140107915847287 
31 0 0.000150958607041618 
32 0 0.000155132294736626 
33 0 0.000162645415570539 
34 0 0.000169324266588666 
35 0 0.000166819639945581 
36 0 0.000178508488132945 
37 0 0.000189363764725003 
38 0 0.000202725885138699 
39 0 0.000208572430588916 
40 0 0.000209407682068785 
41 0 0.000231126915174573 
42 0 0.000257865405948854 
43 0 0.000286283674331145 
44 0 0.000296315773371636 
45 0 0.000319728311943712 
46 0 0.000355695029868763 
47 0 0.000390002139264989 
48 0 0.00041678742188056 
49 0 0.000487974192214247 
50 0 0.000501380294002152 
51 0 0.000569279054520644 
52 0 0.000645620952050785 
53 0 0.000705228993514995 
54 0 0.000768237742674871 
55 0 0.000811949478391027 
56 0 0.000944053073315909 
57 0 0.000998801935992111 
58 0 0.00110418106729526 
59 0 0.00128487452075166 
60 0 0.00132460773866772 
61 0 0.00148879721415729 
62 0 0.00158965852772508 
63 0 0.00177132187762086 
64 0 0.00187930363107702 
65 0 0.00201041475637043 
66 0 0.00225099363148817 
67 0 0.00235270625544093 
68 0 0.00255733149643333 
69 0 0.0028148385988237 
70 0 0.00308169995978314 
71 0 0.00345749666862505 
72 0 0.00371410535232763 
73 0 0.00408207954412232 
74 0 0.00438068786256474 
75 0 0.00469871324826776 
76 0 0.00510685947673939 
77 0 0.0055088856590072 
78 0 0.00606850537527071 
79 0 0.00655812029508707 
80 0 0.00707202539816265 
81 0 0.00796481072025479 
82 0 0.008561895226185 
83 0 0.00935034966792447 
84 0 0.010116872654683 
85 0 0.0111903423224831 
86 0 0.0120441603834665 
87 0 0.0127716867962417 
88 0 0.0139874393574603 
89 0 0.0156064540646845 
90 0 0.0165636638885828 
91 0 0.0177349392245797 
92 0 0.0189958436031813 
93 0 0.021401018297966 
94 0 0.022648796485486 
95 0 0.0243559050472941 
96 0 0.025547577819287 
97 0 0.0272882770316711 
98 0 0.029091600713154 
99 0 0.0309513786194789 
100 0 0.0328620978133615 
101 0 0.0348164961646741 
102 0 0.0368078672798277 
103 0 0.0388288338553773 
104 0 0.040869953919225 
105 0 0.0429235393071606 
106 0 0.0449811324980027 
107 0 0.0470334475937192 
108 0 0.0490703168957846 
109 0 0.0510850969962693 
110 0 0.053069081469499 
111 0 0.0833333333333333 
