** Period (Monthly) Age-Specific Probabilities of Death for USA in 1981 
* Retrieved from the Human Mortality Database (Life tables), www.mortality.org. 
* Max Planck Institute for Demographic Research (Germany), 
* University of California, Berkeley (USA), 
* and French Institute for Demographic Studies (France) 
* Data downloaded on  31 Mar 2023 06:10:12 CEST 
** NB: The original HMD annual probabilities have been converted into monthly probabilities 
** The open age interval (110+) is limited to one year [110-111) 

death 1 F single 
1 0 0.000886812641038404 
2 0 0.000070860943814588 
3 0 0.0000458448912142861 
4 0 0.0000333394460065861 
5 0 0.0000250034381590325 
6 0 0.0000233363283135279 
7 0 0.0000216692490401238 
8 0 0.0000191686874497776 
9 0 0.0000191686874497776 
10 0 0.0000150012376423092 
11 0 0.0000141677706060328 
12 0 0.0000158347123201397 
13 0 0.0000191686874497776 
14 0 0.0000191686874497776 
15 0 0.0000233363283135279 
16 0 0.0000275041602521009 
17 0 0.0000366740631904117 
18 0 0.0000441773991204375 
19 0 0.0000475124138960004 
20 0 0.0000491799671665794 
21 0 0.0000458448912142861 
22 0 0.0000475124138960004 
23 0 0.0000508475510273554 
24 0 0.0000516813544294559 
25 0 0.0000516813544294559 
26 0 0.0000516813544294559 
27 0 0.0000550166445189015 
28 0 0.0000533489841776369 
29 0 0.0000608536966506534 
30 0 0.0000591859292243813 
31 0 0.0000625214946752273 
32 0 0.0000608536966506534 
33 0 0.0000700269644720031 
34 0 0.0000741969376999441 
35 0 0.0000741969376999441 
36 0 0.0000833715521976197 
37 0 0.0000925470927749528 
38 0 0.0000992207949763735 
39 0 0.000112569669472262 
40 0 0.000118410418553538 
41 0 0.000128424004500527 
42 0 0.000146785110982983 
43 0 0.000163480245109926 
44 0 0.000174333726933429 
45 0 0.000187693637785924 
46 0 0.000219431298580264 
47 0 0.000238646320656399 
48 0 0.000248673162449031 
49 0 0.000301332238197172 
50 0 0.00030718513048289 
51 0 0.00033561882743316 
52 0 0.000385817651945008 
53 0 0.00041176457996317 
54 0 0.000441068405811706 
55 0 0.000472057014896388 
56 0 0.00053322771529607 
57 0 0.000590245713359194 
58 0 0.000606183610663558 
59 0 0.000667444710466092 
60 0 0.000720347108071118 
61 0 0.000785047459526789 
62 0 0.000882605209140075 
63 0 0.00096679090138907 
64 0 0.00101565438198004 
65 0 0.00105948538273426 
66 0 0.00119701596667587 
67 0 0.00131277049356737 
68 0 0.00142105423040917 
69 0 0.00151082457340934 
70 0 0.00162867699036584 
71 0 0.0018129689059988 
72 0 0.00196271605955067 
73 0 0.00218524030701328 
74 0 0.00242029281526035 
75 0 0.00253076407179798 
76 0 0.00285352782640969 
77 0 0.00314206787527338 
78 0 0.00338134756335973 
79 0 0.0037123690682257 
80 0 0.00397840836545527 
81 0 0.00490167656244367 
82 0 0.00539030093928283 
83 0 0.00585757498627548 
84 0 0.00646052172227474 
85 0 0.00719013329643259 
86 0 0.00807042756216092 
87 0 0.008938241351651 
88 0 0.00983957726622953 
89 0 0.0108721227355009 
90 0 0.0117969416110817 
91 0 0.0131526138071891 
92 0 0.0145144043552218 
93 0 0.0159131195392124 
94 0 0.017386590468039 
95 0 0.018652799104404 
96 0 0.0203030219723637 
97 0 0.0220461435335131 
98 0 0.0238839016562288 
99 0 0.0258116215192997 
100 0 0.0278254201864091 
101 0 0.0299187617850011 
102 0 0.0320820882211836 
103 0 0.0343072855127967 
104 0 0.0365840768501071 
105 0 0.0388997180674789 
106 0 0.0412439645593864 
107 0 0.0435999238953271 
108 0 0.0459585628541544 
109 0 0.0483026571517111 
110 0 0.050621973262684 
111 0 0.0833333333333333 

death 1 M single 
1 0 0.00109658968326509 
2 0 0.0000825374580692984 
3 0 0.0000591859292243813 
4 0 0.0000433436645435048 
5 0 0.0000391751063537615 
6 0 0.0000316721832838152 
7 0 0.0000308385633891461 
8 0 0.0000275041602521009 
9 0 0.0000283377495704507 
10 0 0.0000241698794146705 
11 0 0.0000241698794146705 
12 0 0.0000258370045466139 
13 0 0.0000291713465325749 
14 0 0.0000350067393084519 
15 0 0.0000400088026996093 
16 0 0.0000550166445189015 
17 0 0.0000817033715945215 
18 0 0.000108397935606575 
19 0 0.000141777168646939 
20 0 0.000142611806542514 
21 0 0.000148454486411209 
22 0 0.000158471382883385 
23 0 0.00015930617408666 
24 0 0.0001542975418658 
25 0 0.000158471382883385 
26 0 0.000160140972956802 
27 0 0.000152628059122195 
28 0 0.000155967055273654 
29 0 0.000165984779734729 
30 0 0.000155132294736626 
31 0 0.000158471382883385 
32 0 0.00015930617408666 
33 0 0.000160140972956802 
34 0 0.000160975779494144 
35 0 0.000161810593698575 
36 0 0.000170994056027163 
37 0 0.00019103392235309 
38 0 0.000197714859778153 
39 0 0.000218595954981304 
40 0 0.000225278918752347 
41 0 0.000246166348294219 
42 0 0.000279596223468848 
43 0 0.000295479722820513 
44 0 0.000315547059099419 
45 0 0.000343146883615142 
46 0 0.0003908390598516 
47 0 0.000425996686536201 
48 0 0.000478758644453348 
49 0 0.000539095563266923 
50 0 0.000557539838629828 
51 0 0.000627158788727766 
52 0 0.000690113394445802 
53 0 0.000764035799453722 
54 0 0.00082540347616511 
55 0 0.000915428347907032 
56 0 0.00101986798215004 
57 0 0.00109152911312016 
58 0 0.00118012983298654 
59 0 0.00129924410299831 
60 0 0.00139227876327208 
61 0 0.00149133855975192 
62 0 0.00165583016534587 
63 0 0.00183337442623321 
64 0 0.00199082118545224 
65 0 0.00209394786626049 
66 0 0.00232021419607886 
67 0 0.00257361860497496 
68 0 0.00275898329332724 
69 0 0.0029851948550691 
70 0 0.00316363759429239 
71 0 0.00355797293079652 
72 0 0.00382355841050397 
73 0 0.00406377600251717 
74 0 0.00460397727538631 
75 0 0.00478739877132783 
76 0 0.00519241638609014 
77 0 0.00570568987150533 
78 0 0.00609613187502611 
79 0 0.0065608079862558 
80 0 0.0068929047410432 
81 0 0.00812237085399803 
82 0 0.0087269268416742 
83 0 0.00922107481078016 
84 0 0.0102138483598733 
85 0 0.0109463987071795 
86 0 0.0118776882986981 
87 0 0.0130090953800323 
88 0 0.0139086611667362 
89 0 0.0150307047240872 
90 0 0.0164035823945109 
91 0 0.0169902776356189 
92 0 0.0187605003223329 
93 0 0.0202998892427102 
94 0 0.0220120726407436 
95 0 0.0235258545950426 
96 0 0.0246591791000531 
97 0 0.026289563514121 
98 0 0.027977864489756 
99 0 0.0297199527473017 
100 0 0.0315125478890849 
101 0 0.0333496616669599 
102 0 0.0352247667410229 
103 0 0.0371332564093313 
104 0 0.0390661997390156 
105 0 0.0410177804667731 
106 0 0.0429802671976711 
107 0 0.0449451931045833 
108 0 0.0469047165712332 
109 0 0.0488531807741344 
110 0 0.0507800140510086 
111 0 0.0833333333333333 
