** Period (Monthly) Age-Specific Probabilities of Death for USA in 1953 
* Retrieved from the Human Mortality Database (Life tables), www.mortality.org. 
* Max Planck Institute for Demographic Research (Germany), 
* University of California, Berkeley (USA), 
* and French Institute for Demographic Studies (France) 
* Data downloaded on  30 Mar 2023 17:43:03 CEST 
** NB: The original HMD annual probabilities have been converted into monthly probabilities 
** The open age interval (110+) is limited to one year [110-111) 

death 1 F single 
1 0 0.00218780123271023 
2 0 0.000164315082316957 
3 0 0.0000933812787555777 
4 0 0.0000750309553007034 
5 0 0.0000600198091127435 
6 0 0.0000483461867075707 
7 0 0.0000383414176537977 
8 0 0.0000400088026996093 
9 0 0.0000350067393084519 
10 0 0.0000300049511388067 
11 0 0.0000266705785775256 
12 0 0.0000291713465325749 
13 0 0.0000325058108229248 
14 0 0.0000366740631904117 
15 0 0.0000408425066913409 
16 0 0.0000475124138960004 
17 0 0.0000541828105240505 
18 0 0.0000583520569852336 
19 0 0.0000608536966506534 
20 0 0.0000658571825241649 
21 0 0.0000658571825241649 
22 0 0.0000658571825241649 
23 0 0.0000675250723508602 
24 0 0.0000683590287403613 
25 0 0.0000725289254539518 
26 0 0.0000775330540162544 
27 0 0.0000800352216044908 
28 0 0.0000833715521976197 
29 0 0.0000917129144495377 
30 0 0.0000967180992323957 
31 0 0.000100889297087292 
32 0 0.000106729295667018 
33 0 0.00011590719442045 
34 0 0.000125086019946985 
35 0 0.000134265772442244 
36 0 0.000145115766213677 
37 0 0.000155967055273654 
38 0 0.000168489383372439 
39 0 0.00018435347596979 
40 0 0.000202725885138699 
41 0 0.000224443521407491 
42 0 0.000247001945330005 
43 0 0.000269565969733043 
44 0 0.000288791595274951 
45 0 0.00030885745465703 
46 0 0.000329764103723651 
47 0 0.000359041494845114 
48 0 0.000390002139264989 
49 0 0.000422647755037864 
50 0 0.000477083190726146 
51 0 0.000528198432916849 
52 0 0.000574310611397011 
53 0 0.000617090098907869 
54 0 0.000669963173820953 
55 0 0.000727907108930337 
56 0 0.000778323199503439 
57 0 0.00083213122240744 
58 0 0.000889337193732631 
59 0 0.000938159009963635 
60 0 0.00100048703987399 
61 0 0.00109827660265127 
62 0 0.00121137164979634 
63 0 0.00133306385875753 
64 0 0.00146000026878323 
65 0 0.00160492462422668 
66 0 0.0017670732553261 
67 0 0.00192185141131418 
68 0 0.00206154834638872 
69 0 0.00224245154507463 
70 0 0.00244083542025042 
71 0 0.00271432381309633 
72 0 0.00302481844596947 
73 0 0.00340903074221577 
74 0 0.00378358402496781 
75 0 0.00423300684055328 
76 0 0.00463028287588019 
77 0 0.00505838375837186 
78 0 0.00552571250779033 
79 0 0.00604979544756412 
80 0 0.00665761817882671 
81 0 0.00714503570749814 
82 0 0.00789749902315939 
83 0 0.00865720996139319 
84 0 0.00946408020072209 
85 0 0.0106759158212789 
86 0 0.011876737915623 
87 0 0.012764967761097 
88 0 0.0137484008951932 
89 0 0.0145016816876394 
90 0 0.0152761550613659 
91 0 0.0183866685960771 
92 0 0.0180632641563586 
93 0 0.0205676128246641 
94 0 0.0225031015739922 
95 0 0.0232221064154113 
96 0 0.0249888090803421 
97 0 0.02676897691012 
98 0 0.0286166602313358 
99 0 0.030526096108122 
100 0 0.0324921987287586 
101 0 0.0345057103371783 
102 0 0.036560222851334 
103 0 0.0386473747373695 
104 0 0.0407566141126544 
105 0 0.042880342868938 
106 0 0.0450074053123617 
107 0 0.0471297672317764 
108 0 0.0492342537136866 
109 0 0.0513153631236318 
110 0 0.0533625861441543 
111 0 0.0833333333333333 

death 1 M single 
1 0 0.00285008811523291 
2 0 0.000194374329680724 
3 0 0.000115072801694871 
4 0 0.0000900445807636707 
5 0 0.0000716949308086079 
6 0 0.000061687591838111 
7 0 0.0000516813544294559 
8 0 0.0000575181923953005 
9 0 0.0000525151654794387 
10 0 0.0000475124138960004 
11 0 0.0000425099376131222 
12 0 0.0000475124138960004 
13 0 0.0000541828105240505 
14 0 0.0000633554051622243 
15 0 0.0000750309553007034 
16 0 0.0000917129144495377 
17 0 0.000108397935606575 
18 0 0.000120079272940554 
19 0 0.0001367695022092 
20 0 0.000155967055273654 
21 0 0.000170994056027163 
22 0 0.000177673520552979 
23 0 0.000181013436895361 
24 0 0.000175168663833603 
25 0 0.000169324266588666 
26 0 0.000162645415570539 
27 0 0.000155132294736626 
28 0 0.000151793329249084 
29 0 0.000160975779494144 
30 0 0.000165149927191854 
31 0 0.000167654507824855 
32 0 0.000171828962249876 
33 0 0.000185188504916445 
34 0 0.000194374329680724 
35 0 0.00020523150142393 
36 0 0.00021776061905987 
37 0 0.000231962373952066 
38 0 0.000251180045748089 
39 0 0.000277924437637966 
40 0 0.000308021288723315 
41 0 0.000346492886541427 
42 0 0.000385817651945008 
43 0 0.000427671198569568 
44 0 0.000466193494457423 
45 0 0.000507246085562962 
46 0 0.000553347629078771 
47 0 0.000611217211779147 
48 0 0.000669123678278649 
49 0 0.000726227054367978 
50 0 0.000817835357218133 
51 0 0.000907011027619364 
52 0 0.000992061833112179 
53 0 0.00107297610163104 
54 0 0.00117675298304909 
55 0 0.00129417222603856 
56 0 0.00140412638042042 
57 0 0.00151760329793615 
58 0 0.00163207069301452 
59 0 0.00172799526014733 
60 0 0.00184783111318965 
61 0 0.00202575180753872 
62 0 0.0022168301114075 
63 0 0.00241087900954218 
64 0 0.00260277126072539 
65 0 0.00280882175830421 
66 0 0.00303171127387691 
67 0 0.00324478571314302 
68 0 0.0034176834705949 
69 0 0.00363947517533592 
70 0 0.00384789928696494 
71 0 0.0041562031319845 
72 0 0.00449270152786607 
73 0 0.00490519509238663 
74 0 0.00530720736257528 
75 0 0.00583091000671287 
76 0 0.00628260873875042 
77 0 0.00677069473376213 
78 0 0.00728220231075327 
79 0 0.00788840669977042 
80 0 0.00859854281154115 
81 0 0.00942707889941918 
82 0 0.0102259776748 
83 0 0.0110791198937521 
84 0 0.0118672346378516 
85 0 0.0129859997696178 
86 0 0.0142349221396556 
87 0 0.0161819429286796 
88 0 0.0168103497048839 
89 0 0.0177065344040286 
90 0 0.0186640759937343 
91 0 0.0210644018869575 
92 0 0.0214771709031039 
93 0 0.0237155481327808 
94 0 0.0263677948274242 
95 0 0.025263335996909 
96 0 0.0281100439047992 
97 0 0.0298501162054576 
98 0 0.0316382668202617 
99 0 0.0334707645550792 
100 0 0.0353410579530093 
101 0 0.0372432539075124 
102 0 0.0391696037993692 
103 0 0.0411142668043489 
104 0 0.0430681333451246 
105 0 0.0450253860306016 
106 0 0.0469768389677306 
107 0 0.0489153707262752 
108 0 0.0508347310855272 
109 0 0.0527266592105001 
110 0 0.0545853420574454 
111 0 0.0833333333333333 
