** Period (Monthly) Age-Specific Probabilities of Death for USA in 1977 
* Retrieved from the Human Mortality Database (Life tables), www.mortality.org. 
* Max Planck Institute for Demographic Research (Germany), 
* University of California, Berkeley (USA), 
* and French Institute for Demographic Studies (France) 
* Data downloaded on  06 Apr 2023 08:10:25 PDT 
** NB: The original HMD annual probabilities have been converted into monthly probabilities 
** The open age interval (110+) is limited to one year [110-111) 

death 1 F single 
1 0 0.00104262480191242 
2 0 0.0000783671022263066 
3 0 0.0000516813544294559 
4 0 0.0000366740631904117 
5 0 0.0000325058108229248 
6 0 0.0000266705785775256 
7 0 0.0000225027848553827 
8 0 0.0000208357208674181 
9 0 0.0000216692490401238 
10 0 0.0000191686874497776 
11 0 0.0000183351822042876 
12 0 0.0000200022003373768 
13 0 0.0000191686874497776 
14 0 0.0000225027848553827 
15 0 0.0000250034381590325 
16 0 0.0000341730888351321 
17 0 0.0000425099376131222 
18 0 0.0000475124138960004 
19 0 0.000055850486162301 
20 0 0.0000500137552731372 
21 0 0.0000516813544294559 
22 0 0.0000541828105240505 
23 0 0.0000533489841776369 
24 0 0.0000525151654794387 
25 0 0.0000541828105240505 
26 0 0.0000508475510273554 
27 0 0.0000575181923953005 
28 0 0.00005668433545436 
29 0 0.000061687591838111 
30 0 0.0000625214946752273 
31 0 0.0000625214946752273 
32 0 0.0000716949308086079 
33 0 0.0000766990134587475 
34 0 0.0000775330540162544 
35 0 0.0000842056539793745 
36 0 0.0000925470927749528 
37 0 0.000106729295667018 
38 0 0.000113404039220888 
39 0 0.000127589496870306 
40 0 0.000125920504593591 
41 0 0.000145115766213677 
42 0 0.000165984779734729 
43 0 0.000189363764725003 
44 0 0.000206901950655758 
45 0 0.000216089970248357 
46 0 0.000245330758940732 
47 0 0.000255358338245082 
48 0 0.000285447716062204 
49 0 0.000303840574450209 
50 0 0.000343146883615142 
51 0 0.000384143910967083 
52 0 0.000403393793679041 
53 0 0.000440231022489468 
54 0 0.000471219345953733 
55 0 0.000491325532234299 
56 0 0.00054915561294655 
57 0 0.000591923255105264 
58 0 0.000644781681412243 
59 0 0.000686754713951743 
60 0 0.000744709363691087 
61 0 0.00087755654811561 
62 0 0.000885971139066632 
63 0 0.000981952616601722 
64 0 0.00104768264747956 
65 0 0.00112189676506769 
66 0 0.00121812805082111 
67 0 0.00127980344642931 
68 0 0.00138889401377451 
69 0 0.00147609155330219 
70 0 0.00168384038810621 
71 0 0.0019482410583076 
72 0 0.00205472886900471 
73 0 0.00227747921283927 
74 0 0.00251705489752563 
75 0 0.00278389910095656 
76 0 0.00302481844596947 
77 0 0.00341162647395998 
78 0 0.00358224252753969 
79 0 0.00368980040329869 
80 0 0.0044235517182919 
81 0 0.00500993400635485 
82 0 0.00539737626019565 
83 0 0.00601327770277182 
84 0 0.00678955460094277 
85 0 0.00769405033452031 
86 0 0.00827746738835311 
87 0 0.0091546627780984 
88 0 0.0101550909834175 
89 0 0.0111431973729954 
90 0 0.0123140242181273 
91 0 0.0136552902054103 
92 0 0.014947070268426 
93 0 0.0162238326106368 
94 0 0.0176031360385649 
95 0 0.0192648327694909 
96 0 0.0207983326757889 
97 0 0.0225673492948341 
98 0 0.0244302590018692 
99 0 0.0263823311157801 
100 0 0.0284173265773077 
101 0 0.0305296121279458 
102 0 0.0327105873497996 
103 0 0.0349494995943969 
104 0 0.0372369284667937 
105 0 0.0395597621269885 
106 0 0.0419073748672965 
107 0 0.0442637842409904 
108 0 0.0466168257843308 
109 0 0.0489544431050122 
110 0 0.0512618271244852 
111 0 0.0833333333333333 

death 1 M single 
1 0 0.00132629889967795 
2 0 0.0000933812787555777 
3 0 0.0000675250723508602 
4 0 0.0000508475510273554 
5 0 0.0000391751063537615 
6 0 0.0000400088026996093 
7 0 0.0000366740631904117 
8 0 0.0000300049511388067 
9 0 0.0000308385633891461 
10 0 0.0000291713465325749 
11 0 0.0000258370045466139 
12 0 0.0000300049511388067 
13 0 0.0000333394460065861 
14 0 0.0000391751063537615 
15 0 0.0000508475510273554 
16 0 0.0000658571825241649 
17 0 0.0000950496736826789 
18 0 0.000120079272940554 
19 0 0.000153462796661064 
20 0 0.000161810593698575 
21 0 0.000160140972956802 
22 0 0.000166819639945581 
23 0 0.000173498797702898 
24 0 0.000162645415570539 
25 0 0.000160975779494144 
26 0 0.000158471382883385 
27 0 0.000158471382883385 
28 0 0.000156801823476993 
29 0 0.000155967055273654 
30 0 0.000150958607041618 
31 0 0.000141777168646939 
32 0 0.0001542975418658 
33 0 0.000164315082316957 
34 0 0.000166819639945581 
35 0 0.000170994056027163 
36 0 0.000183518454694553 
37 0 0.000199385170868593 
38 0 0.000216089970248357 
39 0 0.000232797840409416 
40 0 0.000246166348294219 
41 0 0.000251180045748089 
42 0 0.000300496141497075 
43 0 0.000330600469732656 
44 0 0.000364898105095768 
45 0 0.000383307052038151 
46 0 0.000418461764218003 
47 0 0.000464518272397019 
48 0 0.000504732128525753 
49 0 0.000581858469204777 
50 0 0.000642263916014407 
51 0 0.000718667193316147 
52 0 0.000749750646195313 
53 0 0.000845588209988923 
54 0 0.000899436106264195 
55 0 0.000965106422596285 
56 0 0.00108562547102597 
57 0 0.00115143061062351 
58 0 0.00125360740689118 
59 0 0.00134490375023499 
60 0 0.00152522996818139 
61 0 0.00172035153326 
62 0 0.00179256797328964 
63 0 0.00201297075152296 
64 0 0.00215536818142426 
65 0 0.00230055360294479 
66 0 0.00253247786432043 
67 0 0.00267226096356221 
68 0 0.00285782764893283 
69 0 0.0030368812388426 
70 0 0.00342287550431741 
71 0 0.00395751426860491 
72 0 0.00399930728479603 
73 0 0.00447781672701619 
74 0 0.0047496309414905 
75 0 0.00526392288231681 
76 0 0.0055868468904835 
77 0 0.00609791451994179 
78 0 0.00635855885417125 
79 0 0.00632280966883902 
80 0 0.00743585970867322 
81 0 0.00823273571926375 
82 0 0.00878384111313413 
83 0 0.00952146228163919 
84 0 0.0105325519830216 
85 0 0.0113876763502087 
86 0 0.0121041659468218 
87 0 0.0130697496572261 
88 0 0.0142856722922907 
89 0 0.0153156476444565 
90 0 0.0163835923444045 
91 0 0.0176416430073858 
92 0 0.019067906701266 
93 0 0.0212510192216312 
94 0 0.0222230961535328 
95 0 0.0229602696743749 
96 0 0.0247875890440744 
97 0 0.0263968697918519 
98 0 0.0280621630020433 
99 0 0.0297803618936855 
100 0 0.0315457392197156 
101 0 0.0333545025793969 
102 0 0.0352012797924668 
103 0 0.037080203601465 
104 0 0.03898227397245 
105 0 0.0409029291942026 
106 0 0.0428344701383122 
107 0 0.044769856471214 
108 0 0.0466999900587518 
109 0 0.0486192845877985 
110 0 0.0505202123798166 
111 0 0.0833333333333333 
