** Period (Monthly) Age-Specific Probabilities of Death for USA in 1956 
* Retrieved from the Human Mortality Database (Life tables), www.mortality.org. 
* Max Planck Institute for Demographic Research (Germany), 
* University of California, Berkeley (USA), 
* and French Institute for Demographic Studies (France) 
* Data downloaded on  04 Apr 2023 20:02:40 CEST 
** NB: The original HMD annual probabilities have been converted into monthly probabilities 
** The open age interval (110+) is limited to one year [110-111) 

death 1 F single 
1 0 0.00199252480625978 
2 0 0.000146785110982983 
3 0 0.0000800352216044908 
4 0 0.0000575181923953005 
5 0 0.0000525151654794387 
6 0 0.0000458448912142861 
7 0 0.0000391751063537615 
8 0 0.0000325058108229248 
9 0 0.0000283377495704507 
10 0 0.0000241698794146705 
11 0 0.0000275041602521009 
12 0 0.0000275041602521009 
13 0 0.0000266705785775256 
14 0 0.0000275041602521009 
15 0 0.0000325058108229248 
16 0 0.0000391751063537615 
17 0 0.0000458448912142861 
18 0 0.0000491799671665794 
19 0 0.0000525151654794387 
20 0 0.00005668433545436 
21 0 0.0000575181923953005 
22 0 0.0000591859292243813 
23 0 0.0000633554051622243 
24 0 0.000064189323299324 
25 0 0.0000658571825241649 
26 0 0.0000675250723508602 
27 0 0.0000700269644720031 
28 0 0.0000725289254539518 
29 0 0.000079201158088904 
30 0 0.0000858738805041837 
31 0 0.0000917129144495377 
32 0 0.000097552323490957 
33 0 0.000105894987183719 
34 0 0.000111735307382288 
35 0 0.000116741594805347 
36 0 0.000126754996901401 
37 0 0.000138438693701781 
38 0 0.000150123892499576 
39 0 0.000166819639945581 
40 0 0.000183518454694553 
41 0 0.000200220337924772 
42 0 0.000218595954981304 
43 0 0.000240317384138877 
44 0 0.000261208270468494 
45 0 0.000285447716062204 
46 0 0.000311365998618696 
47 0 0.000336455247325729 
48 0 0.000361551424450379 
49 0 0.000385817651945008 
50 0 0.000419298946955804 
51 0 0.000454467588553054 
52 0 0.000492163386553224 
53 0 0.000535742460881616 
54 0 0.000591923255105264 
55 0 0.000652335396287174 
56 0 0.000703549358301747 
57 0 0.000764035799453722 
58 0 0.000832972225725759 
59 0 0.0008901787268909 
60 0 0.000961737558734743 
61 0 0.00104431071913569 
62 0 0.0011278027657794 
63 0 0.00121812805082111 
64 0 0.0013347551772932 
65 0 0.00148710302328714 
66 0 0.00165498150565124 
67 0 0.00180871833344454 
68 0 0.00196356760213234 
69 0 0.00215280817118291 
70 0 0.00233731382894087 
71 0 0.0025719040347254 
72 0 0.00282515411176398 
73 0 0.00311791588338051 
74 0 0.00343585689054804 
75 0 0.00385311604035143 
76 0 0.00430026358079771 
77 0 0.0048058492569556 
78 0 0.00531162531144036 
79 0 0.00584157505449212 
80 0 0.0063728624906586 
81 0 0.00676889876137121 
82 0 0.00752365219777962 
83 0 0.00847857743809566 
84 0 0.00936421155765121 
85 0 0.0103352151513623 
86 0 0.0113725541153028 
87 0 0.0126306925800757 
88 0 0.0132259063506228 
89 0 0.0143892136242778 
90 0 0.015720462472794 
91 0 0.0180490082930276 
92 0 0.0178770990220823 
93 0 0.0193970479980139 
94 0 0.0213164806750836 
95 0 0.0229925534608757 
96 0 0.024799671344111 
97 0 0.0266107522725312 
98 0 0.0284928829432042 
99 0 0.0304394119908421 
100 0 0.0324442738313165 
101 0 0.034500805554085 
102 0 0.0365991458816158 
103 0 0.0387309792933924 
104 0 0.0408857804948479 
105 0 0.0430546096986959 
106 0 0.0452275795284665 
107 0 0.0473923566771974 
108 0 0.0495397434301186 
109 0 0.0516596789080975 
110 0 0.0537427377110448 
111 0 0.0833333333333333 

death 1 M single 
1 0 0.00261048970936584 
2 0 0.000161810593698575 
3 0 0.000097552323490957 
4 0 0.0000750309553007034 
5 0 0.000061687591838111 
6 0 0.0000550166445189015 
7 0 0.0000516813544294559 
8 0 0.0000466786487315352 
9 0 0.0000425099376131222 
10 0 0.0000375077365993848 
11 0 0.0000433436645435048 
12 0 0.0000425099376131222 
13 0 0.0000441773991204375 
14 0 0.0000483461867075707 
15 0 0.0000625214946752273 
16 0 0.000080869292772956 
17 0 0.0000992207949763735 
18 0 0.000112569669472262 
19 0 0.000133431211178481 
20 0 0.000150958607041618 
21 0 0.000162645415570539 
22 0 0.000167654507824855 
23 0 0.000178508488132945 
24 0 0.000170994056027163 
25 0 0.000162645415570539 
26 0 0.000153462796661064 
27 0 0.000145115766213677 
28 0 0.000141777168646939 
29 0 0.000147619794864662 
30 0 0.000153462796661064 
31 0 0.000157636599346866 
32 0 0.000161810593698575 
33 0 0.000172663876141788 
34 0 0.000178508488132945 
35 0 0.00018435347596979 
36 0 0.00019687971574367 
37 0 0.000213584054607918 
38 0 0.000231126915174573 
39 0 0.000257029709030077 
40 0 0.000283775822591648 
41 0 0.000313874611824527 
42 0 0.000344819869678825 
43 0 0.000385817651945008 
44 0 0.000425996686536201 
45 0 0.000471219345953733 
46 0 0.000523169428899739 
47 0 0.000574310611397011 
48 0 0.000627158788727766 
49 0 0.000680877321862394 
50 0 0.000753111656632388 
51 0 0.00083044923913056 
52 0 0.000908694429272106 
53 0 0.000993746811937424 
54 0 0.00109996355337527 
55 0 0.00121474978746505 
56 0 0.00131107958453414 
57 0 0.0014269797237183 
58 0 0.00156082957138359 
59 0 0.00167365385231055 
60 0 0.0018231710925406 
61 0 0.00199167299185732 
62 0 0.00214768836742685 
63 0 0.00230055360294479 
64 0 0.00248964276510477 
65 0 0.00272119307062146 
66 0 0.00296194559497831 
67 0 0.00316967803574364 
68 0 0.00336318507302258 
69 0 0.00360305021569407 
70 0 0.00382182002678944 
71 0 0.00413526796964614 
72 0 0.00446293437385614 
73 0 0.00481903047933607 
74 0 0.00519153394306537 
75 0 0.00566842376496368 
76 0 0.00612733323997605 
77 0 0.00665223711126062 
78 0 0.00714954445253757 
79 0 0.00773851554135452 
80 0 0.00833135743627167 
81 0 0.00917587241087658 
82 0 0.0100470030519624 
83 0 0.011106441468609 
84 0 0.0119100073074552 
85 0 0.0127035598947218 
86 0 0.0138076152596003 
87 0 0.0160006473376316 
88 0 0.0163476215117671 
89 0 0.0173552652035912 
90 0 0.019099838973487 
91 0 0.0206524901508607 
92 0 0.0211234023474498 
93 0 0.0221303119998255 
94 0 0.0251430568993634 
95 0 0.0260797980985977 
96 0 0.0277617899459116 
97 0 0.0294879946531148 
98 0 0.0312651927680773 
99 0 0.0330862343988954 
100 0 0.0349470347346873 
101 0 0.0368406036927635 
102 0 0.0387605816125618 
103 0 0.0406986832195166 
104 0 0.0426498746604318 
105 0 0.0446045087215525 
106 0 0.0465548568748397 
107 0 0.0484953740342458 
108 0 0.050417099145277 
109 0 0.0523133278664906 
110 0 0.0541768471496789 
111 0 0.0833333333333333 
