** Period (Monthly) Age-Specific Probabilities of Death for USA in 2018 
* Retrieved from the Human Mortality Database (Life tables), www.mortality.org. 
* Max Planck Institute for Demographic Research (Germany), 
* University of California, Berkeley (USA), 
* and French Institute for Demographic Studies (France) 
* Data downloaded on  03 Apr 2023 22:47:48 CEST 
** NB: The original HMD annual probabilities have been converted into monthly probabilities 
** The open age interval (110+) is limited to one year [110-111) 

death 1 F single 
1 0 0.00041678742188056 
2 0 0.0000266705785775256 
3 0 0.0000183351822042876 
4 0 0.000012500859457365 
5 0 0.0000100005500421885 
6 0 0.0000100005500421885 
7 0 0.00000916712885190574 
8 0 0.00000750030939278279 
9 0 0.00000916712885190574 
10 0 0.00000833371530217786 
11 0 0.00000916712885190574 
12 0 0.0000100005500421885 
13 0 0.0000100005500421885 
14 0 0.0000116674153447516 
15 0 0.0000133343112110884 
16 0 0.0000166681946396352 
17 0 0.0000191686874497776 
18 0 0.0000241698794146705 
19 0 0.0000291713465325749 
20 0 0.0000325058108229248 
21 0 0.0000358403974268784 
22 0 0.0000375077365993848 
23 0 0.0000400088026996093 
24 0 0.0000425099376131222 
25 0 0.0000450111413439203 
26 0 0.0000483461867075707 
27 0 0.0000525151654794387 
28 0 0.000055850486162301 
29 0 0.0000600198091127435 
30 0 0.0000658571825241649 
31 0 0.0000716949308086079 
32 0 0.000070860943814588 
33 0 0.0000783671022263066 
34 0 0.000080869292772956 
35 0 0.0000842056539793745 
36 0 0.0000917129144495377 
37 0 0.0000958838826297104 
38 0 0.0000992207949763735 
39 0 0.000105060686358072 
40 0 0.00011590719442045 
41 0 0.000118410418553538 
42 0 0.00012425154296114 
43 0 0.000131762111637901 
44 0 0.00014344645210207 
45 0 0.000151793329249084 
46 0 0.000169324266588666 
47 0 0.000187693637785924 
48 0 0.000194374329680724 
49 0 0.000211078208056104 
50 0 0.000226949736477855 
51 0 0.000251180045748089 
52 0 0.000282103959876823 
53 0 0.000301332238197172 
54 0 0.000326418716656729 
55 0 0.00036238808305733 
56 0 0.000392512924148547 
57 0 0.00043353223369802 
58 0 0.000462005497213092 
59 0 0.000498028583118759 
60 0 0.00053322771529607 
61 0 0.000574310611397011 
62 0 0.000621285250725911 
63 0 0.000658210942097504 
64 0 0.000709428217418151 
65 0 0.000750590887146574 
66 0 0.000815312791019873 
67 0 0.000875032322833924 
68 0 0.000940684990277996 
69 0 0.0010131263157136 
70 0 0.00110671166967191 
71 0 0.00123840027093847 
72 0 0.00135420760545679 
73 0 0.00149642146439799 
74 0 0.00163461605327941 
75 0 0.00184868157827023 
76 0 0.00204364831144144 
77 0 0.00223391026302888 
78 0 0.0024365553271245 
79 0 0.0026945775963656 
80 0 0.00299897500900392 
81 0 0.00335972596381595 
82 0 0.00374883802615311 
83 0 0.00421467276246201 
84 0 0.00472065701630564 
85 0 0.0052550918599098 
86 0 0.00590826013231138 
87 0 0.00683177906012333 
88 0 0.00793842582542736 
89 0 0.00907263773933309 
90 0 0.0101476324738484 
91 0 0.0114737324858073 
92 0 0.0129004054063605 
93 0 0.0142671256348745 
94 0 0.0160693370407728 
95 0 0.0179584349322142 
96 0 0.0199330783978117 
97 0 0.0220898159553709 
98 0 0.0243919807991134 
99 0 0.0268330204605914 
100 0 0.0294011673573946 
101 0 0.032083281104332 
102 0 0.0348595770494354 
103 0 0.0377113379568167 
104 0 0.0406131738433265 
105 0 0.0435441504222874 
106 0 0.0464760513754928 
107 0 0.0493839542111919 
108 0 0.0522426268102999 
109 0 0.0550283976562106 
110 0 0.0577230341729745 
111 0 0.0833333333333333 

death 1 M single 
1 0 0.000512274208312569 
2 0 0.0000350067393084519 
3 0 0.0000250034381590325 
4 0 0.0000183351822042876 
5 0 0.0000141677706060328 
6 0 0.0000116674153447516 
7 0 0.0000100005500421885 
8 0 0.0000100005500421885 
9 0 0.00000916712885190574 
10 0 0.0000108339788730261 
11 0 0.0000100005500421885 
12 0 0.0000100005500421885 
13 0 0.0000133343112110884 
14 0 0.0000150012376423092 
15 0 0.0000225027848553827 
16 0 0.0000308385633891461 
17 0 0.0000400088026996093 
18 0 0.0000550166445189015 
19 0 0.0000750309553007034 
20 0 0.0000825374580692984 
21 0 0.0000908787437792213 
22 0 0.000105060686358072 
23 0 0.000110900952950965 
24 0 0.000115072801694871 
25 0 0.000121748157967727 
26 0 0.000125086019946985 
27 0 0.000130093042745694 
28 0 0.000140942538415234 
29 0 0.000142611806542514 
30 0 0.00014344645210207 
31 0 0.000153462796661064 
32 0 0.000151793329249084 
33 0 0.000156801823476993 
34 0 0.000161810593698575 
35 0 0.000166819639945581 
36 0 0.000178508488132945 
37 0 0.000179343463383219 
38 0 0.000186858585824345 
39 0 0.000198550011486498 
40 0 0.00020523150142393 
41 0 0.000210242941224514 
42 0 0.000218595954981304 
43 0 0.000223608131741049 
44 0 0.000234468796364018 
45 0 0.000257865405948854 
46 0 0.000277088556254523 
47 0 0.000303840574450209 
48 0 0.000319728311943712 
49 0 0.000343983372797285 
50 0 0.000376612458030223 
51 0 0.000407579090435539 
52 0 0.000442743195606776 
53 0 0.000490487685641083 
54 0 0.000534904204619657 
55 0 0.000592762037593619 
56 0 0.00065065673870468 
57 0 0.000708588357108852 
58 0 0.000767397338481079 
59 0 0.000827085366010505 
60 0 0.000887654150806605 
61 0 0.000956684497234184 
62 0 0.00104009598476007 
63 0 0.00111852207997243 
64 0 0.00120968262809162 
65 0 0.00127811315126147 
66 0 0.001366050254893 
67 0 0.00146762210062445 
68 0 0.00153285727928487 
69 0 0.00161425516962044 
70 0 0.00175772698638121 
71 0 0.00188951327892373 
72 0 0.00203768241787416 
73 0 0.00222280779863893 
74 0 0.00240916751348341 
75 0 0.00268599362597355 
76 0 0.0029507536333282 
77 0 0.00321024571631201 
78 0 0.00351465053124755 
79 0 0.00377576501291055 
80 0 0.00420070643292625 
81 0 0.00465308725037372 
82 0 0.0051033330937591 
83 0 0.00569060412039424 
84 0 0.00627546377927135 
85 0 0.0070332908215307 
86 0 0.0078075253761466 
87 0 0.00882609107194232 
88 0 0.00988604373314095 
89 0 0.0113687739541131 
90 0 0.012611526798642 
91 0 0.0141812753506504 
92 0 0.0158823062689291 
93 0 0.0176041491671654 
94 0 0.0199705238835313 
95 0 0.0218801711120565 
96 0 0.0237426803348472 
97 0 0.0260385729482124 
98 0 0.0284550966808035 
99 0 0.0309796468370139 
100 0 0.0335993161127305 
101 0 0.0362945021341956 
102 0 0.0390494081343896 
103 0 0.0418406726935959 
104 0 0.0446458161556529 
105 0 0.0474449702410349 
106 0 0.0502141787964593 
107 0 0.0529325554017815 
108 0 0.0555799788469364 
109 0 0.0581375342367352 
110 0 0.0605929952185257 
111 0 0.0833333333333333 
