** Period (Monthly) Age-Specific Probabilities of Death for USA in 1959 
* Retrieved from the Human Mortality Database (Life tables), www.mortality.org. 
* Max Planck Institute for Demographic Research (Germany), 
* University of California, Berkeley (USA), 
* and French Institute for Demographic Studies (France) 
* Data downloaded on  03 Apr 2023 22:47:36 CEST 
** NB: The original HMD annual probabilities have been converted into monthly probabilities 
** The open age interval (110+) is limited to one year [110-111) 

death 1 F single 
1 0 0.00195675548524565 
2 0 0.000134265772442244 
3 0 0.0000775330540162544 
4 0 0.0000591859292243813 
5 0 0.0000516813544294559 
6 0 0.0000441773991204375 
7 0 0.0000383414176537977 
8 0 0.0000333394460065861 
9 0 0.0000275041602521009 
10 0 0.0000275041602521009 
11 0 0.0000250034381590325 
12 0 0.0000258370045466139 
13 0 0.0000283377495704507 
14 0 0.0000266705785775256 
15 0 0.0000316721832838152 
16 0 0.0000391751063537615 
17 0 0.0000425099376131222 
18 0 0.0000458448912142861 
19 0 0.0000500137552731372 
20 0 0.0000525151654794387 
21 0 0.0000583520569852336 
22 0 0.0000541828105240505 
23 0 0.0000600198091127435 
24 0 0.0000575181923953005 
25 0 0.0000650232490866376 
26 0 0.000070860943814588 
27 0 0.000070860943814588 
28 0 0.0000683590287403613 
29 0 0.0000750309553007034 
30 0 0.0000817033715945215 
31 0 0.0000867080052475711 
32 0 0.0000958838826297104 
33 0 0.000108397935606575 
34 0 0.000112569669472262 
35 0 0.000116741594805347 
36 0 0.000123417073636167 
37 0 0.000135100341368544 
38 0 0.000137604094123889 
39 0 0.000165984779734729 
40 0 0.00018184843515745 
41 0 0.000195209450695066 
42 0 0.000201055512655035 
43 0 0.000229456020658048 
44 0 0.000245330758940732 
45 0 0.000265387024029895 
46 0 0.000290463581019584 
47 0 0.000314710831614828 
48 0 0.000342310402132506 
49 0 0.000390002139264989 
50 0 0.00041176457996317 
51 0 0.000456142625328448 
52 0 0.000471219345953733 
53 0 0.000544963790214736 
54 0 0.000566763380568935 
55 0 0.000633032706475189 
56 0 0.000638907004019584 
57 0 0.000695151648024361 
58 0 0.000722027053892349 
59 0 0.000920479114542294 
60 0 0.000984479815237416 
61 0 0.000998801935992111 
62 0 0.00102576735084436 
63 0 0.0012426242198903 
64 0 0.00137451023612511 
65 0 0.00143629199472506 
66 0 0.00164904110997499 
67 0 0.00164055550485087 
68 0 0.00189291675017178 
69 0 0.00207859928288334 
70 0 0.00224586828310702 
71 0 0.00259676847710344 
72 0 0.0025993410499946 
73 0 0.00303774292834269 
74 0 0.00331131229626613 
75 0 0.0037436272758723 
76 0 0.00428803136508027 
77 0 0.00453912280362789 
78 0 0.00479354851513891 
79 0 0.00566576248801332 
80 0 0.00644083571266096 
81 0 0.00693697685694572 
82 0 0.00714503570749814 
83 0 0.00827929364226543 
84 0 0.0093189372813981 
85 0 0.0102073178674638 
86 0 0.0112356247478896 
87 0 0.0122576959009119 
88 0 0.0135264526573435 
89 0 0.0144713503078177 
90 0 0.0160733206705572 
91 0 0.0178120836009077 
92 0 0.0178141146163895 
93 0 0.0204273758780457 
94 0 0.022108995992738 
95 0 0.0241135942416729 
96 0 0.0252390463283383 
97 0 0.027123483087837 
98 0 0.0290812236396301 
99 0 0.0311057864665418 
100 0 0.0331900609678735 
101 0 0.0353237282092997 
102 0 0.0375004536536496 
103 0 0.0397079860804894 
104 0 0.0419340700460226 
105 0 0.0441705927476129 
106 0 0.0464057498118375 
107 0 0.0486250521919017 
108 0 0.0508214183428484 
109 0 0.0529825898246501 
110 0 0.0550967632985621 
111 0 0.0833333333333333 

death 1 M single 
1 0 0.00254104731281668 
2 0 0.000153462796661064 
3 0 0.000097552323490957 
4 0 0.0000725289254539518 
5 0 0.000061687591838111 
6 0 0.000055850486162301 
7 0 0.0000508475510273554 
8 0 0.0000458448912142861 
9 0 0.0000433436645435048 
10 0 0.0000425099376131222 
11 0 0.0000425099376131222 
12 0 0.0000433436645435048 
13 0 0.0000458448912142861 
14 0 0.0000541828105240505 
15 0 0.000061687591838111 
16 0 0.0000775330540162544 
17 0 0.0000958838826297104 
18 0 0.000115072801694871 
19 0 0.000129258519792286 
20 0 0.000138438693701781 
21 0 0.000151793329249084 
22 0 0.000165149927191854 
23 0 0.00015930617408666 
24 0 0.000145115766213677 
25 0 0.000141777168646939 
26 0 0.000150123892499576 
27 0 0.000142611806542514 
28 0 0.000138438693701781 
29 0 0.000138438693701781 
30 0 0.000145115766213677 
31 0 0.000157636599346866 
32 0 0.000158471382883385 
33 0 0.000169324266588666 
34 0 0.000176838560643211 
35 0 0.000190198839702838 
36 0 0.000203561082892323 
37 0 0.000214419352144724 
38 0 0.00022778515685884 
39 0 0.000261208270468494 
40 0 0.000285447716062204 
41 0 0.000315547059099419 
42 0 0.000314710831614828 
43 0 0.000385817651945008 
44 0 0.00042097333557034 
45 0 0.000467031117069472 
46 0 0.000513112255822956 
47 0 0.000552509210379415 
48 0 0.000622963365694118 
49 0 0.000689273712680905 
50 0 0.000757313094558953 
51 0 0.000840541606009881 
52 0 0.000919637300597964 
53 0 0.00103756723802317 
54 0 0.00112358415464686 
55 0 0.0012079936378051 
56 0 0.00129079113213082 
57 0 0.00138635553446576 
58 0 0.00144137181793869 
59 0 0.00171101007460861 
60 0 0.00190142598685328 
61 0 0.0019482410583076 
62 0 0.00204620524307064 
63 0 0.00232961859519532 
64 0 0.00259333849344978 
65 0 0.00275468815643976 
66 0 0.00304463673928912 
67 0 0.00312654085588904 
68 0 0.00344104996590366 
69 0 0.00356663989749451 
70 0 0.00382182002678944 
71 0 0.00427318018218981 
72 0 0.00439993034800523 
73 0 0.00479530566158037 
74 0 0.00508658465194678 
75 0 0.005687054897764 
76 0 0.00617906209313313 
77 0 0.00650080192911007 
78 0 0.00678865642269588 
79 0 0.00768407136100879 
80 0 0.00849962850838804 
81 0 0.00933187046662698 
82 0 0.00971052637237424 
83 0 0.0108693033378238 
84 0 0.0118387308352064 
85 0 0.012972530074993 
86 0 0.0138756143955858 
87 0 0.0152731938198667 
88 0 0.0165446392073119 
89 0 0.0175646456655053 
90 0 0.0193939469585327 
91 0 0.0206105653092009 
92 0 0.0210644018869575 
93 0 0.022974257874507 
94 0 0.025248982206213 
95 0 0.0265670379154198 
96 0 0.0280598836061288 
97 0 0.0298315096608391 
98 0 0.0316536975462234 
99 0 0.0335216775820519 
100 0 0.0354277580782504 
101 0 0.0373673249280631 
102 0 0.0393327138337664 
103 0 0.0413141877161445 
104 0 0.0433064943042738 
105 0 0.0452997075495161 
106 0 0.0472872253456298 
107 0 0.0492603962753774 
108 0 0.0512098100758552 
109 0 0.0531313485358279 
110 0 0.055015973382733 
111 0 0.0833333333333333 
