** Period (Monthly) Age-Specific Probabilities of Death for USA in 2003 
* Retrieved from the Human Mortality Database (Life tables), www.mortality.org. 
* Max Planck Institute for Demographic Research (Germany), 
* University of California, Berkeley (USA), 
* and French Institute for Demographic Studies (France) 
* Data downloaded on  30 Mar 2023 17:56:15 CEST 
** NB: The original HMD annual probabilities have been converted into monthly probabilities 
** The open age interval (110+) is limited to one year [110-111) 

death 1 F single 
1 0 0.000518140703212544 
2 0 0.0000350067393084519 
3 0 0.0000250034381590325 
4 0 0.0000183351822042876 
5 0 0.0000150012376423092 
6 0 0.0000116674153447516 
7 0 0.0000108339788730261 
8 0 0.0000108339788730261 
9 0 0.0000100005500421885 
10 0 0.0000108339788730261 
11 0 0.0000116674153447516 
12 0 0.0000108339788730261 
13 0 0.0000108339788730261 
14 0 0.0000133343112110884 
15 0 0.0000141677706060328 
16 0 0.0000200022003373768 
17 0 0.0000291713465325749 
18 0 0.0000325058108229248 
19 0 0.0000408425066913409 
20 0 0.0000383414176537977 
21 0 0.0000400088026996093 
22 0 0.0000408425066913409 
23 0 0.0000425099376131222 
24 0 0.0000416762183291786 
25 0 0.0000425099376131222 
26 0 0.0000416762183291786 
27 0 0.0000450111413439203 
28 0 0.0000475124138960004 
29 0 0.0000466786487315352 
30 0 0.0000525151654794387 
31 0 0.0000525151654794387 
32 0 0.00005668433545436 
33 0 0.0000575181923953005 
34 0 0.0000683590287403613 
35 0 0.000070860943814588 
36 0 0.0000817033715945215 
37 0 0.0000858738805041837 
38 0 0.0000950496736826789 
39 0 0.000102557829824601 
40 0 0.000113404039220888 
41 0 0.000126754996901401 
42 0 0.0001367695022092 
43 0 0.000148454486411209 
44 0 0.00015930617408666 
45 0 0.000176003608403419 
46 0 0.000190198839702838 
47 0 0.000206901950655758 
48 0 0.00021776061905987 
49 0 0.000234468796364018 
50 0 0.000252851339696436 
51 0 0.000272909264649956 
52 0 0.000295479722820513 
53 0 0.000313874611824527 
54 0 0.000333946010742214 
55 0 0.000369918357165155 
56 0 0.000404230837609543 
57 0 0.000431857613657716 
58 0 0.000482947413934953 
59 0 0.000536580724877167 
60 0 0.000596117244986538 
61 0 0.000651496063618806 
62 0 0.00070270955234053 
63 0 0.000769918574388129 
64 0 0.000838018409161312 
65 0 0.000929739582922529 
66 0 0.000994589313073391 
67 0 0.00106960323401462 
68 0 0.00118350680851098 
69 0 0.0012874101641307 
70 0 0.00139650987761697 
71 0 0.0015718513264501 
72 0 0.00168468931770061 
73 0 0.00184783111318965 
74 0 0.00202830823482225 
75 0 0.00220829124151523 
76 0 0.00247593980564687 
77 0 0.00271604107868439 
78 0 0.00299897500900392 
79 0 0.00330612665157548 
80 0 0.0036681050659253 
81 0 0.00424086543943736 
82 0 0.00470573467503665 
83 0 0.00523654951944519 
84 0 0.00603376144957579 
85 0 0.00655991208031237 
86 0 0.00744852551611164 
87 0 0.00840539458923528 
88 0 0.00939379072217206 
89 0 0.0105250621172025 
90 0 0.0118529816059869 
91 0 0.0131159899775185 
92 0 0.014678002595267 
93 0 0.0165476428352265 
94 0 0.0184255151007844 
95 0 0.0200996233803747 
96 0 0.0222038914846662 
97 0 0.0243832338147618 
98 0 0.0266859017505464 
99 0 0.0291031322259071 
100 0 0.0316240254734913 
101 0 0.0342314636610512 
102 0 0.036911154488097 
103 0 0.039642944590787 
104 0 0.0424052496144692 
105 0 0.0451790655486176 
106 0 0.047939962344126 
107 0 0.0506692074704512 
108 0 0.0533458309738936 
109 0 0.055949678076425 
110 0 0.0584650882526316 
111 0 0.0833333333333333 

death 1 M single 
1 0 0.000649817421544685 
2 0 0.0000441773991204375 
3 0 0.0000308385633891461 
4 0 0.0000241698794146705 
5 0 0.0000183351822042876 
6 0 0.0000158347123201397 
7 0 0.0000141677706060328 
8 0 0.000012500859457365 
9 0 0.0000133343112110884 
10 0 0.0000116674153447516 
11 0 0.0000150012376423092 
12 0 0.0000133343112110884 
13 0 0.0000183351822042876 
14 0 0.0000208357208674181 
15 0 0.0000275041602521009 
16 0 0.0000350067393084519 
17 0 0.0000583520569852336 
18 0 0.0000741969376999441 
19 0 0.0000983865554056162 
20 0 0.000110900952950965 
21 0 0.00011590719442045 
22 0 0.000117576002849673 
23 0 0.000122582611971733 
24 0 0.000120079272940554 
25 0 0.000117576002849673 
26 0 0.000114238416628387 
27 0 0.00011590719442045 
28 0 0.000113404039220888 
29 0 0.000111735307382288 
30 0 0.000117576002849673 
31 0 0.000116741594805347 
32 0 0.000121748157967727 
33 0 0.000126754996901401 
34 0 0.000130093042745694 
35 0 0.000134265772442244 
36 0 0.000146785110982983 
37 0 0.000156801823476993 
38 0 0.000168489383372439 
39 0 0.000181013436895361 
40 0 0.00019687971574367 
41 0 0.000212748764747639 
42 0 0.000235304285861493 
43 0 0.000251180045748089 
44 0 0.000276252682558709 
45 0 0.000297151831613829 
46 0 0.000318892045984898 
47 0 0.000356531634559953 
48 0 0.000383307052038151 
49 0 0.000415950262280695 
50 0 0.000446092867803172 
51 0 0.000484622975796212 
52 0 0.000518978804833314 
53 0 0.000543287115269853 
54 0 0.000573471999233854 
55 0 0.000632193552116744 
56 0 0.000680037725460325 
57 0 0.000718667193316147 
58 0 0.000778323199503439 
59 0 0.000848111617127612 
60 0 0.000949947519193861 
61 0 0.00103250995577886 
62 0 0.00112527157558184 
63 0 0.00122066183082636 
64 0 0.00130516165090644 
65 0 0.00142190070577353 
66 0 0.00154048523135941 
67 0 0.00166092229016768 
68 0 0.00182147064846094 
69 0 0.00197293509804664 
70 0 0.0021886548906761 
71 0 0.00236296932459712 
72 0 0.00253847639323301 
73 0 0.0028260137908297 
74 0 0.00308945929659799 
75 0 0.00330871943682309 
76 0 0.00378184640839352 
77 0 0.00407859286994983 
78 0 0.00440255464028783 
79 0 0.0048629817624648 
80 0 0.00537261505881503 
81 0 0.0061710332605639 
82 0 0.00683088046174374 
83 0 0.00745304944966829 
84 0 0.00856006323801684 
85 0 0.00925060699487379 
86 0 0.0102399750701907 
87 0 0.0114604877155056 
88 0 0.0127995281590125 
89 0 0.0142085824302921 
90 0 0.015630235133264 
91 0 0.0174786087811903 
92 0 0.019148274239642 
93 0 0.0210001780070315 
94 0 0.0231724813393566 
95 0 0.0251265175010371 
96 0 0.0271426556352647 
97 0 0.0294219981172047 
98 0 0.0317903180504897 
99 0 0.0342339085054244 
100 0 0.0367399153492741 
101 0 0.0392925553252722 
102 0 0.0418766855231353 
103 0 0.044472456792214 
104 0 0.0470631819362588 
105 0 0.0496301425156126 
106 0 0.0521584629273709 
107 0 0.0546301633467852 
108 0 0.057031856847736 
109 0 0.0593491007467606 
110 0 0.0615731508862171 
111 0 0.0833333333333333 
