** Period (Monthly) Age-Specific Probabilities of Death for USA in 1939 
* Retrieved from the Human Mortality Database (Life tables), www.mortality.org. 
* Max Planck Institute for Demographic Research (Germany), 
* University of California, Berkeley (USA), 
* and French Institute for Demographic Studies (France) 
* Data downloaded on  03 Apr 2023 22:47:31 CEST 
** NB: The original HMD annual probabilities have been converted into monthly probabilities 
** The open age interval (110+) is limited to one year [110-111) 

death 1 F single 
1 0 0.00384789928696494 
2 0 0.000492163386553224 
3 0 0.000220266649856748 
4 0 0.000157636599346866 
5 0 0.000128424004500527 
6 0 0.000109232267063164 
7 0 0.0000917129144495377 
8 0 0.0000800352216044908 
9 0 0.000070860943814588 
10 0 0.0000650232490866376 
11 0 0.0000625214946752273 
12 0 0.0000633554051622243 
13 0 0.0000691929927806312 
14 0 0.0000783671022263066 
15 0 0.0000908787437792213 
16 0 0.000106729295667018 
17 0 0.000120913711624038 
18 0 0.000134265772442244 
19 0 0.000146785110982983 
20 0 0.000157636599346866 
21 0 0.000167654507824855 
22 0 0.000176838560643211 
23 0 0.000185188504916445 
24 0 0.000192704110671182 
25 0 0.000201055512655035 
26 0 0.000208572430588916 
27 0 0.000216089970248357 
28 0 0.000223608131741049 
29 0 0.000230291464076604 
30 0 0.000236975287897678 
31 0 0.000242824036972289 
32 0 0.000250344410298808 
33 0 0.000260372542811527 
34 0 0.000272909264649956 
35 0 0.000288791595274951 
36 0 0.000306348979935533 
37 0 0.000324746069302662 
38 0 0.000342310402132506 
39 0 0.000360714773546156 
40 0 0.000377449255310913 
41 0 0.000395023778405612 
42 0 0.000414275966217681 
43 0 0.000436044221624798 
44 0 0.00046116792092632 
45 0 0.000490487685641083 
46 0 0.000524007576906516 
47 0 0.00056089374554491 
48 0 0.000604505805596012 
49 0 0.000652335396287174 
50 0 0.000706068822767358 
51 0 0.000763195434133168 
52 0 0.000822039789897144 
53 0 0.000884288158511493 
54 0 0.000949105432075159 
55 0 0.00101818251862229 
56 0 0.00109068571217974 
57 0 0.00116999965989673 
58 0 0.00125529724589712 
59 0 0.00134659528935799 
60 0 0.00144814535777016 
61 0 0.00156082957138359 
62 0 0.00168978306203249 
63 0 0.0018359254389303 
64 0 0.00200019149578734 
65 0 0.00218438668118071 
66 0 0.00238863207970497 
67 0 0.00260448641475475 
68 0 0.00284148940827056 
69 0 0.00310411763450669 
70 0 0.00339172776420782 
71 0 0.00370802850358742 
72 0 0.00405941856175773 
73 0 0.00445680705732687 
74 0 0.00490607474625582 
75 0 0.00542745255231247 
76 0 0.00606494128081647 
77 0 0.00663878584500854 
78 0 0.00721178814565571 
79 0 0.0078384152986043 
80 0 0.00856647535952315 
81 0 0.00882333503590871 
82 0 0.00967064159118791 
83 0 0.0105981149255944 
84 0 0.0116479882853461 
85 0 0.0128024087930083 
86 0 0.0139825745007623 
87 0 0.0152149759677013 
88 0 0.0164865888926942 
89 0 0.0177065344040286 
90 0 0.0188149132169741 
91 0 0.0198509614774591 
92 0 0.0208329922842194 
93 0 0.0217941151600097 
94 0 0.0227174415495566 
95 0 0.0235659274481483 
96 0 0.0268498817347077 
97 0 0.0285169371664804 
98 0 0.0302359224300307 
99 0 0.0319998183124909 
100 0 0.0338058772647691 
101 0 0.0356461264567338 
102 0 0.0375169503574666 
103 0 0.039410492477408 
104 0 0.0413194898739984 
105 0 0.0432373565579154 
106 0 0.0451582821405913 
107 0 0.0470716793375489 
108 0 0.0489747098106486 
109 0 0.0508569235553153 
110 0 0.0527130510794412 
111 0 0.0833333333333333 

death 1 M single 
1 0 0.00488320652511576 
2 0 0.000556701381245195 
3 0 0.0002637154995494 
4 0 0.000190198839702838 
5 0 0.000150958607041618 
6 0 0.000130093042745694 
7 0 0.000115072801694871 
8 0 0.000103392107678624 
9 0 0.0000958838826297104 
10 0 0.0000925470927749528 
11 0 0.0000908787437792213 
12 0 0.0000933812787555777 
13 0 0.0000992207949763735 
14 0 0.000109232267063164 
15 0 0.000122582611971733 
16 0 0.000137604094123889 
17 0 0.000152628059122195 
18 0 0.000167654507824855 
19 0 0.000182683441090514 
20 0 0.00019687971574367 
21 0 0.000210242941224514 
22 0 0.00022193737544296 
23 0 0.000231126915174573 
24 0 0.000237810800436611 
25 0 0.000241988478346333 
26 0 0.000246166348294219 
27 0 0.000251180045748089 
28 0 0.000257865405948854 
29 0 0.000266222797798643 
30 0 0.000276252682558709 
31 0 0.000287955613937352 
32 0 0.000300496141496964 
33 0 0.000315547059099419 
34 0 0.000332273224842417 
35 0 0.000350675563450809 
36 0 0.000370755092807151 
37 0 0.000394186819278164 
38 0 0.000420136137406546 
39 0 0.00044776775020694 
40 0 0.00047959638290207 
41 0 0.000513112255822956 
42 0 0.00054915561294655 
43 0 0.00058772945881469 
44 0 0.00062883701218952 
45 0 0.000672481706993744 
46 0 0.000722027053892349 
47 0 0.000777482701998289 
48 0 0.000839700532605847 
49 0 0.00091037786212611 
50 0 0.000987849522813833 
51 0 0.00107128965216374 
52 0 0.0011581825528274 
53 0 0.00124938294696708 
54 0 0.00134744107073848 
55 0 0.00145068556551642 
56 0 0.00155828627949728 
57 0 0.00167110739699794 
58 0 0.00178661856508233 
59 0 0.00190312792995306 
60 0 0.00202575180753872 
61 0 0.00215878164079908 
62 0 0.00231423008613374 
63 0 0.00249392536461124 
64 0 0.00270058685924468 
65 0 0.00293784154839027 
66 0 0.00320420257021392 
67 0 0.00347827571965809 
68 0 0.00376273482608169 
69 0 0.00406116151289615 
70 0 0.00436757033126101 
71 0 0.00468905967603583 
72 0 0.00504604863179181 
73 0 0.00546196415290656 
74 0 0.00595007454151197 
75 0 0.00653124778162661 
76 0 0.00726955982476929 
77 0 0.00791113922712561 
78 0 0.00855914725789642 
79 0 0.00925799155413787 
80 0 0.0100460718236215 
81 0 0.0105437879512207 
82 0 0.0114652177665295 
83 0 0.0125061880844357 
84 0 0.0136863163599183 
85 0 0.0149667419376404 
86 0 0.0162757232252337 
87 0 0.0176355618557471 
88 0 0.0190143685531031 
89 0 0.0202696118689357 
90 0 0.0213523993501676 
91 0 0.0222796673412881 
92 0 0.022947359444625 
93 0 0.023330082789613 
94 0 0.0233527745204281 
95 0 0.0233906069643802 
96 0 0.0288313894541794 
97 0 0.030427704456954 
98 0 0.0320641969142548 
99 0 0.0337353488577369 
100 0 0.0354376721243391 
101 0 0.0371648507344265 
102 0 0.0389126122866684 
103 0 0.0406763111313391 
104 0 0.0424495537105803 
105 0 0.0442281403962257 
106 0 0.046003317813209 
107 0 0.0477713187264116 
108 0 0.0495280859182426 
109 0 0.0512648004750127 
110 0 0.0529780400389933 
111 0 0.0833333333333333 
