** Period (Monthly) Age-Specific Probabilities of Death for USA in 1979 
* Retrieved from the Human Mortality Database (Life tables), www.mortality.org. 
* Max Planck Institute for Demographic Research (Germany), 
* University of California, Berkeley (USA), 
* and French Institute for Demographic Studies (France) 
* Data downloaded on  16 Aug 2023 13:36:53 CEST 
** NB: The original HMD annual probabilities have been converted into monthly probabilities 
** The open age interval (110+) is limited to one year [110-111) 

death 1 F single 
1 0 0.000971002235061524 
2 0 0.0000750309553007034 
3 0 0.0000466786487315352 
4 0 0.0000358403974268784 
5 0 0.0000308385633891461 
6 0 0.0000266705785775256 
7 0 0.0000233363283135279 
8 0 0.0000183351822042876 
9 0 0.0000200022003373768 
10 0 0.0000175016846010179 
11 0 0.0000158347123201397 
12 0 0.0000150012376423092 
13 0 0.0000191686874497776 
14 0 0.0000208357208674181 
15 0 0.0000250034381590325 
16 0 0.0000316721832838152 
17 0 0.0000416762183291786 
18 0 0.0000450111413439203 
19 0 0.0000508475510273554 
20 0 0.0000508475510273554 
21 0 0.0000491799671665794 
22 0 0.0000533489841776369 
23 0 0.0000516813544294559 
24 0 0.0000533489841776369 
25 0 0.0000525151654794387 
26 0 0.0000541828105240505 
27 0 0.000055850486162301 
28 0 0.0000550166445189015 
29 0 0.0000600198091127435 
30 0 0.00005668433545436 
31 0 0.0000591859292243813 
32 0 0.0000650232490866376 
33 0 0.0000683590287403613 
34 0 0.0000766990134587475 
35 0 0.000079201158088904 
36 0 0.0000883762776967556 
37 0 0.0000992207949763735 
38 0 0.000107563611807859 
39 0 0.00011590719442045 
40 0 0.000125086019946985 
41 0 0.000130927573360862 
42 0 0.000145115766213677 
43 0 0.000171828962249876 
44 0 0.00019103392235309 
45 0 0.000206066722202247 
46 0 0.000214419352144724 
47 0 0.000248673162449031 
48 0 0.000267058579253132 
49 0 0.000295479722820513 
50 0 0.000302168342589226 
51 0 0.000353185262004341 
52 0 0.000377449255310913 
53 0 0.000414275966217681 
54 0 0.000451117607631391 
55 0 0.000489649846773466 
56 0 0.000528198432916849 
57 0 0.000557539838629828 
58 0 0.000613734116920339 
59 0 0.000663247426681335 
60 0 0.000705228993514995 
61 0 0.000811108669691585 
62 0 0.000853158641723306 
63 0 0.000944053073315909 
64 0 0.00100385734144059 
65 0 0.00109490279521529 
66 0 0.00120039357028268 
67 0 0.00125191759933518 
68 0 0.00135336176103606 
69 0 0.0014845617962681 
70 0 0.00158881048653514 
71 0 0.0018359254389303 
72 0 0.00195675548524565 
73 0 0.00221426836603822 
74 0 0.00237836610625275 
75 0 0.00259591096902601 
76 0 0.00291976771901414 
77 0 0.00316795215424381 
78 0 0.00334762012148382 
79 0 0.00375752327622147 
80 0 0.0041483518787726 
81 0 0.00476719541287562 
82 0 0.00522065911021374 
83 0 0.00587980181390035 
84 0 0.00656528764928999 
85 0 0.00736261384417125 
86 0 0.00801305134459485 
87 0 0.00904316383583059 
88 0 0.00980799376431141 
89 0 0.0105269345251914 
90 0 0.0118729364838691 
91 0 0.0131805736341591 
92 0 0.0140964814038359 
93 0 0.0153452785198851 
94 0 0.0172129242116958 
95 0 0.0188590839301758 
96 0 0.0201246320037199 
97 0 0.0218493513847484 
98 0 0.0236678155932329 
99 0 0.0255763846631828 
100 0 0.0275711736033254 
101 0 0.0296456597775385 
102 0 0.0317903180504897 
103 0 0.0339982941465072 
104 0 0.0362582161330877 
105 0 0.0385587127102665 
106 0 0.0408870995058307 
107 0 0.0432332913426385 
108 0 0.0455804672951138 
109 0 0.0479185063578232 
110 0 0.0502318051236054 
111 0 0.0833333333333333 

death 1 M single 
1 0 0.00122150643987429 
2 0 0.0000842056539793745 
3 0 0.0000608536966506534 
4 0 0.0000516813544294559 
5 0 0.0000400088026996093 
6 0 0.0000375077365993848 
7 0 0.0000333394460065861 
8 0 0.0000283377495704507 
9 0 0.0000275041602521009 
10 0 0.0000275041602521009 
11 0 0.0000250034381590325 
12 0 0.0000266705785775256 
13 0 0.0000300049511388067 
14 0 0.0000366740631904117 
15 0 0.0000458448912142861 
16 0 0.000064189323299324 
17 0 0.0000925470927749528 
18 0 0.000121748157967727 
19 0 0.000155967055273654 
20 0 0.000161810593698575 
21 0 0.000164315082316957 
22 0 0.000164315082316957 
23 0 0.000170994056027163 
24 0 0.000169324266588666 
25 0 0.000162645415570539 
26 0 0.000164315082316957 
27 0 0.000160140972956802 
28 0 0.000161810593698575 
29 0 0.000163480245109926 
30 0 0.000155132294736626 
31 0 0.000155967055273654 
32 0 0.000158471382883385 
33 0 0.000152628059122195 
34 0 0.000168489383372439 
35 0 0.000163480245109926 
36 0 0.00018184843515745 
37 0 0.000189363764725003 
38 0 0.000198550011486498 
39 0 0.000225278918752347 
40 0 0.000232797840409416 
41 0 0.000248673162449031 
42 0 0.000275416816550522 
43 0 0.000303004454673572 
44 0 0.000338128110205616 
45 0 0.00037242858720421 
46 0 0.000406742015663153 
47 0 0.000453630081744261 
48 0 0.000483785191003339 
49 0 0.000536580724877167 
50 0 0.000589406954101257 
51 0 0.000662407993194059 
52 0 0.000721187077098451 
53 0 0.000795975443813046 
54 0 0.000862412248568201 
55 0 0.000937317032136842 
56 0 0.00101565438198004 
57 0 0.00108140881878294 
58 0 0.00120292685544221 
59 0 0.00132714449199645 
60 0 0.00140412638042042 
61 0 0.00158541840100812 
62 0 0.00170761341893733 
63 0 0.00189717126876354 
64 0 0.00202234334987716 
65 0 0.00222793184411096 
66 0 0.00243826734013453 
67 0 0.00258133457233045 
68 0 0.00276843331083276 
69 0 0.00298605605331337 
70 0 0.00317054098881986 
71 0 0.00369674400894782 
72 0 0.00382616604864483 
73 0 0.00429502100022394 
74 0 0.00451196784611307 
75 0 0.00493158843004982 
76 0 0.0054177208923808 
77 0 0.00575185015749746 
78 0 0.0061032626657217 
79 0 0.00635677105885379 
80 0 0.00687042725342213 
81 0 0.00791113922712561 
82 0 0.00866087792659909 
83 0 0.00924599195277009 
84 0 0.0101588204700398 
85 0 0.0108730625543714 
86 0 0.0117153187578364 
87 0 0.0129109800640779 
88 0 0.0138590955771686 
89 0 0.0147015382934421 
90 0 0.0160394654710458 
91 0 0.0175960444601485 
92 0 0.0184490356769863 
93 0 0.0197876064787051 
94 0 0.0216742007480889 
95 0 0.0231573835581661 
96 0 0.0242925347168862 
97 0 0.0258927677178371 
98 0 0.0275519079259809 
99 0 0.0292647318035753 
100 0 0.031027959369999 
101 0 0.0328368279323754 
102 0 0.0346849227661213 
103 0 0.0365677549912119 
104 0 0.0384765557890149 
105 0 0.0404043574177362 
106 0 0.0423462125382522 
107 0 0.0442925841789266 
108 0 0.0462372582921317 
109 0 0.0481720265785849 
110 0 0.0500908951508321 
111 0 0.0833333333333333 
