** Period (Monthly) Age-Specific Probabilities of Death for USA in 1952 
* Retrieved from the Human Mortality Database (Life tables), www.mortality.org. 
* Max Planck Institute for Demographic Research (Germany), 
* University of California, Berkeley (USA), 
* and French Institute for Demographic Studies (France) 
* Data downloaded on  02 Apr 2023 10:04:58 PDT 
** NB: The original HMD annual probabilities have been converted into monthly probabilities 
** The open age interval (110+) is limited to one year [110-111) 

death 1 F single 
1 0 0.00229713480435134 
2 0 0.00018435347596979 
3 0 0.000105060686358072 
4 0 0.0000775330540162544 
5 0 0.0000658571825241649 
6 0 0.0000525151654794387 
7 0 0.0000533489841776369 
8 0 0.0000433436645435048 
9 0 0.0000358403974268784 
10 0 0.0000300049511388067 
11 0 0.0000316721832838152 
12 0 0.0000333394460065861 
13 0 0.0000366740631904117 
14 0 0.0000400088026996093 
15 0 0.0000450111413439203 
16 0 0.0000525151654794387 
17 0 0.0000583520569852336 
18 0 0.0000625214946752273 
19 0 0.0000691929927806312 
20 0 0.000070860943814588 
21 0 0.0000716949308086079 
22 0 0.0000725289254539518 
23 0 0.0000758649805536749 
24 0 0.0000775330540162544 
25 0 0.0000817033715945215 
26 0 0.000087542137645058 
27 0 0.0000900445807636707 
28 0 0.0000925470927749528 
29 0 0.000100889297087292 
30 0 0.000105060686358072 
31 0 0.000107563611807859 
32 0 0.000114238416628387 
33 0 0.000126754996901401 
34 0 0.000135100341368544 
35 0 0.000144281105325716 
36 0 0.000157636599346866 
37 0 0.000169324266588666 
38 0 0.00018184843515745 
39 0 0.00019687971574367 
40 0 0.000214419352144724 
41 0 0.000236139783039269 
42 0 0.000257029709030077 
43 0 0.000276252682558709 
44 0 0.000296315773371636 
45 0 0.000318892045984898 
46 0 0.000340637462264981 
47 0 0.000371591836153429 
48 0 0.000404230837609543 
49 0 0.000436881566365344 
50 0 0.000494676995866028 
51 0 0.000543287115269853 
52 0 0.000580181113280731 
53 0 0.000623802434801979 
54 0 0.000685915063230014 
55 0 0.000743869177139422 
56 0 0.000790090981221403 
57 0 0.00084642933791268 
58 0 0.00091037786212611 
59 0 0.000960895362294378 
60 0 0.00102239623609435 
61 0 0.00113792823218783 
62 0 0.00126290191065015 
63 0 0.00136858816648544 
64 0 0.0014845617962681 
65 0 0.00163800997801178 
66 0 0.0017934179205894 
67 0 0.00192440491269807 
68 0 0.00204961459734698 
69 0 0.00224672248772551 
70 0 0.00246395141443323 
71 0 0.00273922734832366 
72 0 0.00306014973141 
73 0 0.00347740983070388 
74 0 0.00385920263248107 
75 0 0.0043011373737476 
76 0 0.00469520273919743 
77 0 0.00514565876676942 
78 0 0.00566310128941094 
79 0 0.00618530723400279 
80 0 0.00673388443780798 
81 0 0.0071071711383488 
82 0 0.00773760786903077 
83 0 0.00844472298529209 
84 0 0.00953164679391727 
85 0 0.0107265694320933 
86 0 0.0118339810806131 
87 0 0.0126153596275634 
88 0 0.013673710689847 
89 0 0.0143423121603852 
90 0 0.0160932414811382 
91 0 0.0182130883415904 
92 0 0.0187225336260517 
93 0 0.0207983326757889 
94 0 0.0210854689898469 
95 0 0.0226370034543804 
96 0 0.0249888090803421 
97 0 0.0267802092680741 
98 0 0.0286407481969883 
99 0 0.0305636075532389 
100 0 0.0325425479912935 
101 0 0.0345707246021414 
102 0 0.0366393426458963 
103 0 0.0387412746149055 
104 0 0.0408646790323314 
105 0 0.0430018875555997 
106 0 0.0451430441367187 
107 0 0.0472772870936842 
108 0 0.0493955922938359 
109 0 0.0514866038885005 
110 0 0.0535425289297178 
111 0 0.0833333333333333 

death 1 M single 
1 0 0.00297055573672755 
2 0 0.000207737186784573 
3 0 0.000128424004500527 
4 0 0.0000942154723914124 
5 0 0.0000775330540162544 
6 0 0.000064189323299324 
7 0 0.0000700269644720031 
8 0 0.0000608536966506534 
9 0 0.0000525151654794387 
10 0 0.0000450111413439203 
11 0 0.0000458448912142861 
12 0 0.0000483461867075707 
13 0 0.0000550166445189015 
14 0 0.000064189323299324 
15 0 0.0000766990134587475 
16 0 0.0000983865554056162 
17 0 0.000113404039220888 
18 0 0.000125086019946985 
19 0 0.000147619794864662 
20 0 0.000157636599346866 
21 0 0.000167654507824855 
22 0 0.000170159157473537 
23 0 0.000178508488132945 
24 0 0.000175168663833603 
25 0 0.000170994056027163 
26 0 0.000169324266588666 
27 0 0.000164315082316957 
28 0 0.000160975779494144 
29 0 0.000171828962249876 
30 0 0.000174333726933429 
31 0 0.000172663876141788 
32 0 0.000177673520552979 
33 0 0.000194374329680724 
34 0 0.000203561082892323 
35 0 0.000211913482563775 
36 0 0.00022778515685884 
37 0 0.000244495177269322 
38 0 0.0002637154995494 
39 0 0.000287955613937352 
40 0 0.000318055787721261 
41 0 0.000358204867048073 
42 0 0.000395860745241672 
43 0 0.000432694919820231 
44 0 0.000471219345953733 
45 0 0.000517302609322257 
46 0 0.000563409256980729 
47 0 0.000622963365694118 
48 0 0.000681716926024034 
49 0 0.000737147964460783 
50 0 0.000834654255722489 
51 0 0.000920479114542294 
52 0 0.000991219355422568 
53 0 0.00107719236232429 
54 0 0.00120039357028268 
55 0 0.00132545331523504 
56 0 0.0014329056038308 
57 0 0.00155150451617481 
58 0 0.00167450268662561 
59 0 0.00176197517111976 
60 0 0.00186314070433169 
61 0 0.00204790990419335 
62 0 0.00223476435504144 
63 0 0.00238606547739639 
64 0 0.00255561723412234 
65 0 0.00278132128603825 
66 0 0.00301275725835959 
67 0 0.0032093823850522 
68 0 0.00337183342386427 
69 0 0.00362299540303612 
70 0 0.00385572452974303 
71 0 0.0041483518787726 
72 0 0.00447519025156384 
73 0 0.00491399201601828 
74 0 0.00531339255142538 
75 0 0.00581846904138283 
76 0 0.00625046087030123 
77 0 0.00675722581148219 
78 0 0.00734905631715399 
79 0 0.00797482080345546 
80 0 0.0086397891650527 
81 0 0.00935866654572137 
82 0 0.010137378032484 
83 0 0.0109106633661435 
84 0 0.0120251193790281 
85 0 0.013097683667609 
86 0 0.0140185806941318 
87 0 0.0154193986492358 
88 0 0.0164855883556455 
89 0 0.0169128340692046 
90 0 0.0190071639486518 
91 0 0.0205487621795888 
92 0 0.0210117559377433 
93 0 0.0236699846973144 
94 0 0.0231368978169852 
95 0 0.0252169705874956 
96 0 0.0273741818722709 
97 0 0.0290466422029365 
98 0 0.0307678559631201 
99 0 0.0325329554331344 
100 0 0.0343366534965307 
101 0 0.0361744403811697 
102 0 0.038038833638205 
103 0 0.0399229674781064 
104 0 0.041823338491929 
105 0 0.0437292927734227 
106 0 0.0456347781667565 
107 0 0.0475346291188317 
108 0 0.0494188731621378 
109 0 0.0512841297523875 
110 0 0.0531207143842671 
111 0 0.0833333333333333 
