** Period (Monthly) Age-Specific Probabilities of Death for USA in 1988 
* Retrieved from the Human Mortality Database (Life tables), www.mortality.org. 
* Max Planck Institute for Demographic Research (Germany), 
* University of California, Berkeley (USA), 
* and French Institute for Demographic Studies (France) 
* Data downloaded on  06 Apr 2023 08:10:26 PDT 
** NB: The original HMD annual probabilities have been converted into monthly probabilities 
** The open age interval (110+) is limited to one year [110-111) 

death 1 F single 
1 0 0.00076235507658684 
2 0 0.000061687591838111 
3 0 0.0000375077365993848 
4 0 0.0000291713465325749 
5 0 0.0000233363283135279 
6 0 0.0000208357208674181 
7 0 0.0000166681946396352 
8 0 0.0000166681946396352 
9 0 0.0000166681946396352 
10 0 0.0000158347123201397 
11 0 0.0000150012376423092 
12 0 0.0000141677706060328 
13 0 0.0000150012376423092 
14 0 0.0000183351822042876 
15 0 0.0000241698794146705 
16 0 0.0000275041602521009 
17 0 0.0000400088026996093 
18 0 0.0000416762183291786 
19 0 0.0000458448912142861 
20 0 0.0000433436645435048 
21 0 0.0000425099376131222 
22 0 0.0000458448912142861 
23 0 0.0000441773991204375 
24 0 0.0000483461867075707 
25 0 0.0000458448912142861 
26 0 0.0000500137552731372 
27 0 0.0000525151654794387 
28 0 0.0000541828105240505 
29 0 0.0000608536966506534 
30 0 0.0000575181923953005 
31 0 0.0000625214946752273 
32 0 0.0000683590287403613 
33 0 0.0000691929927806312 
34 0 0.0000716949308086079 
35 0 0.0000775330540162544 
36 0 0.0000842056539793745 
37 0 0.0000933812787555777 
38 0 0.0000950496736826789 
39 0 0.000106729295667018 
40 0 0.000107563611807859 
41 0 0.00011590719442045 
42 0 0.000125920504593591 
43 0 0.000145950434766062 
44 0 0.000157636599346866 
45 0 0.000167654507824855 
46 0 0.000177673520552979 
47 0 0.000206901950655758 
48 0 0.000235304285861493 
49 0 0.000258701110551818 
50 0 0.000277924437637966 
51 0 0.000297987897547314 
52 0 0.000338964553193377 
53 0 0.000382470200815832 
54 0 0.000417624589193033 
55 0 0.000446092867803172 
56 0 0.000500542354690436 
57 0 0.000544963790214625 
58 0 0.000578503788322804 
59 0 0.000677518982809433 
60 0 0.00067080267712083 
61 0 0.000767397338481079 
62 0 0.00084642933791268 
63 0 0.000933949198882678 
64 0 0.00101649708637441 
65 0 0.00106538732565109 
66 0 0.00116324683897573 
67 0 0.00126966214741298 
68 0 0.00136266648312933 
69 0 0.00154048523135941 
70 0 0.00157778667204134 
71 0 0.00175687737329711 
72 0 0.00187930363107702 
73 0 0.00216560894491169 
74 0 0.00238606547739639 
75 0 0.00254618937066786 
76 0 0.00276327863371617 
77 0 0.00302223377064559 
78 0 0.0033363804302966 
79 0 0.00365509035745093 
80 0 0.00401672673643949 
81 0 0.00465571889421523 
82 0 0.00508746607156807 
83 0 0.00567552088656909 
84 0 0.00632459679213815 
85 0 0.00705040405004642 
86 0 0.00776121031828036 
87 0 0.00851061362749528 
88 0 0.00992881407888069 
89 0 0.0108063598113282 
90 0 0.0119851464042473 
91 0 0.0132288007061989 
92 0 0.0144605900279701 
93 0 0.0160952338062309 
94 0 0.0176578614364922 
95 0 0.0194559882537502 
96 0 0.0209980730905304 
97 0 0.0228946621391756 
98 0 0.0248974887425699 
99 0 0.0269983996881641 
100 0 0.0291919753744101 
101 0 0.0314698916987042 
102 0 0.0338204764220165 
103 0 0.0362306988432818 
104 0 0.0386885239081605 
105 0 0.0411777681227583 
106 0 0.0436829702101684 
107 0 0.0461881765475199 
108 0 0.0486784207714593 
109 0 0.0511370388686918 
110 0 0.0535486352842348 
111 0 0.0833333333333333 

death 1 M single 
1 0 0.000946579217563581 
2 0 0.000070860943814588 
3 0 0.0000500137552731372 
4 0 0.0000383414176537977 
5 0 0.0000308385633891461 
6 0 0.0000275041602521009 
7 0 0.0000241698794146705 
8 0 0.0000216692490401238 
9 0 0.0000225027848553827 
10 0 0.0000225027848553827 
11 0 0.0000225027848553827 
12 0 0.0000233363283135279 
13 0 0.0000250034381590325 
14 0 0.0000325058108229248 
15 0 0.0000408425066913409 
16 0 0.0000575181923953005 
17 0 0.0000850397634148958 
18 0 0.000104226393189744 
19 0 0.000129258519792286 
20 0 0.000131762111637901 
21 0 0.000137604094123889 
22 0 0.000138438693701781 
23 0 0.000141777168646939 
24 0 0.00014344645210207 
25 0 0.000142611806542514 
26 0 0.000141777168646939 
27 0 0.000150958607041618 
28 0 0.000146785110982983 
29 0 0.000161810593698575 
30 0 0.000150123892499576 
31 0 0.000173498797702898 
32 0 0.000176003608403419 
33 0 0.00018435347596979 
34 0 0.000192704110671182 
35 0 0.000188528697419477 
36 0 0.000209407682068785 
37 0 0.000213584054607918 
38 0 0.000223608131741049 
39 0 0.000251180045748089 
40 0 0.000234468796364018 
41 0 0.000251180045748089 
42 0 0.000258701110551818 
43 0 0.00028711964028949 
44 0 0.00030467670191936 
45 0 0.000323909757170004 
46 0 0.000353185262004341 
47 0 0.000387491423751052 
48 0 0.00041678742188056 
49 0 0.000473732375948943 
50 0 0.0004678687474029 
51 0 0.00053322771529607 
52 0 0.000597794895148662 
53 0 0.000668284190493806 
54 0 0.000740508508638826 
55 0 0.000782525803686207 
56 0 0.000889337193732631 
57 0 0.000971844525229915 
58 0 0.00100469993637531 
59 0 0.00120546021128165 
60 0 0.00122150643987429 
61 0 0.00141512912385056 
62 0 0.00152946728411341 
63 0 0.00169317905042266 
64 0 0.00182062043837028 
65 0 0.00191163812433781 
66 0 0.00212294672191837 
67 0 0.0023048272824131 
68 0 0.00244511571538997 
69 0 0.00279592987320199 
70 0 0.00287674929142046 
71 0 0.00317312989735519 
72 0 0.00341854878888592 
73 0 0.00392270148418228 
74 0 0.00427667435896417 
75 0 0.00460134713587845 
76 0 0.00490167656244367 
77 0 0.00527540450088038 
78 0 0.00576872229796033 
79 0 0.00635587717446362 
80 0 0.00687222524650954 
81 0 0.00774123861312659 
82 0 0.00837248168084725 
83 0 0.00924599195277009 
84 0 0.00993346425435904 
85 0 0.0109153645733601 
86 0 0.0118615331537276 
87 0 0.012764967761097 
88 0 0.014136431774834 
89 0 0.0152830650058239 
90 0 0.016501598292156 
91 0 0.0180530811645324 
92 0 0.0193836109392739 
93 0 0.0212499637863025 
94 0 0.0229419807360021 
95 0 0.0245101496005719 
96 0 0.0261444599612958 
97 0 0.0279903902620841 
98 0 0.0299024681676763 
99 0 0.0318735822991053 
100 0 0.0338959440826254 
101 0 0.0359634805613009 
102 0 0.038065648260716 
103 0 0.0401947310399597 
104 0 0.0423395063121061 
105 0 0.044491701866238 
106 0 0.04663937092283 
107 0 0.0487737006245268 
108 0 0.0508850422134776 
109 0 0.0529628758231051 
110 0 0.0549988929400747 
111 0 0.0833333333333333 
