** Period (Monthly) Age-Specific Probabilities of Death for USA in 1992 
* Retrieved from the Human Mortality Database (Life tables), www.mortality.org. 
* Max Planck Institute for Demographic Research (Germany), 
* University of California, Berkeley (USA), 
* and French Institute for Demographic Studies (France) 
* Data downloaded on  06 Apr 2023 08:10:27 PDT 
** NB: The original HMD annual probabilities have been converted into monthly probabilities 
** The open age interval (110+) is limited to one year [110-111) 

death 1 F single 
1 0 0.000649817421544685 
2 0 0.0000541828105240505 
3 0 0.0000341730888351321 
4 0 0.0000233363283135279 
5 0 0.0000191686874497776 
6 0 0.0000175016846010179 
7 0 0.0000141677706060328 
8 0 0.0000141677706060328 
9 0 0.0000116674153447516 
10 0 0.000012500859457365 
11 0 0.0000116674153447516 
12 0 0.000012500859457365 
13 0 0.0000133343112110884 
14 0 0.0000158347123201397 
15 0 0.0000216692490401238 
16 0 0.0000300049511388067 
17 0 0.0000366740631904117 
18 0 0.0000366740631904117 
19 0 0.0000425099376131222 
20 0 0.0000366740631904117 
21 0 0.0000391751063537615 
22 0 0.0000416762183291786 
23 0 0.0000400088026996093 
24 0 0.0000425099376131222 
25 0 0.0000441773991204375 
26 0 0.0000475124138960004 
27 0 0.0000475124138960004 
28 0 0.0000491799671665794 
29 0 0.00005668433545436 
30 0 0.0000550166445189015 
31 0 0.0000575181923953005 
32 0 0.000064189323299324 
33 0 0.000070860943814588 
34 0 0.0000750309553007034 
35 0 0.0000783671022263066 
36 0 0.0000833715521976197 
37 0 0.0000925470927749528 
38 0 0.0000958838826297104 
39 0 0.000110066606177961 
40 0 0.000107563611807859 
41 0 0.000116741594805347 
42 0 0.000129258519792286 
43 0 0.000141777168646939 
44 0 0.000150958607041618 
45 0 0.000156801823476993 
46 0 0.000169324266588666 
47 0 0.000198550011486498 
48 0 0.000211078208056104 
49 0 0.000243659603279878 
50 0 0.000252851339696436 
51 0 0.000281268040052463 
52 0 0.000315547059099419 
53 0 0.000352348688118842 
54 0 0.000383307052038151 
55 0 0.000404230837609543 
56 0 0.000452792582654515 
57 0 0.000505570106476561 
58 0 0.000530713039309183 
59 0 0.00062883701218952 
60 0 0.000660729149487893 
61 0 0.000715307456999881 
62 0 0.000783366347855252 
63 0 0.00087755654811561 
64 0 0.000930581490505844 
65 0 0.00100217217502307 
66 0 0.00108393878663349 
67 0 0.00120292685544221 
68 0 0.0013288357002611 
69 0 0.00144899208578764 
70 0 0.00150743540097187 
71 0 0.00167959585924282 
72 0 0.00184017728613417 
73 0 0.00206069588368163 
74 0 0.00220060694580992 
75 0 0.00240232185222156 
76 0 0.00261649340147596 
77 0 0.00282257512348127 
78 0 0.00309894383275255 
79 0 0.00334848477086847 
80 0 0.00371670984089179 
81 0 0.00420681643696974 
82 0 0.00475929097878147 
83 0 0.00529042112512457 
84 0 0.00579892241232671 
85 0 0.00646231157228883 
86 0 0.00717750370000769 
87 0 0.00792841978079339 
88 0 0.00877741350786465 
89 0 0.00972258804146675 
90 0 0.0107810069589962 
91 0 0.0117694093378173 
92 0 0.0132953966724711 
93 0 0.014926419665505 
94 0 0.0161669870815223 
95 0 0.0180561359401139 
96 0 0.0192607042013566 
97 0 0.0210264936646199 
98 0 0.0228978876065224 
99 0 0.0248721997448745 
100 0 0.0269432389187571 
101 0 0.0291042854600484 
102 0 0.0313467786575478 
103 0 0.0336600189897913 
104 0 0.036034575946279 
105 0 0.0384547458305685 
106 0 0.0409068870653846 
107 0 0.0433770443258582 
108 0 0.0458481728302754 
109 0 0.0483069670140781 
110 0 0.050738629615921 
111 0 0.0833333333333333 

death 1 M single 
1 0 0.000802701010725881 
2 0 0.0000591859292243813 
3 0 0.0000425099376131222 
4 0 0.0000325058108229248 
5 0 0.0000258370045466139 
6 0 0.0000225027848553827 
7 0 0.0000191686874497776 
8 0 0.0000183351822042876 
9 0 0.0000200022003373768 
10 0 0.0000183351822042876 
11 0 0.0000175016846010179 
12 0 0.0000191686874497776 
13 0 0.0000233363283135279 
14 0 0.0000291713465325749 
15 0 0.0000400088026996093 
16 0 0.0000591859292243813 
17 0 0.0000867080052475711 
18 0 0.000103392107678624 
19 0 0.000125086019946985 
20 0 0.000129258519792286 
21 0 0.000128424004500527 
22 0 0.000138438693701781 
23 0 0.000135100341368544 
24 0 0.000130927573360862 
25 0 0.000127589496870306 
26 0 0.000131762111637901 
27 0 0.000138438693701781 
28 0 0.000146785110982983 
29 0 0.000158471382883385 
30 0 0.000153462796661064 
31 0 0.000166819639945581 
32 0 0.000176003608403419 
33 0 0.000183518454694553 
34 0 0.000197714859778153 
35 0 0.000198550011486498 
36 0 0.000216925290815517 
37 0 0.00022193737544296 
38 0 0.00022778515685884 
39 0 0.0002637154995494 
40 0 0.000249508782532493 
41 0 0.000271237601818131 
42 0 0.000290463581019584 
43 0 0.000301332238197172 
44 0 0.000317219537152469 
45 0 0.000319728311943712 
46 0 0.000337291674916473 
47 0 0.000391675988146045 
48 0 0.000408416172918757 
49 0 0.000452792582654515 
50 0 0.000457817692981588 
51 0 0.000503056195808371 
52 0 0.000557539838629828 
53 0 0.000608700376361515 
54 0 0.000654853440819392 
55 0 0.000699350406128119 
56 0 0.000793453484596252 
57 0 0.000863253532303099 
58 0 0.000936475062115583 
59 0 0.00109068571217974 
60 0 0.00112105308203625 
61 0 0.00127895829491187 
62 0 0.00136689621754071 
63 0 0.00151590856934491 
64 0 0.00161764833304945 
65 0 0.00175517817099125 
66 0 0.0019559040065954 
67 0 0.00209138958869148 
68 0 0.00229029759373778 
69 0 0.00256247447782643 
70 0 0.00265252390469628 
71 0 0.00288879239340334 
72 0 0.00317485587746946 
73 0 0.00341162647395998 
74 0 0.00371584166971539 
75 0 0.00413090708677033 
76 0 0.00438243701038499 
77 0 0.00476016921513489 
78 0 0.00526657235721451 
79 0 0.00569592821565312 
80 0 0.00618263069219871 
81 0 0.00698737134859484 
82 0 0.00775757877024863 
83 0 0.00858388198918514 
84 0 0.00915558483220591 
85 0 0.0100889183036887 
86 0 0.0110423901727748 
87 0 0.0119109580425891 
88 0 0.0129205944707612 
89 0 0.0142661496013334 
90 0 0.0154164326653329 
91 0 0.0167481126612224 
92 0 0.0179584349322142 
93 0 0.0200267216377956 
94 0 0.0220365597751477 
95 0 0.0235226062374926 
96 0 0.0249051868262405 
97 0 0.026738656664524 
98 0 0.0286430426316804 
99 0 0.0306128655674436 
100 0 0.032642132569075 
101 0 0.0347217926062775 
102 0 0.0368443817588805 
103 0 0.0390003434801087 
104 0 0.0411790915589361 
105 0 0.0433689010173121 
106 0 0.0455609793741452 
107 0 0.0477456222865412 
108 0 0.0499092260724718 
109 0 0.0520428716517146 
110 0 0.0541368727641787 
111 0 0.0833333333333333 
