** Period (Monthly) Age-Specific Probabilities of Death for USA in 2002 
* Retrieved from the Human Mortality Database (Life tables), www.mortality.org. 
* Max Planck Institute for Demographic Research (Germany), 
* University of California, Berkeley (USA), 
* and French Institute for Demographic Studies (France) 
* Data downloaded on  30 Mar 2023 19:31:15 CEST 
** NB: The original HMD annual probabilities have been converted into monthly probabilities 
** The open age interval (110+) is limited to one year [110-111) 

death 1 F single 
1 0 0.000527360246250774 
2 0 0.0000358403974268784 
3 0 0.0000233363283135279 
4 0 0.0000166681946396352 
5 0 0.0000141677706060328 
6 0 0.0000133343112110884 
7 0 0.0000108339788730261 
8 0 0.0000100005500421885 
9 0 0.0000108339788730261 
10 0 0.0000108339788730261 
11 0 0.0000100005500421885 
12 0 0.0000108339788730261 
13 0 0.0000116674153447516 
14 0 0.0000150012376423092 
15 0 0.0000175016846010179 
16 0 0.0000208357208674181 
17 0 0.0000316721832838152 
18 0 0.0000366740631904117 
19 0 0.0000383414176537977 
20 0 0.0000375077365993848 
21 0 0.0000375077365993848 
22 0 0.0000416762183291786 
23 0 0.0000391751063537615 
24 0 0.0000375077365993848 
25 0 0.0000408425066913409 
26 0 0.0000408425066913409 
27 0 0.0000433436645435048 
28 0 0.0000425099376131222 
29 0 0.0000475124138960004 
30 0 0.0000508475510273554 
31 0 0.0000533489841776369 
32 0 0.000055850486162301 
33 0 0.000061687591838111 
34 0 0.0000658571825241649 
35 0 0.0000725289254539518 
36 0 0.0000800352216044908 
37 0 0.0000867080052475711 
38 0 0.0000942154723914124 
39 0 0.000102557829824601 
40 0 0.000119244841917165 
41 0 0.000125086019946985 
42 0 0.0001367695022092 
43 0 0.000149289185622847 
44 0 0.000165149927191854 
45 0 0.000176003608403419 
46 0 0.000191869012675761 
47 0 0.000199385170868593 
48 0 0.000216925290815517 
49 0 0.000238646320656399 
50 0 0.000253686998195723 
51 0 0.000270401781932272 
52 0 0.000288791595274951 
53 0 0.000306348979935533 
54 0 0.000341473928349267 
55 0 0.000376612458030223 
56 0 0.000404230837609543 
57 0 0.000442743195606776 
58 0 0.000487136376522423 
59 0 0.000542448789399907 
60 0 0.000591923255105264 
61 0 0.000658210942097504 
62 0 0.000701029963708133 
63 0 0.000772439880273978 
64 0 0.000839700532605847 
65 0 0.000933949198882678 
66 0 0.00100554253912766 
67 0 0.00108899893379788 
68 0 0.00121474978746505 
69 0 0.00130347088357585 
70 0 0.00144306515551407 
71 0 0.00159813937544717 
72 0 0.00170506601060849 
73 0 0.00189632034908593 
74 0 0.0020487622467662 
75 0 0.00229371613461904 
76 0 0.00253933335832857 
77 0 0.00272978037450389 
78 0 0.00307221722798234 
79 0 0.00334848477086847 
80 0 0.00368980040329869 
81 0 0.0043544547007508 
82 0 0.00474787468187809 
83 0 0.00553545579926784 
84 0 0.00599903087789644 
85 0 0.0067392703731447 
86 0 0.00751278663996391 
87 0 0.00847674714256408 
88 0 0.00948073574785457 
89 0 0.0106046738490148 
90 0 0.0119166626647199 
91 0 0.0131612900623747 
92 0 0.0149392028105527 
93 0 0.0164415758060946 
94 0 0.0184950721348124 
95 0 0.0205204936926306 
96 0 0.0221505669419093 
97 0 0.0242925347168862 
98 0 0.0265558325834138 
99 0 0.0289303175160032 
100 0 0.0314047623961966 
101 0 0.033966601616656 
102 0 0.0365991458816158 
103 0 0.0392834898299794 
104 0 0.0420021798094787 
105 0 0.0447326257703352 
106 0 0.0474563503509632 
107 0 0.050152514971769 
108 0 0.0528007856729799 
109 0 0.0553816874564271 
110 0 0.0578802437449695 
111 0 0.0833333333333333 

death 1 M single 
1 0 0.000643942418526833 
2 0 0.0000441773991204375 
3 0 0.0000300049511388067 
4 0 0.0000233363283135279 
5 0 0.0000200022003373768 
6 0 0.0000158347123201397 
7 0 0.0000133343112110884 
8 0 0.0000133343112110884 
9 0 0.0000141677706060328 
10 0 0.0000133343112110884 
11 0 0.0000141677706060328 
12 0 0.0000141677706060328 
13 0 0.0000183351822042876 
14 0 0.0000216692490401238 
15 0 0.0000266705785775256 
16 0 0.0000358403974268784 
17 0 0.000061687591838111 
18 0 0.0000741969376999441 
19 0 0.0000992207949763735 
20 0 0.000114238416628387 
21 0 0.000114238416628387 
22 0 0.000120079272940554 
23 0 0.000117576002849673 
24 0 0.000119244841917165 
25 0 0.000118410418553538 
26 0 0.000112569669472262 
27 0 0.000117576002849673 
28 0 0.000111735307382288 
29 0 0.000111735307382288 
30 0 0.000116741594805347 
31 0 0.000120079272940554 
32 0 0.000122582611971733 
33 0 0.000120913711624038 
34 0 0.000132596657577144 
35 0 0.000139273300942766 
36 0 0.000148454486411209 
37 0 0.000156801823476993 
38 0 0.000171828962249876 
39 0 0.000187693637785924 
40 0 0.000200220337924772 
41 0 0.000223608131741049 
42 0 0.000233633314546733 
43 0 0.000254522664378531 
44 0 0.000271237601818131 
45 0 0.000302168342589226 
46 0 0.000320564585597816 
47 0 0.00035485843287919 
48 0 0.000376612458030223 
49 0 0.00041343882975442 
50 0 0.000441905796850772 
51 0 0.000482109644590722 
52 0 0.000506408092155519 
53 0 0.000543287115269853 
54 0 0.00057934244693103 
55 0 0.000622124304335503 
56 0 0.000669123678278649 
57 0 0.000734627637908103 
58 0 0.00078168526729494 
59 0 0.000874190929995411 
60 0 0.000958368819830469 
61 0 0.00105274077475737 
62 0 0.00111599114845129 
63 0 0.00124600352053983 
64 0 0.00133560084837681 
65 0 0.00145745980037426 
66 0 0.0015752429049769 
67 0 0.00169487709227212 
68 0 0.0018707964686463 
69 0 0.00203171691659121 
70 0 0.00221939192912712 
71 0 0.00246223891648489 
72 0 0.00266539541228128 
73 0 0.0028681480552073 
74 0 0.00316191182782766 
75 0 0.00349386313623667 
76 0 0.00381834335946507 
77 0 0.00414660724829929 
78 0 0.00457066782205839 
79 0 0.00498615907620048 
80 0 0.0054672747993505 
81 0 0.00632191612044752 
82 0 0.00695947092186167 
83 0 0.00785840853418829 
84 0 0.00849505177052423 
85 0 0.0095473887608778 
86 0 0.0105578348854524 
87 0 0.011961361410128 
88 0 0.0130235331559673 
89 0 0.0144723285791614 
90 0 0.0161271170445563 
91 0 0.0175605950120825 
92 0 0.0190926274608513 
93 0 0.0217569562405086 
94 0 0.023616856901285 
95 0 0.026158959618626 
96 0 0.0275711736033254 
97 0 0.029859420949999 
98 0 0.0322337139240283 
99 0 0.0346812366339512 
100 0 0.0371876057119318 
101 0 0.0397366196946008 
102 0 0.0423140273628888 
103 0 0.044899599133834 
104 0 0.0474791150584681 
105 0 0.0500307848503718 
106 0 0.0525423761642331 
107 0 0.0549957877698666 
108 0 0.0573759505372143 
109 0 0.0596731368397193 
110 0 0.0618737807886662 
111 0 0.0833333333333333 
