** Period (Monthly) Age-Specific Probabilities of Death for USA in 2008 
* Retrieved from the Human Mortality Database (Life tables), www.mortality.org. 
* Max Planck Institute for Demographic Research (Germany), 
* University of California, Berkeley (USA), 
* and French Institute for Demographic Studies (France) 
* Data downloaded on  31 Mar 2023 06:31:05 CEST 
** NB: The original HMD annual probabilities have been converted into monthly probabilities 
** The open age interval (110+) is limited to one year [110-111) 

death 1 F single 
1 0 0.000510598136479801 
2 0 0.0000358403974268784 
3 0 0.0000208357208674181 
4 0 0.0000158347123201397 
5 0 0.000012500859457365 
6 0 0.0000108339788730261 
7 0 0.0000100005500421885 
8 0 0.00000916712885190574 
9 0 0.00000916712885190574 
10 0 0.00000833371530217786 
11 0 0.00000833371530217786 
12 0 0.0000100005500421885 
13 0 0.00000916712885190574 
14 0 0.0000108339788730261 
15 0 0.0000133343112110884 
16 0 0.0000183351822042876 
17 0 0.0000225027848553827 
18 0 0.0000258370045466139 
19 0 0.0000316721832838152 
20 0 0.0000341730888351321 
21 0 0.0000358403974268784 
22 0 0.0000375077365993848 
23 0 0.0000383414176537977 
24 0 0.0000391751063537615 
25 0 0.0000391751063537615 
26 0 0.0000433436645435048 
27 0 0.0000433436645435048 
28 0 0.0000450111413439203 
29 0 0.0000491799671665794 
30 0 0.0000516813544294559 
31 0 0.0000533489841776369 
32 0 0.0000575181923953005 
33 0 0.0000591859292243813 
34 0 0.0000591859292243813 
35 0 0.0000675250723508602 
36 0 0.0000758649805536749 
37 0 0.0000766990134587475 
38 0 0.0000850397634148958 
39 0 0.0000908787437792213 
40 0 0.000100055042203562 
41 0 0.000114238416628387 
42 0 0.00012425154296114 
43 0 0.000134265772442244 
44 0 0.000148454486411209 
45 0 0.000168489383372439 
46 0 0.00018184843515745 
47 0 0.000198550011486498 
48 0 0.000215254657358166 
49 0 0.000231962373952066 
50 0 0.000256194019795597 
51 0 0.000278760326709371 
52 0 0.000291299585426952 
53 0 0.000318055787721261 
54 0 0.000329764103723651 
55 0 0.000350675563450809 
56 0 0.000383307052038151 
57 0 0.00041176457996317 
58 0 0.000431857613657716 
59 0 0.000470381684733234 
60 0 0.000510598136479801 
61 0 0.000582697158779455 
62 0 0.000620446204865122 
63 0 0.000682556537945356 
64 0 0.000741348664108354 
65 0 0.000832972225725759 
66 0 0.000896069677321809 
67 0 0.000977740775142899 
68 0 0.00105695609604139 
69 0 0.00114721090168135 
70 0 0.00127642288756125 
71 0 0.0013948174082149 
72 0 0.00150065743569927 
73 0 0.00169487709227212 
74 0 0.00184187808080083 
75 0 0.00203597794890953 
76 0 0.00225270214530893 
77 0 0.00248022175805163 
78 0 0.00272634535534511 
79 0 0.00303084964172018 
80 0 0.00330526240631335 
81 0 0.00385050762609362 
82 0 0.00430725416058697 
83 0 0.00482078812076214 
84 0 0.00545311376863222 
85 0 0.00604979544756412 
86 0 0.00681650410382884 
87 0 0.00767681461899983 
88 0 0.00852526253585484 
89 0 0.00996137035369016 
90 0 0.0108570869692929 
91 0 0.0123168893141251 
92 0 0.0138416083805168 
93 0 0.0155955565199077 
94 0 0.0172018291257705 
95 0 0.0193185215600586 
96 0 0.0210802017465594 
97 0 0.0232285812964679 
98 0 0.0255088141622157 
99 0 0.0279129866368621 
100 0 0.030428875140368 
101 0 0.0330452204888335 
102 0 0.0357418339193625 
103 0 0.0385022215326193 
104 0 0.0413035843680418 
105 0 0.044124034454455 
106 0 0.0469428915377543 
107 0 0.0497337803612518 
108 0 0.0524790255859077 
109 0 0.055154294733132 
110 0 0.0577422688294859 
111 0 0.0833333333333333 

death 1 M single 
1 0 0.000617929113774562 
2 0 0.0000441773991204375 
3 0 0.0000275041602521009 
4 0 0.0000208357208674181 
5 0 0.0000158347123201397 
6 0 0.000012500859457365 
7 0 0.0000108339788730261 
8 0 0.0000116674153447516 
9 0 0.0000116674153447516 
10 0 0.0000100005500421885 
11 0 0.0000108339788730261 
12 0 0.0000108339788730261 
13 0 0.0000133343112110884 
14 0 0.0000166681946396352 
15 0 0.0000216692490401238 
16 0 0.0000316721832838152 
17 0 0.0000466786487315352 
18 0 0.0000625214946752273 
19 0 0.0000867080052475711 
20 0 0.0000992207949763735 
21 0 0.000109232267063164 
22 0 0.000115072801694871 
23 0 0.000120079272940554 
24 0 0.000117576002849673 
25 0 0.000117576002849673 
26 0 0.000118410418553538 
27 0 0.000115072801694871 
28 0 0.000117576002849673 
29 0 0.000120913711624038 
30 0 0.000123417073636167 
31 0 0.00012425154296114 
32 0 0.00012425154296114 
33 0 0.000122582611971733 
34 0 0.000129258519792286 
35 0 0.000130093042745694 
36 0 0.000133431211178481 
37 0 0.000142611806542514 
38 0 0.000156801823476993 
39 0 0.000164315082316957 
40 0 0.000167654507824855 
41 0 0.000182683441090514 
42 0 0.000204396288320696 
43 0 0.000221102008810981 
44 0 0.000239481848557044 
45 0 0.000268730165220221 
46 0 0.000291299585426952 
47 0 0.000320564585597816 
48 0 0.000347329406522712 
49 0 0.000376612458030223 
50 0 0.000412601701002879 
51 0 0.000456980155295161 
52 0 0.000489649846773466 
53 0 0.000529874829445887 
54 0 0.000570956209186124 
55 0 0.00062548059626566 
56 0 0.000685915063229903 
57 0 0.000720347108071118 
58 0 0.000752271392364889 
59 0 0.00080354174160413 
60 0 0.000859888444115109 
61 0 0.000965948658087412 
62 0 0.000991219355422568 
63 0 0.00107634909452503 
64 0 0.00116071466059597 
65 0 0.00131868892319764 
66 0 0.00140412638042042 
67 0 0.00150912997137287 
68 0 0.00160577281599117 
69 0 0.00173224205328804 
70 0 0.00190738292737291 
71 0 0.00208456786785416 
72 0 0.00222280779863893 
73 0 0.00246823280079178 
74 0 0.00270402090258359 
75 0 0.00294300616164489 
76 0 0.0032776109094852 
77 0 0.00352071442008639 
78 0 0.00390530010961287 
79 0 0.00429851602020226 
80 0 0.00473382583210724 
81 0 0.00543453078112688 
82 0 0.00602129252897166 
83 0 0.00666389649627952 
84 0 0.00749739600593147 
85 0 0.00835328803211954 
86 0 0.00919708703899069 
87 0 0.010384742476073 
88 0 0.0113876763502087 
89 0 0.0130707127541972 
90 0 0.0141101209918529 
91 0 0.0160155753955016 
92 0 0.0175889534447911 
93 0 0.0194539195147555 
94 0 0.0218642285401407 
95 0 0.024241216085107 
96 0 0.0256173951758513 
97 0 0.0279004718305005 
98 0 0.0302861663992812 
99 0 0.0327610618357815 
100 0 0.0353113519172279 
101 0 0.0379201818965212 
102 0 0.0405711076959621 
103 0 0.0432454875585168 
104 0 0.0459236141045106 
105 0 0.0485846870377356 
106 0 0.0512112958419808 
107 0 0.0537840600925451 
108 0 0.056287872261949 
109 0 0.0587063098487541 
110 0 0.0610266757658845 
111 0 0.0833333333333333 
