** Period (Monthly) Age-Specific Probabilities of Death for USA in 1948 
* Retrieved from the Human Mortality Database (Life tables), www.mortality.org. 
* Max Planck Institute for Demographic Research (Germany), 
* University of California, Berkeley (USA), 
* and French Institute for Demographic Studies (France) 
* Data downloaded on  03 Apr 2023 22:47:33 CEST 
** NB: The original HMD annual probabilities have been converted into monthly probabilities 
** The open age interval (110+) is limited to one year [110-111) 

death 1 F single 
1 0 0.00252990718768276 
2 0 0.00019687971574367 
3 0 0.000116741594805347 
4 0 0.0000883762776967556 
5 0 0.0000691929927806312 
6 0 0.000055850486162301 
7 0 0.0000533489841776369 
8 0 0.0000491799671665794 
9 0 0.0000450111413439203 
10 0 0.0000408425066913409 
11 0 0.0000383414176537977 
12 0 0.0000391751063537615 
13 0 0.0000416762183291786 
14 0 0.0000450111413439203 
15 0 0.0000533489841776369 
16 0 0.0000600198091127435 
17 0 0.0000675250723508602 
18 0 0.0000741969376999441 
19 0 0.000080869292772956 
20 0 0.0000867080052475711 
21 0 0.0000933812787555777 
22 0 0.000097552323490957 
23 0 0.000101723559627565 
24 0 0.000104226393189744 
25 0 0.000106729295667018 
26 0 0.000108397935606575 
27 0 0.000111735307382288 
28 0 0.00011590719442045 
29 0 0.000121748157967727 
30 0 0.000126754996901401 
31 0 0.000133431211178481 
32 0 0.000140942538415234 
33 0 0.000149289185622847 
34 0 0.000160140972956802 
35 0 0.000173498797702898 
36 0 0.000187693637785924 
37 0 0.000203561082892323 
38 0 0.000221102008810981 
39 0 0.000237810800436611 
40 0 0.000254522664378531 
41 0 0.000271237601818131 
42 0 0.000292135597524501 
43 0 0.000314710831614828 
44 0 0.000338964553193377 
45 0 0.00036573479451496 
46 0 0.000393349867859216 
47 0 0.000423484976341815 
48 0 0.000456142625328448 
49 0 0.000492163386553224 
50 0 0.00053322771529607 
51 0 0.000581019787371906 
52 0 0.000630515266652032 
53 0 0.00068339615762647 
54 0 0.000739668360939527 
55 0 0.000800178864778012 
56 0 0.000864094823829986 
57 0 0.00093142340589325 
58 0 0.00100638514969764 
59 0 0.00108899893379788 
60 0 0.00118181830504971 
61 0 0.00128656494180257 
62 0 0.00138889401377451 
63 0 0.00149557429385805 
64 0 0.00161086213304051 
65 0 0.00173479022456713 
66 0 0.0018648419294709 
67 0 0.00203768241787416 
68 0 0.00224159738067609 
69 0 0.00247080172963343 
70 0 0.00272978037450389 
71 0 0.00303774292834269 
72 0 0.00338567250251909 
73 0 0.00374189042573081 
74 0 0.00414137355859301 
75 0 0.00462940589931482 
76 0 0.00519418129797145 
77 0 0.00569947778671809 
78 0 0.00621564691750243 
79 0 0.00673029399271663 
80 0 0.00722171502156177 
81 0 0.00755897430036379 
82 0 0.0082345610673058 
83 0 0.00910949368482983 
84 0 0.0102409083073096 
85 0 0.0114642717364076 
86 0 0.0125693764784144 
87 0 0.0134770978414228 
88 0 0.0144058304483157 
89 0 0.0157522124018199 
90 0 0.017444217219279 
91 0 0.0187368975027253 
92 0 0.019575021569495 
93 0 0.020435742036901 
94 0 0.0216243724125427 
95 0 0.0231498356300193 
96 0 0.0257261094506802 
97 0 0.0274964009236918 
98 0 0.0293294545802351 
99 0 0.0312191124161009 
100 0 0.0331610737718374 
101 0 0.0351456778838347 
102 0 0.0371673787731528 
103 0 0.0392174696078046 
104 0 0.0412876817642851 
105 0 0.0433689010173121 
106 0 0.0454510937772031 
107 0 0.0475246624355896 
108 0 0.0495820151000995 
109 0 0.0516148848092408 
110 0 0.0536127781855118 
111 0 0.0833333333333333 

death 1 M single 
1 0 0.00326292448327614 
2 0 0.00022778515685884 
3 0 0.000137604094123889 
4 0 0.000110066606177961 
5 0 0.0000883762776967556 
6 0 0.0000733629277510639 
7 0 0.0000725289254539518 
8 0 0.0000683590287403613 
9 0 0.0000650232490866376 
10 0 0.0000608536966506534 
11 0 0.00005668433545436 
12 0 0.0000583520569852336 
13 0 0.0000625214946752273 
14 0 0.0000691929927806312 
15 0 0.0000817033715945215 
16 0 0.0000942154723914124 
17 0 0.000106729295667018 
18 0 0.000119244841917165 
19 0 0.000145950434766062 
20 0 0.00015930617408666 
21 0 0.000172663876141788 
22 0 0.000180178446304025 
23 0 0.00018435347596979 
24 0 0.000183518454694553 
25 0 0.000180178446304025 
26 0 0.000173498797702898 
27 0 0.000171828962249876 
28 0 0.000173498797702898 
29 0 0.000176838560643211 
30 0 0.000183518454694553 
31 0 0.000192704110671182 
32 0 0.000201890695059714 
33 0 0.000211913482563775 
34 0 0.000224443521407491 
35 0 0.0002411529274019 
36 0 0.000259536822839412 
37 0 0.000281268040052463 
38 0 0.000306348979935533 
39 0 0.000333946010742214 
40 0 0.000363224749367119 
41 0 0.000395860745241672 
42 0 0.00043353223369802 
43 0 0.000472894691561421 
44 0 0.000514788374032848 
45 0 0.00055837830375205 
46 0 0.000603666914681056 
47 0 0.000657371555145225 
48 0 0.000719507146810461 
49 0 0.000790090981221403 
50 0 0.000874190929995411 
51 0 0.00096931767815911 
52 0 0.00106538732565109 
53 0 0.00116409091412772 
54 0 0.00126628196611334 
55 0 0.0013753562776101 
56 0 0.00149218569076115 
57 0 0.00160238009649083 
58 0 0.0017220500835986 
59 0 0.00184953205132177 
60 0 0.00198911759663323 
61 0 0.00214000920354585 
62 0 0.00229286148731933 
63 0 0.00245282075577968 
64 0 0.00261820881509645 
65 0 0.00278389910095656 
66 0 0.00295419716664891 
67 0 0.00317485587746946 
68 0 0.0034176834705949 
69 0 0.00368198948317244 
70 0 0.0039705725141258 
71 0 0.00429502100022394 
72 0 0.00466449159316562 
73 0 0.00504781068974303 
74 0 0.00548586451881272 
75 0 0.00603465215260413 
76 0 0.00668991131966357 
77 0 0.00726143344746566 
78 0 0.00784295882664232 
79 0 0.00840539458923528 
80 0 0.0088996164804096 
81 0 0.00955665002722383 
82 0 0.0102530412707648 
83 0 0.0111846836228722 
84 0 0.0124669570732115 
85 0 0.0138824171467981 
86 0 0.0151193440803148 
87 0 0.0161719720860355 
88 0 0.01728759971497 
89 0 0.0188436730574275 
90 0 0.0207794331212233 
91 0 0.0222017578886685 
92 0 0.0229807147099653 
93 0 0.0233581781683826 
94 0 0.0236276967262787 
95 0 0.0244040093113159 
96 0 0.0289947954372877 
97 0 0.0307831349255464 
98 0 0.0326181259709554 
99 0 0.0344946749606208 
100 0 0.0364072096548029 
101 0 0.0383483399853305 
102 0 0.0403112735444352 
103 0 0.0422858750913966 
104 0 0.0442678979334069 
105 0 0.0462470779759504 
106 0 0.0482165049582253 
107 0 0.0501671928410614 
108 0 0.052092391785023 
109 0 0.0539863668849594 
110 0 0.0558414232344266 
111 0 0.0833333333333333 
