** Period (Monthly) Age-Specific Probabilities of Death for USA in 1957 
* Retrieved from the Human Mortality Database (Life tables), www.mortality.org. 
* Max Planck Institute for Demographic Research (Germany), 
* University of California, Berkeley (USA), 
* and French Institute for Demographic Studies (France) 
* Data downloaded on  04 Apr 2023 08:22:26 PDT 
** NB: The original HMD annual probabilities have been converted into monthly probabilities 
** The open age interval (110+) is limited to one year [110-111) 

death 1 F single 
1 0 0.00200700687484368 
2 0 0.000150123892499576 
3 0 0.000080869292772956 
4 0 0.0000625214946752273 
5 0 0.0000500137552731372 
6 0 0.0000425099376131222 
7 0 0.0000383414176537977 
8 0 0.0000341730888351321 
9 0 0.0000308385633891461 
10 0 0.0000275041602521009 
11 0 0.0000241698794146705 
12 0 0.0000300049511388067 
13 0 0.0000300049511388067 
14 0 0.0000316721832838152 
15 0 0.0000325058108229248 
16 0 0.0000408425066913409 
17 0 0.0000475124138960004 
18 0 0.0000525151654794387 
19 0 0.000055850486162301 
20 0 0.0000583520569852336 
21 0 0.0000600198091127435 
22 0 0.0000600198091127435 
23 0 0.000061687591838111 
24 0 0.0000658571825241649 
25 0 0.0000675250723508602 
26 0 0.000070860943814588 
27 0 0.0000725289254539518 
28 0 0.0000758649805536749 
29 0 0.0000825374580692984 
30 0 0.0000892104254029968 
31 0 0.0000958838826297104 
32 0 0.000102557829824601 
33 0 0.000110900952950965 
34 0 0.000116741594805347 
35 0 0.00012425154296114 
36 0 0.000133431211178481 
37 0 0.00014344645210207 
38 0 0.000155132294736626 
39 0 0.000173498797702898 
40 0 0.000187693637785924 
41 0 0.000201890695059714 
42 0 0.000218595954981304 
43 0 0.000239481848557044 
44 0 0.000258701110551818 
45 0 0.000281268040052463 
46 0 0.00030885745465703 
47 0 0.000338128110205616 
48 0 0.00036573479451496 
49 0 0.000392512924148547 
50 0 0.000430183024477948 
51 0 0.000472057014896499 
52 0 0.000514788374032848 
53 0 0.000559216776611748 
54 0 0.000610378258893096 
55 0 0.000666605238195506 
56 0 0.000715307456999881 
57 0 0.00076655694206218 
58 0 0.000821198887792418 
59 0 0.000882605209140075 
60 0 0.000973529129001727 
61 0 0.00106538732565109 
62 0 0.00115227457594336 
63 0 0.00125360740689118 
64 0 0.0013753562776101 
65 0 0.00151167188629142 
66 0 0.00167280502593425 
67 0 0.00185038253234449 
68 0 0.00201978709066286 
69 0 0.00219036223070923 
70 0 0.00237237815833979 
71 0 0.00263364899829577 
72 0 0.00289481454445484 
73 0 0.00314896962680056 
74 0 0.00343499140692838 
75 0 0.00384355222202537 
76 0 0.00428453674989293 
77 0 0.00477334378352845 
78 0 0.00529130453362481 
79 0 0.00588869407578729 
80 0 0.00646231157228883 
81 0 0.00696217058633164 
82 0 0.0075471987296053 
83 0 0.00839442228453136 
84 0 0.00949091565454607 
85 0 0.0105054041860765 
86 0 0.0116148157649317 
87 0 0.0126949277821126 
88 0 0.0139864663649982 
89 0 0.0145986152373264 
90 0 0.0161251240091642 
91 0 0.018210028189978 
92 0 0.0184050674640106 
93 0 0.0204001912885905 
94 0 0.0219131281546834 
95 0 0.0234035818000718 
96 0 0.0256961442392594 
97 0 0.0275983793564124 
98 0 0.0295714293239218 
99 0 0.0316085999471888 
100 0 0.0337037510481373 
101 0 0.0358476064993787 
102 0 0.038031173827422 
103 0 0.0402418530811768 
104 0 0.0424710426037539 
105 0 0.0447064359530456 
106 0 0.0469358208303988 
107 0 0.0491500703166133 
108 0 0.0513361916568735 
109 0 0.0534845401653586 
110 0 0.055586231689898 
111 0 0.0833333333333333 

death 1 M single 
1 0 0.00260362883368459 
2 0 0.000164315082316957 
3 0 0.0000992207949763735 
4 0 0.0000725289254539518 
5 0 0.0000608536966506534 
6 0 0.0000550166445189015 
7 0 0.0000516813544294559 
8 0 0.0000483461867075707 
9 0 0.0000450111413439203 
10 0 0.0000408425066913409 
11 0 0.0000366740631904117 
12 0 0.0000458448912142861 
13 0 0.0000500137552731372 
14 0 0.000055850486162301 
15 0 0.0000625214946752273 
16 0 0.0000842056539793745 
17 0 0.000103392107678624 
18 0 0.000119244841917165 
19 0 0.0001367695022092 
20 0 0.000148454486411209 
21 0 0.00015930617408666 
22 0 0.000162645415570539 
23 0 0.000163480245109926 
24 0 0.000164315082316957 
25 0 0.00015930617408666 
26 0 0.000153462796661064 
27 0 0.00014344645210207 
28 0 0.000140942538415234 
29 0 0.000147619794864662 
30 0 0.000153462796661064 
31 0 0.000158471382883385 
32 0 0.000163480245109926 
33 0 0.000174333726933429 
34 0 0.00018184843515745 
35 0 0.00019103392235309 
36 0 0.000203561082892323 
37 0 0.00021776061905987 
38 0 0.000237810800436611 
39 0 0.000270401781932272 
40 0 0.000297151831613829 
41 0 0.000325582389131607 
42 0 0.000357368246952983 
43 0 0.000398371692003185 
44 0 0.000434369555291303 
45 0 0.000473732375948943 
46 0 0.000522331288624223 
47 0 0.000575987858944749 
48 0 0.000629676135545654 
49 0 0.000685915063230014 
50 0 0.00076655694206218 
51 0 0.000860729704474372 
52 0 0.000950789614120318 
53 0 0.00104093891598678 
54 0 0.00113877207202173 
55 0 0.00124431385449342 
56 0 0.0013423665006429 
57 0 0.00144391183614712 
58 0 0.00155404761804179 
59 0 0.00167365385231055 
60 0 0.00186229010372274 
61 0 0.00205131932253244 
62 0 0.00221597618824565 
63 0 0.00239205432910872 
64 0 0.00259676847710344 
65 0 0.00280968128250036 
66 0 0.00304980744163674 
67 0 0.00331304091045015 
68 0 0.0035397749994176 
69 0 0.00374536415932236 
70 0 0.00394968022510944 
71 0 0.00429502100022394 
72 0 0.00463115986094498 
73 0 0.00492806887340669 
74 0 0.00525420880509875 
75 0 0.00573054248082006 
76 0 0.00619333733520744 
77 0 0.00668452832748612 
78 0 0.00716397395038004 
79 0 0.00779117616950886 
80 0 0.00838162295009259 
81 0 0.0092423000893388 
82 0 0.00990277753507329 
83 0 0.0108815213662559 
84 0 0.0121985414827611 
85 0 0.0133514141634204 
86 0 0.0144693937971748 
87 0 0.0151242710628713 
88 0 0.0176000967217201 
89 0 0.0174998572454081 
90 0 0.0197035489058918 
91 0 0.0212246370934827 
92 0 0.0216476928390665 
93 0 0.0232825570074754 
94 0 0.0248084595057764 
95 0 0.0280359534985039 
96 0 0.0291065919735358 
97 0 0.030972578932186 
98 0 0.0328885788142516 
99 0 0.0348484970871921 
100 0 0.0368456411504798 
101 0 0.0388726463994792 
102 0 0.0409187617570175 
103 0 0.0429789161036777 
104 0 0.0450406033937564 
105 0 0.0470971765435831 
106 0 0.0491399157938165 
107 0 0.0511593092492055 
108 0 0.0531465424602131 
109 0 0.0550952089295783 
110 0 0.0569968876537449 
111 0 0.0833333333333333 
