** Period (Monthly) Age-Specific Probabilities of Death for USA in 2006 
* Retrieved from the Human Mortality Database (Life tables), www.mortality.org. 
* Max Planck Institute for Demographic Research (Germany), 
* University of California, Berkeley (USA), 
* and French Institute for Demographic Studies (France) 
* Data downloaded on  31 Mrz 2023 12:10:04 CEST 
** NB: The original HMD annual probabilities have been converted into monthly probabilities 
** The open age interval (110+) is limited to one year [110-111) 

death 1 F single 
1 0 0.000526522067316959 
2 0 0.0000366740631904117 
3 0 0.0000233363283135279 
4 0 0.0000158347123201397 
5 0 0.0000133343112110884 
6 0 0.0000116674153447516 
7 0 0.0000116674153447516 
8 0 0.0000100005500421885 
9 0 0.00000916712885190574 
10 0 0.00000916712885190574 
11 0 0.00000916712885190574 
12 0 0.00000916712885190574 
13 0 0.0000100005500421885 
14 0 0.0000116674153447516 
15 0 0.0000141677706060328 
16 0 0.0000183351822042876 
17 0 0.0000275041602521009 
18 0 0.0000300049511388067 
19 0 0.0000366740631904117 
20 0 0.0000391751063537615 
21 0 0.0000366740631904117 
22 0 0.0000425099376131222 
23 0 0.0000400088026996093 
24 0 0.0000391751063537615 
25 0 0.0000441773991204375 
26 0 0.0000433436645435048 
27 0 0.0000450111413439203 
28 0 0.0000491799671665794 
29 0 0.0000475124138960004 
30 0 0.0000533489841776369 
31 0 0.0000525151654794387 
32 0 0.0000591859292243813 
33 0 0.0000608536966506534 
34 0 0.000064189323299324 
35 0 0.0000683590287403613 
36 0 0.0000758649805536749 
37 0 0.0000825374580692984 
38 0 0.0000867080052475711 
39 0 0.000097552323490957 
40 0 0.000110066606177961 
41 0 0.00011590719442045 
42 0 0.000128424004500527 
43 0 0.000144281105325716 
44 0 0.00015930617408666 
45 0 0.000173498797702898 
46 0 0.000187693637785924 
47 0 0.000198550011486498 
48 0 0.00021776061905987 
49 0 0.000238646320656399 
50 0 0.000256194019795597 
51 0 0.000272909264649956 
52 0 0.000291299585426952 
53 0 0.000314710831614828 
54 0 0.000333946010742214 
55 0 0.000364061423379858 
56 0 0.000384980777602628 
57 0 0.000410090361018356 
58 0 0.000450280131697789 
59 0 0.000499704423105984 
60 0 0.000540772160864456 
61 0 0.000601150288410124 
62 0 0.000637228594534855 
63 0 0.000718667193316147 
64 0 0.000785047459526789 
65 0 0.000847270473625428 
66 0 0.000913744821442353 
67 0 0.000981952616601722 
68 0 0.00108815555635622 
69 0 0.0011826625528556 
70 0 0.00129332694075723 
71 0 0.00144221848277803 
72 0 0.00156337293453479 
73 0 0.00170761341893733 
74 0 0.00190057502727459 
75 0 0.00209138958869148 
76 0 0.00227577023225078 
77 0 0.00251534139646081 
78 0 0.0027727290989954 
79 0 0.00309032148614252 
80 0 0.00341854878888592 
81 0 0.00395490284546407 
82 0 0.00439468199170123 
83 0 0.00495446888665807 
84 0 0.00545488377618053 
85 0 0.0061710332605639 
86 0 0.00684795536046745 
87 0 0.00795662147851628 
88 0 0.00866913139418324 
89 0 0.00984236457791687 
90 0 0.0110894822723224 
91 0 0.0124937471270655 
92 0 0.0139563088359721 
93 0 0.0156609617032282 
94 0 0.0173209210878289 
95 0 0.019059667970722 
96 0 0.0209917586397066 
97 0 0.0230959405060523 
98 0 0.0253285093620947 
99 0 0.0276823165092446 
100 0 0.0301448552230414 
101 0 0.0327045804118246 
102 0 0.0353460099374159 
103 0 0.0380503246125046 
104 0 0.0407987698563108 
105 0 0.0435699922178657 
106 0 0.0463425271122507 
107 0 0.049093510302854 
108 0 0.0518031766315493 
109 0 0.0544525610203009 
110 0 0.0570223183800693 
111 0 0.0833333333333333 

death 1 M single 
1 0 0.000640585444512398 
2 0 0.0000400088026996093 
3 0 0.0000275041602521009 
4 0 0.0000208357208674181 
5 0 0.0000158347123201397 
6 0 0.0000166681946396352 
7 0 0.0000116674153447516 
8 0 0.0000116674153447516 
9 0 0.000012500859457365 
10 0 0.0000116674153447516 
11 0 0.0000116674153447516 
12 0 0.0000133343112110884 
13 0 0.0000133343112110884 
14 0 0.0000175016846010179 
15 0 0.0000241698794146705 
16 0 0.0000350067393084519 
17 0 0.0000525151654794387 
18 0 0.0000725289254539518 
19 0 0.0000992207949763735 
20 0 0.000111735307382288 
21 0 0.000117576002849673 
22 0 0.000125920504593591 
23 0 0.00012425154296114 
24 0 0.000128424004500527 
25 0 0.000127589496870306 
26 0 0.000126754996901401 
27 0 0.00012425154296114 
28 0 0.000127589496870306 
29 0 0.000123417073636167 
30 0 0.000125086019946985 
31 0 0.000121748157967727 
32 0 0.000129258519792286 
33 0 0.000125086019946985 
34 0 0.000130093042745694 
35 0 0.000139273300942766 
36 0 0.000145950434766062 
37 0 0.000146785110982983 
38 0 0.000155132294736626 
39 0 0.000171828962249876 
40 0 0.00018435347596979 
41 0 0.000203561082892323 
42 0 0.000215254657358166 
43 0 0.000241988478346333 
44 0 0.000262879748837208 
45 0 0.000281268040052463 
46 0 0.000303840574450209 
47 0 0.000329764103723651 
48 0 0.000360714773546156 
49 0 0.000402556757458705 
50 0 0.000431020315210362 
51 0 0.000472894691561421 
52 0 0.000501380294002152 
53 0 0.000551670799416648 
54 0 0.000594439625801968 
55 0 0.000631354405509099 
56 0 0.000666605238195506 
57 0 0.000698510638982297 
58 0 0.000753111656632388 
59 0 0.000833813236830627 
60 0 0.000868301398352145 
61 0 0.000963421975045287 
62 0 0.00100048703987399 
63 0 0.00113117779579996 
64 0 0.00122741892320521 
65 0 0.00132799009219076 
66 0 0.00141258991084825 
67 0 0.00153116226587335 
68 0 0.00166261972859949 
69 0 0.00178661856508233 
70 0 0.00197123184503256 
71 0 0.00213147756157561 
72 0 0.00230653681058612 
73 0 0.00252733658391968 
74 0 0.00277788431349923 
75 0 0.00305756404832092 
76 0 0.00336145550191136 
77 0 0.00370802850358742 
78 0 0.00399930728479603 
79 0 0.00444192815829647 
80 0 0.00489991734879025 
81 0 0.00568882949165916 
82 0 0.00634336372169064 
83 0 0.00698287069648951 
84 0 0.00765776844809762 
85 0 0.00848406854769079 
86 0 0.00938269739693054 
87 0 0.0107387680818773 
88 0 0.0115863919202364 
89 0 0.0132181885256051 
90 0 0.0145046175274933 
91 0 0.0161719720860355 
92 0 0.0180887267191494 
93 0 0.019988211946156 
94 0 0.0219929134997452 
95 0 0.0243395118277879 
96 0 0.0257427611719386 
97 0 0.0279846965090995 
98 0 0.0303235758537732 
99 0 0.0327478395269 
100 0 0.0352445501035036 
101 0 0.0377991444700013 
102 0 0.0403938641275898 
103 0 0.0430126997497213 
104 0 0.0456361712003449 
105 0 0.0482452128255888 
106 0 0.0508243765526166 
107 0 0.0533534465559805 
108 0 0.0558194751362814 
109 0 0.0582052012882717 
110 0 0.0605018868995052 
111 0 0.0833333333333333 
