** Period (Monthly) Age-Specific Probabilities of Death for USA in 1982 
* Retrieved from the Human Mortality Database (Life tables), www.mortality.org. 
* Max Planck Institute for Demographic Research (Germany), 
* University of California, Berkeley (USA), 
* and French Institute for Demographic Studies (France) 
* Data downloaded on  04 Apr 2023 20:02:42 CEST 
** NB: The original HMD annual probabilities have been converted into monthly probabilities 
** The open age interval (110+) is limited to one year [110-111) 

death 1 F single 
1 0 0.000854841045576316 
2 0 0.0000675250723508602 
3 0 0.0000458448912142861 
4 0 0.0000350067393084519 
5 0 0.0000250034381590325 
6 0 0.0000233363283135279 
7 0 0.0000208357208674181 
8 0 0.0000183351822042876 
9 0 0.0000175016846010179 
10 0 0.0000166681946396352 
11 0 0.0000150012376423092 
12 0 0.0000158347123201397 
13 0 0.0000166681946396352 
14 0 0.0000183351822042876 
15 0 0.0000225027848553827 
16 0 0.0000266705785775256 
17 0 0.0000341730888351321 
18 0 0.0000391751063537615 
19 0 0.0000450111413439203 
20 0 0.0000458448912142861 
21 0 0.0000458448912142861 
22 0 0.0000466786487315352 
23 0 0.0000475124138960004 
24 0 0.0000458448912142861 
25 0 0.0000483461867075707 
26 0 0.0000483461867075707 
27 0 0.0000516813544294559 
28 0 0.0000541828105240505 
29 0 0.0000533489841776369 
30 0 0.000055850486162301 
31 0 0.000055850486162301 
32 0 0.0000625214946752273 
33 0 0.0000650232490866376 
34 0 0.0000700269644720031 
35 0 0.0000741969376999441 
36 0 0.0000766990134587475 
37 0 0.0000900445807636707 
38 0 0.0000942154723914124 
39 0 0.000107563611807859 
40 0 0.000110900952950965 
41 0 0.000127589496870306 
42 0 0.00014344645210207 
43 0 0.000152628059122195 
44 0 0.000163480245109926 
45 0 0.000182683441090514 
46 0 0.000201890695059714 
47 0 0.000225278918752347 
48 0 0.0002411529274019 
49 0 0.000281268040052463 
50 0 0.00030885745465703 
51 0 0.000320564585597816 
52 0 0.000371591836153429 
53 0 0.000410090361018356 
54 0 0.000420136137406546 
55 0 0.000450280131697789 
56 0 0.000499704423105984 
57 0 0.000569279054520644 
58 0 0.00059947257628945 
59 0 0.00067583985983688 
60 0 0.000709428217418151 
61 0 0.000764035799453722 
62 0 0.000836336316867303 
63 0 0.000997116863376224 
64 0 0.00101144097729822 
65 0 0.00108225213356816 
66 0 0.00117168794359757 
67 0 0.00127642288756125 
68 0 0.00140074118917211 
69 0 0.00154048523135941 
70 0 0.00160492462422668 
71 0 0.0017772702830241 
72 0 0.0019695286239928 
73 0 0.0021758508646389 
74 0 0.00236895665131343 
75 0 0.00252819344374389 
76 0 0.0027993675299729 
77 0 0.00309894383275255 
78 0 0.00337096855163099 
79 0 0.00367765037414469 
80 0 0.00413352359128871 
81 0 0.00458819758489859 
82 0 0.00532488045327206 
83 0 0.00588158019628371 
84 0 0.00638090928163992 
85 0 0.00707382741096385 
86 0 0.00774668500329134 
87 0 0.00875537948411664 
88 0 0.00959926412614254 
89 0 0.0104389734535931 
90 0 0.0115797609833566 
91 0 0.0126393185170054 
92 0 0.0136426888960395 
93 0 0.0152465470533696 
94 0 0.0167140010584236 
95 0 0.0182692097237834 
96 0 0.0196226794420281 
97 0 0.0213038069569963 
98 0 0.0230776236121004 
99 0 0.0249425870306854 
100 0 0.0268926113508472 
101 0 0.0289234119597186 
102 0 0.0310267807002306 
103 0 0.0331948930967988 
104 0 0.0354178451529167 
105 0 0.0376859032604996 
106 0 0.0399856070736715 
107 0 0.0423073236153768 
108 0 0.0446347989187967 
109 0 0.0469584491253915 
110 0 0.0492647541378538 
111 0 0.0833333333333333 

death 1 M single 
1 0 0.00107044643917442 
2 0 0.000080869292772956 
3 0 0.0000541828105240505 
4 0 0.0000425099376131222 
5 0 0.0000341730888351321 
6 0 0.0000300049511388067 
7 0 0.0000283377495704507 
8 0 0.0000283377495704507 
9 0 0.0000250034381590325 
10 0 0.0000258370045466139 
11 0 0.0000208357208674181 
12 0 0.0000233363283135279 
13 0 0.0000275041602521009 
14 0 0.0000316721832838152 
15 0 0.0000416762183291786 
16 0 0.0000533489841776369 
17 0 0.0000766990134587475 
18 0 0.000103392107678624 
19 0 0.000134265772442244 
20 0 0.000137604094123889 
21 0 0.000135934917957492 
22 0 0.000146785110982983 
23 0 0.000146785110982983 
24 0 0.000149289185622847 
25 0 0.000144281105325716 
26 0 0.00014344645210207 
27 0 0.000140942538415234 
28 0 0.000145115766213677 
29 0 0.0001542975418658 
30 0 0.000146785110982983 
31 0 0.000150123892499576 
32 0 0.000155967055273654 
33 0 0.000160140972956802 
34 0 0.000158471382883385 
35 0 0.000152628059122195 
36 0 0.000163480245109926 
37 0 0.00018435347596979 
38 0 0.000186858585824345 
39 0 0.000211078208056104 
40 0 0.000211078208056104 
41 0 0.000231126915174573 
42 0 0.000254522664378531 
43 0 0.000280432127916508 
44 0 0.000303840574450209 
45 0 0.000322237155992444 
46 0 0.00036573479451496 
47 0 0.000400882708147643 
48 0 0.000450280131697789 
49 0 0.000510598136479801 
50 0 0.000547478860646877 
51 0 0.00059360082782578 
52 0 0.000662407993194059 
53 0 0.000761514726814627 
54 0 0.000791772217350162 
55 0 0.000874190929995411 
56 0 0.00096679090138907 
57 0 0.00106623049166621 
58 0 0.00113792823218783 
59 0 0.00129924410299831 
60 0 0.00133813790889226 
61 0 0.00148625593970941 
62 0 0.00161510344858518 
63 0 0.00187504995016352 
64 0 0.0018810051592778 
65 0 0.00205217169713767 
66 0 0.00223476435504144 
67 0 0.00247765256234644 
68 0 0.00272291046632911 
69 0 0.00298605605331337 
70 0 0.00317485587746946 
71 0 0.00343585689054804 
72 0 0.00374796954695367 
73 0 0.00405680419796017 
74 0 0.00446643588384854 
75 0 0.00473558181903744 
76 0 0.00513066615881574 
77 0 0.00556380589202765 
78 0 0.00611128547799167 
79 0 0.00653662164469593 
80 0 0.00703058902936549 
81 0 0.00772762407621419 
82 0 0.00859212840831303 
83 0 0.00930600595315023 
84 0 0.00992881407888069 
85 0 0.0109116035879233 
86 0 0.0117001412889022 
87 0 0.0127505715222618 
88 0 0.0135981138614188 
89 0 0.0146378100777805 
90 0 0.0159638354424562 
91 0 0.0169299262277495 
92 0 0.0180968762734488 
93 0 0.0197865682473478 
94 0 0.0213090874534706 
95 0 0.0232156320064493 
96 0 0.0241593860898797 
97 0 0.0257605264593209 
98 0 0.0274216914299675 
99 0 0.0291377358064741 
100 0 0.0309042850713768 
101 0 0.0327165946981414 
102 0 0.0345707246021414 
103 0 0.0364573484700816 
104 0 0.0383726865217144 
105 0 0.0403073426090949 
106 0 0.0422563919958027 
107 0 0.0442103239556377 
108 0 0.0461629453215164 
109 0 0.0481046351939556 
110 0 0.0500307848503718 
111 0 0.0833333333333333 
