** Period (Monthly) Age-Specific Probabilities of Death for USA in 2001 
* Retrieved from the Human Mortality Database (Life tables), www.mortality.org. 
* Max Planck Institute for Demographic Research (Germany), 
* University of California, Berkeley (USA), 
* and French Institute for Demographic Studies (France) 
* Data downloaded on  31 Mrz 2023 12:10:01 CEST 
** NB: The original HMD annual probabilities have been converted into monthly probabilities 
** The open age interval (110+) is limited to one year [110-111) 

death 1 F single 
1 0 0.000518140703212544 
2 0 0.0000391751063537615 
3 0 0.0000250034381590325 
4 0 0.0000191686874497776 
5 0 0.0000150012376423092 
6 0 0.000012500859457365 
7 0 0.000012500859457365 
8 0 0.0000116674153447516 
9 0 0.0000100005500421885 
10 0 0.0000116674153447516 
11 0 0.0000100005500421885 
12 0 0.0000108339788730261 
13 0 0.000012500859457365 
14 0 0.0000133343112110884 
15 0 0.0000175016846010179 
16 0 0.0000208357208674181 
17 0 0.0000308385633891461 
18 0 0.0000358403974268784 
19 0 0.0000350067393084519 
20 0 0.0000358403974268784 
21 0 0.0000366740631904117 
22 0 0.0000400088026996093 
23 0 0.0000366740631904117 
24 0 0.0000408425066913409 
25 0 0.0000400088026996093 
26 0 0.0000425099376131222 
27 0 0.0000425099376131222 
28 0 0.0000458448912142861 
29 0 0.0000483461867075707 
30 0 0.0000516813544294559 
31 0 0.0000541828105240505 
32 0 0.0000550166445189015 
33 0 0.0000633554051622243 
34 0 0.0000683590287403613 
35 0 0.0000733629277510639 
36 0 0.0000800352216044908 
37 0 0.0000883762776967556 
38 0 0.0000958838826297104 
39 0 0.000108397935606575 
40 0 0.000117576002849673 
41 0 0.000126754996901401 
42 0 0.000134265772442244 
43 0 0.00014344645210207 
44 0 0.000161810593698575 
45 0 0.000173498797702898 
46 0 0.000186858585824345 
47 0 0.000199385170868593 
48 0 0.000212748764747639 
49 0 0.000225278918752347 
50 0 0.000255358338245082 
51 0 0.000262879748837208 
52 0 0.000283775822591648 
53 0 0.000316383294278633 
54 0 0.000351512121934405 
55 0 0.000369918357165155 
56 0 0.00041176457996317 
57 0 0.000451117607631391 
58 0 0.000507246085562962 
59 0 0.000552509210379415 
60 0 0.000608700376361515 
61 0 0.000651496063618806 
62 0 0.000714467542335284 
63 0 0.000791772217350162 
64 0 0.000874190929995411 
65 0 0.000944053073315909 
66 0 0.0010240817778272 
67 0 0.00112189676506769 
68 0 0.00123840027093847 
69 0 0.00133052694003022 
70 0 0.00147016285345669 
71 0 0.0015862664105053 
72 0 0.00175008075496108 
73 0 0.00188866243105845 
74 0 0.00211953461066772 
75 0 0.00229457078997186 
76 0 0.00251277120557136 
77 0 0.00281569818007021 
78 0 0.00306359742361795 
79 0 0.00336577949159733 
80 0 0.00380009304540507 
81 0 0.0043229849393186 
82 0 0.0049007969513406 
83 0 0.0053770362046327 
84 0 0.00601416820391143 
85 0 0.00679224918929255 
86 0 0.00759884148642465 
87 0 0.00846210611608555 
88 0 0.00954646268663284 
89 0 0.0106449748751218 
90 0 0.0118966980720531 
91 0 0.0131747881273846 
92 0 0.0146985959929561 
93 0 0.0162387979675384 
94 0 0.0184500584513841 
95 0 0.0201121268144286 
96 0 0.0219577991271538 
97 0 0.0240667365851294 
98 0 0.0262940320127901 
99 0 0.0286315710543338 
100 0 0.0310704019888783 
101 0 0.0335944616940312 
102 0 0.0361906891157286 
103 0 0.0388417176174656 
104 0 0.0415291835627222 
105 0 0.0442322524013704 
106 0 0.0469315786829423 
107 0 0.0496068046631042 
108 0 0.0522396195412745 
109 0 0.0548096826359618 
110 0 0.0573041503390719 
111 0 0.0833333333333333 

death 1 M single 
1 0 0.000633871868584546 
2 0 0.0000466786487315352 
3 0 0.0000316721832838152 
4 0 0.0000241698794146705 
5 0 0.0000200022003373768 
6 0 0.0000158347123201397 
7 0 0.0000141677706060328 
8 0 0.000012500859457365 
9 0 0.0000133343112110884 
10 0 0.0000133343112110884 
11 0 0.0000150012376423092 
12 0 0.0000158347123201397 
13 0 0.0000166681946396352 
14 0 0.0000208357208674181 
15 0 0.0000266705785775256 
16 0 0.0000383414176537977 
17 0 0.00005668433545436 
18 0 0.0000766990134587475 
19 0 0.000100055042203562 
20 0 0.000113404039220888 
21 0 0.000112569669472262 
22 0 0.000125086019946985 
23 0 0.000119244841917165 
24 0 0.00011590719442045 
25 0 0.000115072801694871 
26 0 0.000110066606177961 
27 0 0.00011590719442045 
28 0 0.000111735307382288 
29 0 0.00011590719442045 
30 0 0.000115072801694871 
31 0 0.000117576002849673 
32 0 0.000120079272940554 
33 0 0.000120913711624038 
34 0 0.000134265772442244 
35 0 0.000140107915847287 
36 0 0.0001542975418658 
37 0 0.000160975779494144 
38 0 0.000179343463383219 
39 0 0.000191869012675761 
40 0 0.000202725885138699 
41 0 0.000216089970248357 
42 0 0.000235304285861493 
43 0 0.000245330758940732 
44 0 0.000277924437637966 
45 0 0.000297987897547314 
46 0 0.000322237155992444 
47 0 0.000349002469585802 
48 0 0.000383307052038151 
49 0 0.000414275966217681 
50 0 0.000444418016270154 
51 0 0.000465355879566642 
52 0 0.000499704423105984 
53 0 0.000527360246250774 
54 0 0.000566763380568935 
55 0 0.00060953931375396 
56 0 0.000677518982809433 
57 0 0.000730427249033605 
58 0 0.000809427075640912 
59 0 0.000888495668371347 
60 0 0.000959210992842352 
61 0 0.00105189773397973 
62 0 0.00112695902787396 
63 0 0.00123840027093847 
64 0 0.00135589931794056 
65 0 0.00147693854203335 
66 0 0.00161255863547494 
67 0 0.00173988678178261 
68 0 0.00191674462412261 
69 0 0.00207348366543125 
70 0 0.00229713480435134 
71 0 0.00246395141443323 
72 0 0.00270230386465531 
73 0 0.00294558857862803 
74 0 0.00329662040704615 
75 0 0.00353717559333944 
76 0 0.00387050738903982 
77 0 0.00426007822041075 
78 0 0.00463905310902935 
79 0 0.0050152181729024 
80 0 0.00563560682373332 
81 0 0.00632012905017987 
82 0 0.00722713014138554 
83 0 0.0078329633670553 
84 0 0.00869940057723761 
85 0 0.00953535053855215 
86 0 0.010696549033836 
87 0 0.011871986151066 
88 0 0.0130610822496733 
89 0 0.014283719831789 
90 0 0.0159051667114702 
91 0 0.0173946761907561 
92 0 0.0191853913942887 
93 0 0.0208981468549633 
94 0 0.0231315076178039 
95 0 0.0253561396608909 
96 0 0.0269713778705333 
97 0 0.0291677365542296 
98 0 0.0314473870381639 
99 0 0.0338010114181988 
100 0 0.0362156930543327 
101 0 0.0386769487454232 
102 0 0.0411698279276312 
103 0 0.0436788841099256 
104 0 0.0461881765475199 
105 0 0.0486827493972984 
106 0 0.0511444616900202 
107 0 0.0535608492935341 
108 0 0.0559167164937276 
109 0 0.0582003661535232 
110 0 0.0603992993703563 
111 0 0.0833333333333333 
