** Period (Monthly) Age-Specific Probabilities of Death for USA in 1965 
* Retrieved from the Human Mortality Database (Life tables), www.mortality.org. 
* Max Planck Institute for Demographic Research (Germany), 
* University of California, Berkeley (USA), 
* and French Institute for Demographic Studies (France) 
* Data downloaded on  31 Mar 2023 06:10:10 CEST 
** NB: The original HMD annual probabilities have been converted into monthly probabilities 
** The open age interval (110+) is limited to one year [110-111) 

death 1 F single 
1 0 0.00175857660741963 
2 0 0.000118410418553538 
3 0 0.0000750309553007034 
4 0 0.0000541828105240505 
5 0 0.0000458448912142861 
6 0 0.0000383414176537977 
7 0 0.0000333394460065861 
8 0 0.0000308385633891461 
9 0 0.0000275041602521009 
10 0 0.0000233363283135279 
11 0 0.0000233363283135279 
12 0 0.0000225027848553827 
13 0 0.0000241698794146705 
14 0 0.0000266705785775256 
15 0 0.0000275041602521009 
16 0 0.0000350067393084519 
17 0 0.0000408425066913409 
18 0 0.0000450111413439203 
19 0 0.0000491799671665794 
20 0 0.000055850486162301 
21 0 0.0000550166445189015 
22 0 0.0000575181923953005 
23 0 0.0000608536966506534 
24 0 0.0000608536966506534 
25 0 0.0000600198091127435 
26 0 0.0000633554051622243 
27 0 0.0000666911236122392 
28 0 0.000070860943814588 
29 0 0.0000758649805536749 
30 0 0.000080869292772956 
31 0 0.0000858738805041837 
32 0 0.0000983865554056162 
33 0 0.000108397935606575 
34 0 0.000109232267063164 
35 0 0.000121748157967727 
36 0 0.000135934917957492 
37 0 0.000134265772442244 
38 0 0.000153462796661064 
39 0 0.000164315082316957 
40 0 0.000181013436895361 
41 0 0.000198550011486498 
42 0 0.000203561082892323 
43 0 0.000233633314546733 
44 0 0.000256194019795597 
45 0 0.000275416816550522 
46 0 0.000311365998618696 
47 0 0.000317219537152469 
48 0 0.000359041494845114 
49 0 0.000379959693386556 
50 0 0.000412601701002879 
51 0 0.000462843081220354 
52 0 0.000473732375948943 
53 0 0.000548317232928808 
54 0 0.000551670799416648 
55 0 0.000616251091789088 
56 0 0.000638067795401209 
57 0 0.000667444710466092 
58 0 0.000733787544595521 
59 0 0.000793453484596252 
60 0 0.000864094823829986 
61 0 0.00097858312780863 
62 0 0.00104009598476007 
63 0 0.00123079765797585 
64 0 0.00121221617243084 
65 0 0.00147439759954859 
66 0 0.00165158694622658 
67 0 0.00154472325951605 
68 0 0.00174753215431256 
69 0 0.00189717126876354 
70 0 0.00209138958869148 
71 0 0.00237408896025926 
72 0 0.00237237815833979 
73 0 0.00285352782640969 
74 0 0.00299552977410056 
75 0 0.00333810952280578 
76 0 0.00397666700655752 
77 0 0.00438068786256474 
78 0 0.00471100110270639 
79 0 0.00521359760225459 
80 0 0.00584957466631564 
81 0 0.00657245557235309 
82 0 0.00682818472026392 
83 0 0.00785204656940242 
84 0 0.00888122950271875 
85 0 0.00983493193854068 
86 0 0.0110593404870853 
87 0 0.0118187835533075 
88 0 0.013145866188774 
89 0 0.0139621449852997 
90 0 0.0156500575191041 
91 0 0.0174674806502896 
92 0 0.0175383197014899 
93 0 0.0198395334759676 
94 0 0.0213207056489962 
95 0 0.0232793175393956 
96 0 0.025112185852135 
97 0 0.0270547216687012 
98 0 0.0290743062683303 
99 0 0.0311671532549846 
100 0 0.0333218315943256 
101 0 0.0355306708607886 
102 0 0.0377813215269818 
103 0 0.040065276487016 
104 0 0.0423676759340386 
105 0 0.04467887625419 
106 0 0.0469839130235131 
107 0 0.0492720177302958 
108 0 0.0515298400839582 
109 0 0.0537457979475581 
110 0 0.055910439532041 
111 0 0.0833333333333333 

death 1 M single 
1 0 0.00228858837161305 
2 0 0.0001367695022092 
3 0 0.000087542137645058 
4 0 0.0000683590287403613 
5 0 0.0000583520569852336 
6 0 0.0000508475510273554 
7 0 0.0000441773991204375 
8 0 0.0000416762183291786 
9 0 0.0000383414176537977 
10 0 0.0000366740631904117 
11 0 0.0000350067393084519 
12 0 0.0000366740631904117 
13 0 0.0000400088026996093 
14 0 0.0000466786487315352 
15 0 0.0000541828105240505 
16 0 0.0000725289254539518 
17 0 0.0000933812787555777 
18 0 0.000114238416628387 
19 0 0.000139273300942766 
20 0 0.000156801823476993 
21 0 0.000146785110982983 
22 0 0.000165984779734729 
23 0 0.000161810593698575 
24 0 0.000155132294736626 
25 0 0.000145115766213677 
26 0 0.000148454486411209 
27 0 0.0001542975418658 
28 0 0.000150123892499576 
29 0 0.000156801823476993 
30 0 0.000157636599346866 
31 0 0.000160975779494144 
32 0 0.000170994056027163 
33 0 0.000173498797702898 
34 0 0.000183518454694553 
35 0 0.000189363764725003 
36 0 0.000220266649856748 
37 0 0.000224443521407491 
38 0 0.000249508782532493 
39 0 0.000269565969733043 
40 0 0.000293807644791144 
41 0 0.000329764103723651 
42 0 0.000345656374260206 
43 0 0.000381633357299904 
44 0 0.000419298946955804 
45 0 0.0004678687474029 
46 0 0.00052568389611507 
47 0 0.000543287115269853 
48 0 0.000629676135545654 
49 0 0.000680037725460325 
50 0 0.000748910413016057 
51 0 0.000868301398352145 
52 0 0.000920479114542294 
53 0 0.00102998142026334 
54 0 0.00109658968326509 
55 0 0.00121390524126508 
56 0 0.00129079113213082 
57 0 0.0013711261490279 
58 0 0.00151167188629142 
59 0 0.00164649534513339 
60 0 0.00181892004208628 
61 0 0.00203597794890953 
62 0 0.00219292330101439 
63 0 0.00248707330247799 
64 0 0.00254447531898494 
65 0 0.00290686004695562 
66 0 0.00315155791914334 
67 0 0.00301534166344708 
68 0 0.00341335700310685 
69 0 0.00370108403281166 
70 0 0.00403414953999925 
71 0 0.00434833472351115 
72 0 0.00440430421075 
73 0 0.00500817268610199 
74 0 0.00517035789318188 
75 0 0.00557266711955395 
76 0 0.00633800134396234 
77 0 0.00689650165844224 
78 0 0.00726143344746566 
79 0 0.00760427928609564 
80 0 0.00861962192269827 
81 0 0.00946037938634847 
82 0 0.00975878274806219 
83 0 0.0109285292613651 
84 0 0.0120060824104342 
85 0 0.0130813075032623 
86 0 0.0145144043552218 
87 0 0.015219908215992 
88 0 0.0166588480696225 
89 0 0.0176102281801339 
90 0 0.0193629424952354 
91 0 0.0214602424674107 
92 0 0.021111809883671 
93 0 0.023426292326249 
94 0 0.0257705209996638 
95 0 0.0268206575683172 
96 0 0.0285983119047681 
97 0 0.0304101460713117 
98 0 0.0322743510133608 
99 0 0.0341825810648027 
100 0 0.0361282104683901 
101 0 0.0381052467847413 
102 0 0.0401057921120667 
103 0 0.0421198279351886 
104 0 0.0441418332093307 
105 0 0.0461615438019822 
106 0 0.0481705921727338 
107 0 0.0501627892182939 
108 0 0.0521269226535719 
109 0 0.0540585154050994 
110 0 0.0559481081901576 
111 0 0.0833333333333333 
