** Period (Monthly) Age-Specific Probabilities of Death for USA in 2012 
* Retrieved from the Human Mortality Database (Life tables), www.mortality.org. 
* Max Planck Institute for Demographic Research (Germany), 
* University of California, Berkeley (USA), 
* and French Institute for Demographic Studies (France) 
* Data downloaded on  04 Apr 2023 08:22:31 PDT 
** NB: The original HMD annual probabilities have been converted into monthly probabilities 
** The open age interval (110+) is limited to one year [110-111) 

death 1 F single 
1 0 0.000454467588553054 
2 0 0.0000308385633891461 
3 0 0.0000200022003373768 
4 0 0.0000150012376423092 
5 0 0.0000116674153447516 
6 0 0.0000100005500421885 
7 0 0.00000833371530217786 
8 0 0.00000750030939278279 
9 0 0.00000750030939278279 
10 0 0.00000833371530217786 
11 0 0.00000833371530217786 
12 0 0.00000833371530217786 
13 0 0.00000833371530217786 
14 0 0.0000100005500421885 
15 0 0.000012500859457365 
16 0 0.0000158347123201397 
17 0 0.0000200022003373768 
18 0 0.0000208357208674181 
19 0 0.0000275041602521009 
20 0 0.0000283377495704507 
21 0 0.0000325058108229248 
22 0 0.0000350067393084519 
23 0 0.0000375077365993848 
24 0 0.0000383414176537977 
25 0 0.0000416762183291786 
26 0 0.0000425099376131222 
27 0 0.0000450111413439203 
28 0 0.0000458448912142861 
29 0 0.0000516813544294559 
30 0 0.0000541828105240505 
31 0 0.0000583520569852336 
32 0 0.0000583520569852336 
33 0 0.0000591859292243813 
34 0 0.0000666911236122392 
35 0 0.0000683590287403613 
36 0 0.0000750309553007034 
37 0 0.0000783671022263066 
38 0 0.0000817033715945215 
39 0 0.0000900445807636707 
40 0 0.0000992207949763735 
41 0 0.000107563611807859 
42 0 0.00011590719442045 
43 0 0.000126754996901401 
44 0 0.000138438693701781 
45 0 0.000151793329249084 
46 0 0.000167654507824855 
47 0 0.000183518454694553 
48 0 0.000203561082892323 
49 0 0.000226114323775728 
50 0 0.000242824036972289 
51 0 0.000267894368393584 
52 0 0.000292135597524501 
53 0 0.000311365998618696 
54 0 0.000331436843438837 
55 0 0.000361551424450379 
56 0 0.000388328321214826 
57 0 0.000422647755037864 
58 0 0.000443580602079829 
59 0 0.000473732375948943 
60 0 0.000510598136479801 
61 0 0.000551670799416648 
62 0 0.000589406954101257 
63 0 0.000626319688621813 
64 0 0.000694311919690382 
65 0 0.000753951928672225 
66 0 0.000816994494034828 
67 0 0.000899436106264195 
68 0 0.000964264194915687 
69 0 0.00110333754884095 
70 0 0.00118012983298654 
71 0 0.00130685244972428 
72 0 0.0014252866861626 
73 0 0.00153794250944195 
74 0 0.00167280502593425 
75 0 0.0018827067193864 
76 0 0.00206922087123074 
77 0 0.00230995596360029 
78 0 0.00256933224013822 
79 0 0.00280882175830421 
80 0 0.00316450048984918 
81 0 0.00361605744843485 
82 0 0.00407336311044082 
83 0 0.0046320368545093 
84 0 0.00509011038197105 
85 0 0.00574208351549799 
86 0 0.00645694212864811 
87 0 0.00726865685782185 
88 0 0.00820262281068795 
89 0 0.00929030612169179 
90 0 0.0104717148668638 
91 0 0.0118862421988767 
92 0 0.0129831132362591 
93 0 0.014877270721427 
94 0 0.0160394654710458 
95 0 0.018478700895156 
96 0 0.020094414134102 
97 0 0.0221697600925023 
98 0 0.0243788606460557 
99 0 0.0267150814326295 
100 0 0.0291700447265082 
101 0 0.0317285155582222 
102 0 0.0343782749652346 
103 0 0.0370991473419523 
104 0 0.039873409661363 
105 0 0.0426781449202173 
106 0 0.0454900246530288 
107 0 0.0482882924941888 
108 0 0.0510509807870685 
109 0 0.0537549793103536 
110 0 0.0563824904394715 
111 0 0.0833333333333333 

death 1 M single 
1 0 0.000543287115269853 
2 0 0.0000366740631904117 
3 0 0.0000258370045466139 
4 0 0.0000191686874497776 
5 0 0.0000166681946396352 
6 0 0.0000116674153447516 
7 0 0.0000100005500421885 
8 0 0.0000116674153447516 
9 0 0.00000916712885190574 
10 0 0.0000100005500421885 
11 0 0.0000100005500421885 
12 0 0.0000108339788730261 
13 0 0.0000116674153447516 
14 0 0.0000150012376423092 
15 0 0.0000200022003373768 
16 0 0.0000275041602521009 
17 0 0.0000375077365993848 
18 0 0.0000500137552731372 
19 0 0.0000733629277510639 
20 0 0.0000833715521976197 
21 0 0.0000908787437792213 
22 0 0.000100889297087292 
23 0 0.000109232267063164 
24 0 0.000103392107678624 
25 0 0.000109232267063164 
26 0 0.000110066606177961 
27 0 0.000113404039220888 
28 0 0.000112569669472262 
29 0 0.000116741594805347 
30 0 0.000121748157967727 
31 0 0.000120079272940554 
32 0 0.00012425154296114 
33 0 0.000123417073636167 
34 0 0.000129258519792286 
35 0 0.000133431211178481 
36 0 0.000135934917957492 
37 0 0.000144281105325716 
38 0 0.000148454486411209 
39 0 0.000152628059122195 
40 0 0.000161810593698575 
41 0 0.000179343463383219 
42 0 0.000189363764725003 
43 0 0.000200220337924772 
44 0 0.000215254657358166 
45 0 0.000238646320656399 
46 0 0.000256194019795597 
47 0 0.00028711964028949 
48 0 0.000319728311943712 
49 0 0.000354021843591124 
50 0 0.000384143910967083 
51 0 0.000431857613657716 
52 0 0.000470381684733234 
53 0 0.000510598136479801 
54 0 0.000544963790214625 
55 0 0.000596956066195253 
56 0 0.000663247426681335 
57 0 0.000703549358301747 
58 0 0.000753111656632388 
59 0 0.000820357993472354 
60 0 0.000878397972132072 
61 0 0.000943211040846825 
62 0 0.000992904318617094 
63 0 0.00106707366550995 
64 0 0.00112611529780815 
65 0 0.00121559434152052 
66 0 0.00127473265532752 
67 0 0.00139566363897181 
68 0 0.00149981022562495 
69 0 0.00165498150565124 
70 0 0.00179256797328964 
71 0 0.00194483551124203 
72 0 0.00209735901524666 
73 0 0.00228687918169734 
74 0 0.0024785089528272 
75 0 0.00271861703805676 
76 0 0.00295936271193675 
77 0 0.00325601404745657 
78 0 0.00363080123721959 
79 0 0.00394184685932697 
80 0 0.00439205792767061 
81 0 0.00490343581030872 
82 0 0.00548409390465143 
83 0 0.00617281738392073 
84 0 0.00691358897336825 
85 0 0.00769949387628477 
86 0 0.0085554834305005 
87 0 0.00955387154729759 
88 0 0.0107556612521452 
89 0 0.0120546346568345 
90 0 0.0133224352314122 
91 0 0.0151144173688694 
92 0 0.016673886419475 
93 0 0.0187081720618383 
94 0 0.0205278216979198 
95 0 0.0232609627856851 
96 0 0.024800769816679 
97 0 0.0271167172985803 
98 0 0.0295436089988206 
99 0 0.0320713530005011 
100 0 0.0346824653274709 
101 0 0.0373622573601058 
102 0 0.040090106412776 
103 0 0.0428452615464918 
104 0 0.0456083147773196 
105 0 0.0483558271318554 
106 0 0.0510672955516344 
107 0 0.0537243785777922 
108 0 0.0563067875507708 
109 0 0.0587987693611359 
110 0 0.0611867462823253 
111 0 0.0833333333333333 
