** Period (Monthly) Age-Specific Probabilities of Death for USA in 1990 
* Retrieved from the Human Mortality Database (Life tables), www.mortality.org. 
* Max Planck Institute for Demographic Research (Germany), 
* University of California, Berkeley (USA), 
* and French Institute for Demographic Studies (France) 
* Data downloaded on  03 Apr 2023 21:14:50 CEST 
** NB: The original HMD annual probabilities have been converted into monthly probabilities 
** The open age interval (110+) is limited to one year [110-111) 

death 1 F single 
1 0 0.000714467542335284 
2 0 0.00005668433545436 
3 0 0.0000325058108229248 
4 0 0.0000258370045466139 
5 0 0.0000208357208674181 
6 0 0.0000183351822042876 
7 0 0.0000175016846010179 
8 0 0.0000141677706060328 
9 0 0.0000133343112110884 
10 0 0.0000141677706060328 
11 0 0.0000133343112110884 
12 0 0.0000133343112110884 
13 0 0.0000150012376423092 
14 0 0.0000183351822042876 
15 0 0.0000233363283135279 
16 0 0.0000300049511388067 
17 0 0.0000383414176537977 
18 0 0.0000425099376131222 
19 0 0.0000441773991204375 
20 0 0.0000400088026996093 
21 0 0.0000400088026996093 
22 0 0.0000416762183291786 
23 0 0.0000416762183291786 
24 0 0.0000450111413439203 
25 0 0.0000450111413439203 
26 0 0.0000483461867075707 
27 0 0.0000516813544294559 
28 0 0.0000541828105240505 
29 0 0.000055850486162301 
30 0 0.000055850486162301 
31 0 0.0000633554051622243 
32 0 0.0000650232490866376 
33 0 0.0000683590287403613 
34 0 0.0000741969376999441 
35 0 0.000079201158088904 
36 0 0.0000825374580692984 
37 0 0.0000908787437792213 
38 0 0.0000933812787555777 
39 0 0.000107563611807859 
40 0 0.000101723559627565 
41 0 0.000113404039220888 
42 0 0.000125086019946985 
43 0 0.000139273300942766 
44 0 0.000142611806542514 
45 0 0.000160140972956802 
46 0 0.000179343463383219 
47 0 0.00020523150142393 
48 0 0.000219431298580264 
49 0 0.000256194019795597 
50 0 0.000257029709030077 
51 0 0.000297987897547314 
52 0 0.000325582389131607 
53 0 0.000358204867048073 
54 0 0.000392512924148547 
55 0 0.000423484976341815 
56 0 0.000487136376522423 
57 0 0.000513950311063049 
58 0 0.00055837830375205 
59 0 0.000632193552116744 
60 0 0.000648978112138598 
61 0 0.000752271392364889 
62 0 0.000800178864778012 
63 0 0.000901119367526571 
64 0 0.000970159952704663 
65 0 0.00102492456042524 
66 0 0.00114974270351575 
67 0 0.00123755550472793 
68 0 0.00131868892319764 
69 0 0.00146592830490988 
70 0 0.00153116226587335 
71 0 0.0017364890451701 
72 0 0.00183762615390481 
73 0 0.00203938691886196 
74 0 0.00223818080351568 
75 0 0.00241173476968404 
76 0 0.00264823380819923 
77 0 0.00296108462578648 
78 0 0.00321628926544648 
79 0 0.00344797452945689 
80 0 0.00382790451578685 
81 0 0.0044235517182919 
82 0 0.00481200025508011 
83 0 0.00538322617197284 
84 0 0.00597321423149011 
85 0 0.00663430253480091 
86 0 0.0073635177517315 
87 0 0.00821174687248105 
88 0 0.00905789958218584 
89 0 0.00982935786173578 
90 0 0.0113319257122714 
91 0 0.0125406489672067 
92 0 0.0135390376421404 
93 0 0.0150582720106791 
94 0 0.0168897145858827 
95 0 0.0181539439963081 
96 0 0.0197896829777102 
97 0 0.0215925816816074 
98 0 0.0235020360662013 
99 0 0.0255121360968501 
100 0 0.0276187891672466 
101 0 0.0298129070407299 
102 0 0.0320856669191442 
103 0 0.0344260415516433 
104 0 0.0368229748726713 
105 0 0.0392627722306632 
106 0 0.0417287278992293 
107 0 0.0442089536115124 
108 0 0.0466844788015158 
109 0 0.0491413663668988 
110 0 0.0515656381657101 
111 0 0.0833333333333333 

death 1 M single 
1 0 0.000900277732995947 
2 0 0.0000658571825241649 
3 0 0.0000450111413439203 
4 0 0.0000341730888351321 
5 0 0.0000283377495704507 
6 0 0.0000241698794146705 
7 0 0.0000225027848553827 
8 0 0.0000208357208674181 
9 0 0.0000208357208674181 
10 0 0.0000183351822042876 
11 0 0.0000183351822042876 
12 0 0.0000183351822042876 
13 0 0.0000233363283135279 
14 0 0.0000283377495704507 
15 0 0.0000425099376131222 
16 0 0.0000575181923953005 
17 0 0.0000867080052475711 
18 0 0.000110900952950965 
19 0 0.000138438693701781 
20 0 0.000133431211178481 
21 0 0.000132596657577144 
22 0 0.000137604094123889 
23 0 0.00014344645210207 
24 0 0.000142611806542514 
25 0 0.000137604094123889 
26 0 0.000146785110982983 
27 0 0.000146785110982983 
28 0 0.0001542975418658 
29 0 0.000162645415570539 
30 0 0.000160140972956802 
31 0 0.000170159157473537 
32 0 0.000176003608403419 
33 0 0.000188528697419477 
34 0 0.000195209450695066 
35 0 0.000196044579382604 
36 0 0.000215254657358166 
37 0 0.000221102008810981 
38 0 0.000234468796364018 
39 0 0.000252851339696436 
40 0 0.000239481848557044 
41 0 0.000256194019795597 
42 0 0.000267058579253132 
43 0 0.000288791595274951 
44 0 0.000296315773371636 
45 0 0.000315547059099419 
46 0 0.000343983372797285 
47 0 0.000379122872988913 
48 0 0.000403393793679041 
49 0 0.000463680672948219 
50 0 0.000459492791513805 
51 0 0.000515626444732575 
52 0 0.000574310611397011 
53 0 0.000638067795401209 
54 0 0.00067080267712083 
55 0 0.000744709363691087 
56 0 0.000842223776182371 
57 0 0.000898594487330984 
58 0 0.000982795008333315 
59 0 0.0011581825528274 
60 0 0.00115227457594336 
61 0 0.00131361595989365 
62 0 0.00141682197197746 
63 0 0.00162358667431095 
64 0 0.00172969395355582 
65 0 0.00183252410460411 
66 0 0.00206410578257188 
67 0 0.00219548444363005 
68 0 0.00231850441009207 
69 0 0.00260534400393608 
70 0 0.00275554716753812 
71 0 0.00304808384140987 
72 0 0.00321024571631201 
73 0 0.003602183133252 
74 0 0.00396796071436423 
75 0 0.00427143314438072 
76 0 0.00459696373990415 
77 0 0.0051174394507052 
78 0 0.00557355329008002 
79 0 0.00582380067397126 
80 0 0.00646320651059662 
81 0 0.00740058575963232 
82 0 0.0080312620621219 
83 0 0.00868380609205266 
84 0 0.00950479920044078 
85 0 0.0102791793656242 
86 0 0.0111111529242948 
87 0 0.0122968355617339 
88 0 0.013147794027964 
89 0 0.0142973879487461 
90 0 0.0156976491678973 
91 0 0.0171433505374938 
92 0 0.0183335376096534 
93 0 0.0199413982569139 
94 0 0.0220525332797535 
95 0 0.023497706111123 
96 0 0.0247074482028452 
97 0 0.0264651216458814 
98 0 0.0282892574286522 
99 0 0.0301763678431956 
100 0 0.0321190751206947 
101 0 0.0341105288741871 
102 0 0.0361444506314694 
103 0 0.0382126362260075 
104 0 0.0403047220839278 
105 0 0.0424119609071146 
106 0 0.044524703344875 
107 0 0.0466351432626209 
108 0 0.0487318223047581 
109 0 0.0508051500016612 
110 0 0.05284771498297 
111 0 0.0833333333333333 
