** Period (Monthly) Age-Specific Probabilities of Death for USA in 2013 
* Retrieved from the Human Mortality Database (Life tables), www.mortality.org. 
* Max Planck Institute for Demographic Research (Germany), 
* University of California, Berkeley (USA), 
* and French Institute for Demographic Studies (France) 
* Data downloaded on  31 Mar 2023 06:10:17 CEST 
** NB: The original HMD annual probabilities have been converted into monthly probabilities 
** The open age interval (110+) is limited to one year [110-111) 

death 1 F single 
1 0 0.000446092867803172 
2 0 0.0000316721832838152 
3 0 0.0000183351822042876 
4 0 0.0000133343112110884 
5 0 0.0000116674153447516 
6 0 0.0000100005500421885 
7 0 0.00000916712885190574 
8 0 0.00000750030939278279 
9 0 0.00000833371530217786 
10 0 0.00000750030939278279 
11 0 0.00000833371530217786 
12 0 0.00000833371530217786 
13 0 0.00000916712885190574 
14 0 0.0000116674153447516 
15 0 0.000012500859457365 
16 0 0.0000141677706060328 
17 0 0.0000175016846010179 
18 0 0.0000216692490401238 
19 0 0.0000258370045466139 
20 0 0.0000300049511388067 
21 0 0.0000333394460065861 
22 0 0.0000333394460065861 
23 0 0.0000358403974268784 
24 0 0.0000391751063537615 
25 0 0.0000416762183291786 
26 0 0.0000408425066913409 
27 0 0.0000458448912142861 
28 0 0.0000483461867075707 
29 0 0.0000500137552731372 
30 0 0.0000516813544294559 
31 0 0.0000550166445189015 
32 0 0.0000583520569852336 
33 0 0.0000625214946752273 
34 0 0.0000650232490866376 
35 0 0.0000725289254539518 
36 0 0.000079201158088904 
37 0 0.000079201158088904 
38 0 0.0000858738805041837 
39 0 0.0000917129144495377 
40 0 0.0000992207949763735 
41 0 0.000109232267063164 
42 0 0.000117576002849673 
43 0 0.000127589496870306 
44 0 0.000139273300942766 
45 0 0.000149289185622847 
46 0 0.000167654507824855 
47 0 0.000181013436895361 
48 0 0.000202725885138699 
49 0 0.000216925290815517 
50 0 0.000249508782532493 
51 0 0.000265387024029895 
52 0 0.000293807644791144 
53 0 0.000313874611824527 
54 0 0.000338128110205616 
55 0 0.000363224749367119 
56 0 0.000395023778405612 
57 0 0.000425159442090872 
58 0 0.000454467588553054 
59 0 0.00047959638290207 
60 0 0.000507246085562962 
61 0 0.000553347629078771 
62 0 0.00059360082782578 
63 0 0.000629676135545654 
64 0 0.000687594372434042 
65 0 0.000758993724140677 
66 0 0.000837177359120589 
67 0 0.000887654150806605 
68 0 0.000970159952704663 
69 0 0.00106032849395321 
70 0 0.00120630467893545 
71 0 0.00130262551171789 
72 0 0.00142867279284986 
73 0 0.00154472325951605 
74 0 0.00169317905042266 
75 0 0.00188185593534362 
76 0 0.00205813854362014 
77 0 0.00228858837161305 
78 0 0.00254190430220946 
79 0 0.00282859287694315 
80 0 0.00313085364998411 
81 0 0.00350252397114614 
82 0 0.00399582379657859 
83 0 0.00455577019308118 
84 0 0.00516859344615195 
85 0 0.00572344103800271 
86 0 0.00653751731962871 
87 0 0.00720998337642742 
88 0 0.00822178440699839 
89 0 0.00928568904499394 
90 0 0.0104174641542892 
91 0 0.0116982442855484 
92 0 0.0131256263780136 
93 0 0.0145574791030454 
94 0 0.0166989559591796 
95 0 0.0181600605597585 
96 0 0.0201548601274223 
97 0 0.0222508435580259 
98 0 0.0244827817026348 
99 0 0.0268431368394259 
100 0 0.0293225177259906 
101 0 0.0319081005780378 
102 0 0.0345842241658781 
103 0 0.0373318581131388 
104 0 0.0401306335704038 
105 0 0.0429573014527971 
106 0 0.0457923326770547 
107 0 0.0486091922060102 
108 0 0.0513867961903618 
109 0 0.0541030627930574 
110 0 0.0567398255003431 
111 0 0.0833333333333333 

death 1 M single 
1 0 0.000540772160864456 
2 0 0.0000383414176537977 
3 0 0.0000241698794146705 
4 0 0.0000175016846010179 
5 0 0.0000150012376423092 
6 0 0.000012500859457365 
7 0 0.0000108339788730261 
8 0 0.0000100005500421885 
9 0 0.0000100005500421885 
10 0 0.0000108339788730261 
11 0 0.00000916712885190574 
12 0 0.0000100005500421885 
13 0 0.000012500859457365 
14 0 0.0000150012376423092 
15 0 0.0000191686874497776 
16 0 0.0000275041602521009 
17 0 0.0000366740631904117 
18 0 0.0000500137552731372 
19 0 0.0000658571825241649 
20 0 0.0000775330540162544 
21 0 0.000087542137645058 
22 0 0.0000992207949763735 
23 0 0.000102557829824601 
24 0 0.000106729295667018 
25 0 0.000107563611807859 
26 0 0.000109232267063164 
27 0 0.000113404039220888 
28 0 0.00011590719442045 
29 0 0.000115072801694871 
30 0 0.000118410418553538 
31 0 0.000123417073636167 
32 0 0.00012425154296114 
33 0 0.00012425154296114 
34 0 0.000132596657577144 
35 0 0.000137604094123889 
36 0 0.000140942538415234 
37 0 0.000142611806542514 
38 0 0.000148454486411209 
39 0 0.000152628059122195 
40 0 0.000164315082316957 
41 0 0.000176838560643211 
42 0 0.000187693637785924 
43 0 0.000206066722202247 
44 0 0.00021776061905987 
45 0 0.000235304285861493 
46 0 0.000257029709030077 
47 0 0.000291299585426952 
48 0 0.000319728311943712 
49 0 0.000349002469585802 
50 0 0.000384980777602628 
51 0 0.000425996686536201 
52 0 0.00046954403123467 
53 0 0.000501380294002152 
54 0 0.000549994000700438 
55 0 0.00059360082782578 
56 0 0.000654853440819392 
57 0 0.000711947844934002 
58 0 0.000756472791427876 
59 0 0.000827926322611638 
60 0 0.000882605209140075 
61 0 0.000950789614120318 
62 0 0.00102071072564436 
63 0 0.00108056551182911 
64 0 0.00114889876172741 
65 0 0.00121643890343159 
66 0 0.0012950175191897 
67 0 0.00139820237857269 
68 0 0.00150404635507184 
69 0 0.00162188996573254 
70 0 0.00180021778559181 
71 0 0.00195249817190035 
72 0 0.00213830281095917 
73 0 0.00228346089848774 
74 0 0.00248792978193091 
75 0 0.00271689972367628 
76 0 0.00297572221440057 
77 0 0.00324824043705052 
78 0 0.00362646457962645 
79 0 0.00398885722216891 
80 0 0.00432910320276281 
81 0 0.00483221362244191 
82 0 0.00545488377618053 
83 0 0.00617192531783839 
84 0 0.00679943515139092 
85 0 0.00767500052470416 
86 0 0.00849230583934713 
87 0 0.00959370462148912 
88 0 0.0107641090274131 
89 0 0.0119718260315865 
90 0 0.0134268032334219 
91 0 0.015040549209319 
92 0 0.0165796878134231 
93 0 0.0186774050646182 
94 0 0.0212689635379668 
95 0 0.0224902576021315 
96 0 0.0247853924391486 
97 0 0.0271088245318757 
98 0 0.0295447680038957 
99 0 0.0320808953542067 
100 0 0.0347021267637999 
101 0 0.0373913998840993 
102 0 0.0401280183470061 
103 0 0.0428938394523377 
104 0 0.0456654300736483 
105 0 0.0484219759505211 
106 0 0.0511429770746539 
107 0 0.0538070255514109 
108 0 0.0563951140851112 
109 0 0.058892953638172 
110 0 0.0612852721108783 
111 0 0.0833333333333333 
