** Period (Monthly) Age-Specific Probabilities of Death for USA in 1971 
* Retrieved from the Human Mortality Database (Life tables), www.mortality.org. 
* Max Planck Institute for Demographic Research (Germany), 
* University of California, Berkeley (USA), 
* and French Institute for Demographic Studies (France) 
* Data downloaded on  30 Mar 2023 17:43:06 CEST 
** NB: The original HMD annual probabilities have been converted into monthly probabilities 
** The open age interval (110+) is limited to one year [110-111) 

death 1 F single 
1 0 0.0013753562776101 
2 0 0.0000933812787555777 
3 0 0.0000633554051622243 
4 0 0.0000483461867075707 
5 0 0.0000408425066913409 
6 0 0.0000383414176537977 
7 0 0.0000325058108229248 
8 0 0.0000291713465325749 
9 0 0.0000233363283135279 
10 0 0.0000225027848553827 
11 0 0.0000233363283135279 
12 0 0.0000225027848553827 
13 0 0.0000233363283135279 
14 0 0.0000275041602521009 
15 0 0.0000291713465325749 
16 0 0.0000391751063537615 
17 0 0.0000466786487315352 
18 0 0.0000533489841776369 
19 0 0.0000600198091127435 
20 0 0.0000600198091127435 
21 0 0.00005668433545436 
22 0 0.0000633554051622243 
23 0 0.000064189323299324 
24 0 0.0000608536966506534 
25 0 0.0000600198091127435 
26 0 0.0000700269644720031 
27 0 0.0000733629277510639 
28 0 0.0000666911236122392 
29 0 0.000070860943814588 
30 0 0.0000800352216044908 
31 0 0.0000783671022263066 
32 0 0.0000925470927749528 
33 0 0.000097552323490957 
34 0 0.000105060686358072 
35 0 0.000112569669472262 
36 0 0.000122582611971733 
37 0 0.000132596657577144 
38 0 0.000149289185622847 
39 0 0.00015930617408666 
40 0 0.000170994056027163 
41 0 0.000194374329680724 
42 0 0.000200220337924772 
43 0 0.000229456020658048 
44 0 0.000255358338245082 
45 0 0.000261208270468494 
46 0 0.000288791595274951 
47 0 0.000328091394796726 
48 0 0.000346492886541427 
49 0 0.000359041494845114 
50 0 0.000395860745241672 
51 0 0.000434369555291303 
52 0 0.000446092867803172 
53 0 0.000502218241041352 
54 0 0.000543287115269853 
55 0 0.000591923255105264 
56 0 0.000629676135545654 
57 0 0.000685075420268633 
58 0 0.000737988088850616 
59 0 0.000795975443813046 
60 0 0.000839700532605847 
61 0 0.000937317032136842 
62 0 0.000985322230410257 
63 0 0.00108646882497043 
64 0 0.00116662318666216 
65 0 0.00124008982693891 
66 0 0.00140158747515007 
67 0 0.00147100978687087 
68 0 0.00160322826447667 
69 0 0.0017738711464782 
70 0 0.00190397891347438 
71 0 0.00232534374743909 
72 0 0.00241943697436009 
73 0 0.00255304590142014 
74 0 0.00288879239340334 
75 0 0.00318952803586359 
76 0 0.00369414009444824 
77 0 0.00393140342562537 
78 0 0.00423562629771279 
79 0 0.00481815167142796 
80 0 0.00528777095140365 
81 0 0.00587002133627412 
82 0 0.00632906475507278 
83 0 0.00714954445253757 
84 0 0.00790750163768927 
85 0 0.00890789184470731 
86 0 0.00993904478208441 
87 0 0.0109482799080802 
88 0 0.0118909947176289 
89 0 0.0129061732469984 
90 0 0.0139426926316831 
91 0 0.015690707142442 
92 0 0.0168495210281914 
93 0 0.0183345590611406 
94 0 0.020828790400741 
95 0 0.0222465741627428 
96 0 0.023426292326249 
97 0 0.0253086208806488 
98 0 0.0272758503471189 
99 0 0.0293213616366309 
100 0 0.0314390972971662 
101 0 0.0336199503852008 
102 0 0.0358538323925077 
103 0 0.0381295257140424 
104 0 0.0404358448635499 
105 0 0.0427603154131025 
106 0 0.0450904243313122 
107 0 0.0474122607530437 
108 0 0.049714795117315 
109 0 0.0519828853723874 
110 0 0.0542091477259092 
111 0 0.0833333333333333 

death 1 M single 
1 0 0.00177472091867836 
2 0 0.000110900952950965 
3 0 0.0000750309553007034 
4 0 0.0000633554051622243 
5 0 0.0000516813544294559 
6 0 0.0000508475510273554 
7 0 0.0000416762183291786 
8 0 0.0000391751063537615 
9 0 0.0000383414176537977 
10 0 0.0000350067393084519 
11 0 0.0000325058108229248 
12 0 0.0000358403974268784 
13 0 0.0000375077365993848 
14 0 0.0000433436645435048 
15 0 0.0000583520569852336 
16 0 0.0000783671022263066 
17 0 0.000107563611807859 
18 0 0.000135934917957492 
19 0 0.000165984779734729 
20 0 0.000176003608403419 
21 0 0.000172663876141788 
22 0 0.000190198839702838 
23 0 0.000195209450695066 
24 0 0.000186858585824345 
25 0 0.000170159157473537 
26 0 0.000171828962249876 
27 0 0.000165149927191854 
28 0 0.000173498797702898 
29 0 0.000163480245109926 
30 0 0.000170994056027163 
31 0 0.000169324266588666 
32 0 0.000179343463383219 
33 0 0.00018602354153463 
34 0 0.000194374329680724 
35 0 0.000204396288320696 
36 0 0.00021776061905987 
37 0 0.000246166348294219 
38 0 0.000258701110551818 
39 0 0.000278760326709371 
40 0 0.000296315773371636 
41 0 0.000312202195326683 
42 0 0.000350675563450809 
43 0 0.000382470200815832 
44 0 0.000429345741460474 
45 0 0.000468706385457929 
46 0 0.000514788374032848 
47 0 0.000575149231300531 
48 0 0.000607022524816481 
49 0 0.000658210942097504 
50 0 0.000716987309626105 
51 0 0.000795134782960893 
52 0 0.000861570972625403 
53 0 0.000928055791168059 
54 0 0.00104852564912838 
55 0 0.00114805482778269 
56 0 0.00126205691644521 
57 0 0.00138804784611812 
58 0 0.0015099772684366 
59 0 0.00162867699036584 
60 0 0.00176282483193213 
61 0 0.00194228143482478 
62 0 0.00205046695593558 
63 0 0.00223476435504144 
64 0 0.00248792978193091 
65 0 0.00263364899829577 
66 0 0.00292665256241098 
67 0 0.0030567021703507 
68 0 0.0033363804302966 
69 0 0.00357530769350889 
70 0 0.00378966594553265 
71 0 0.0043544547007508 
72 0 0.00451196784611307 
73 0 0.00476016921513489 
74 0 0.00527628776269307 
75 0 0.00560014244601392 
76 0 0.00628796782923424 
77 0 0.0066235434983295 
78 0 0.00702428516210341 
79 0 0.00770947455607718 
80 0 0.00834597724071262 
81 0 0.00883252215052865 
82 0 0.0096196519140449 
83 0 0.0104997884232838 
84 0 0.0112082638883243 
85 0 0.0122223893823813 
86 0 0.0134741954626387 
87 0 0.014578044809015 
88 0 0.0157800028344381 
89 0 0.0167581479634604 
90 0 0.0182457364889246 
91 0 0.019334014721443 
92 0 0.0207794331212233 
93 0 0.0225598513333574 
94 0 0.0245714843585627 
95 0 0.0249117857157974 
96 0 0.0271189725041584 
97 0 0.0288566860827946 
98 0 0.0306480667276253 
99 0 0.032488603455524 
100 0 0.0343709285660707 
101 0 0.0362894962749365 
102 0 0.0382369449962873 
103 0 0.0402065091646575 
104 0 0.0421894220659507 
105 0 0.0441788115071677 
106 0 0.0461671500160394 
107 0 0.0481447769326071 
108 0 0.0501055625489966 
109 0 0.0520398713458834 
110 0 0.0539434135407864 
111 0 0.0833333333333333 
