** Period (Monthly) Age-Specific Probabilities of Death for USA in 2015 
* Retrieved from the Human Mortality Database (Life tables), www.mortality.org. 
* Max Planck Institute for Demographic Research (Germany), 
* University of California, Berkeley (USA), 
* and French Institute for Demographic Studies (France) 
* Data downloaded on  31 Mar 2023 06:31:06 CEST 
** NB: The original HMD annual probabilities have been converted into monthly probabilities 
** The open age interval (110+) is limited to one year [110-111) 

death 1 F single 
1 0 0.000446930305146087 
2 0 0.0000291713465325749 
3 0 0.0000191686874497776 
4 0 0.0000133343112110884 
5 0 0.0000108339788730261 
6 0 0.00000916712885190574 
7 0 0.0000100005500421885 
8 0 0.00000833371530217786 
9 0 0.00000833371530217786 
10 0 0.00000666691112360951 
11 0 0.00000666691112360951 
12 0 0.00000833371530217786 
13 0 0.00000916712885190574 
14 0 0.000012500859457365 
15 0 0.0000141677706060328 
16 0 0.0000150012376423092 
17 0 0.0000200022003373768 
18 0 0.0000233363283135279 
19 0 0.0000300049511388067 
20 0 0.0000333394460065861 
21 0 0.0000341730888351321 
22 0 0.0000383414176537977 
23 0 0.0000383414176537977 
24 0 0.0000400088026996093 
25 0 0.0000425099376131222 
26 0 0.0000466786487315352 
27 0 0.0000466786487315352 
28 0 0.0000508475510273554 
29 0 0.0000533489841776369 
30 0 0.00005668433545436 
31 0 0.000061687591838111 
32 0 0.000064189323299324 
33 0 0.0000716949308086079 
34 0 0.0000741969376999441 
35 0 0.0000766990134587475 
36 0 0.0000800352216044908 
37 0 0.0000900445807636707 
38 0 0.0000917129144495377 
39 0 0.0000992207949763735 
40 0 0.0000992207949763735 
41 0 0.000110066606177961 
42 0 0.000121748157967727 
43 0 0.000133431211178481 
44 0 0.000140942538415234 
45 0 0.000155967055273654 
46 0 0.000169324266588666 
47 0 0.00018435347596979 
48 0 0.000199385170868593 
49 0 0.000223608131741049 
50 0 0.0002411529274019 
51 0 0.000267058579253132 
52 0 0.000289627584302288 
53 0 0.000320564585597816 
54 0 0.000347329406522712 
55 0 0.000369918357165155 
56 0 0.000397534702040403 
57 0 0.000435206884600192 
58 0 0.000468706385457929 
59 0 0.000503056195808371 
60 0 0.000529036627315183 
61 0 0.000559216776611748 
62 0 0.000604505805596012 
63 0 0.000659050336805356 
64 0 0.000708588357108852 
65 0 0.000751431135869618 
66 0 0.000809427075640912 
67 0 0.000881763746147901 
68 0 0.000971002235061524 
69 0 0.00104599666765759 
70 0 0.00116409091412772 
71 0 0.00127388755101021 
72 0 0.00141597554396811 
73 0 0.00158033051039863 
74 0 0.00171185925839046 
75 0 0.00184102767948269 
76 0 0.00206495827732067 
77 0 0.00226039085577701 
78 0 0.00253590554653815 
79 0 0.00277444747125777 
80 0 0.00312050328894453 
81 0 0.00349386313623667 
82 0 0.00382442761487489 
83 0 0.00435707767481708 
84 0 0.00500024716935477 
85 0 0.00572344103800271 
86 0 0.00647484151560429 
87 0 0.00720456928526836 
88 0 0.00818711402431049 
89 0 0.00919616455994909 
90 0 0.0103071928960157 
91 0 0.0118073870948109 
92 0 0.0131690029936946 
93 0 0.0147142893791739 
94 0 0.0165466416147094 
95 0 0.0180938201033949 
96 0 0.0202790071938512 
97 0 0.0224217877531105 
98 0 0.0247030590165721 
99 0 0.0271178448941812 
100 0 0.0296549429776503 
101 0 0.0322982639548695 
102 0 0.0350333460567662 
103 0 0.0378386224862949 
104 0 0.0406934186824219 
105 0 0.0435727128537073 
106 0 0.0464535486714613 
107 0 0.0493127051327965 
108 0 0.0521239194199823 
109 0 0.0548670220793676 
110 0 0.0575213305937327 
111 0 0.0833333333333333 

death 1 M single 
1 0 0.000531551256905183 
2 0 0.0000375077365993848 
3 0 0.0000233363283135279 
4 0 0.0000191686874497776 
5 0 0.0000141677706060328 
6 0 0.0000133343112110884 
7 0 0.0000116674153447516 
8 0 0.00000916712885190574 
9 0 0.0000108339788730261 
10 0 0.0000100005500421885 
11 0 0.0000108339788730261 
12 0 0.0000108339788730261 
13 0 0.0000116674153447516 
14 0 0.0000158347123201397 
15 0 0.0000216692490401238 
16 0 0.0000283377495704507 
17 0 0.0000383414176537977 
18 0 0.0000550166445189015 
19 0 0.000070860943814588 
20 0 0.0000850397634148958 
21 0 0.0000933812787555777 
22 0 0.000104226393189744 
23 0 0.000111735307382288 
24 0 0.000113404039220888 
25 0 0.000118410418553538 
26 0 0.000120913711624038 
27 0 0.000118410418553538 
28 0 0.000125920504593591 
29 0 0.000125920504593591 
30 0 0.000135934917957492 
31 0 0.000131762111637901 
32 0 0.000137604094123889 
33 0 0.00014344645210207 
34 0 0.000146785110982983 
35 0 0.000151793329249084 
36 0 0.000155967055273654 
37 0 0.000158471382883385 
38 0 0.000167654507824855 
39 0 0.000170994056027163 
40 0 0.000178508488132945 
41 0 0.000182683441090514 
42 0 0.00019687971574367 
43 0 0.000210242941224514 
44 0 0.000222772749752909 
45 0 0.000245330758940732 
46 0 0.000259536822839412 
47 0 0.000286283674331145 
48 0 0.00030718513048289 
49 0 0.000338128110205616 
50 0 0.000381633357299904 
51 0 0.000418461764218003 
52 0 0.000463680672948219 
53 0 0.000503056195808371 
54 0 0.000554186055514827 
55 0 0.000605344704256772 
56 0 0.000653174736710005 
57 0 0.000704389172026532 
58 0 0.000775801730317993 
59 0 0.000827085366010505 
60 0 0.0008901787268909 
61 0 0.00095584234764956 
62 0 0.00102829576903052 
63 0 0.00110755521946915 
64 0 0.00121643890343159 
65 0 0.00125022782322792 
66 0 0.00133221821130503 
67 0 0.00141597554396811 
68 0 0.00151167188629142 
69 0 0.00161086213304051 
70 0 0.00176792296387229 
71 0 0.0018988731320585 
72 0 0.00213403696991665 
73 0 0.00229713480435134 
74 0 0.00251105778544858 
75 0 0.0027014453578853 
76 0 0.00297572221440057 
77 0 0.00324219475664678 
78 0 0.00357270726761649 
79 0 0.0038974705818895 
80 0 0.00429065241501103 
81 0 0.00480057730567551 
82 0 0.00535228057188752 
83 0 0.00585846395443324 
84 0 0.00660651097830156 
85 0 0.00745033506231652 
86 0 0.00831308601413316 
87 0 0.00927737890334712 
88 0 0.0106046738490148 
89 0 0.0117826997266272 
90 0 0.0131236990151093 
91 0 0.0148006521874749 
92 0 0.0165126067867113 
93 0 0.018473585498697 
94 0 0.0207573887110525 
95 0 0.0228162118439033 
96 0 0.0247041562927703 
97 0 0.0270603558397494 
98 0 0.0295331786382574 
99 0 0.0321095286258531 
100 0 0.0347734364215616 
101 0 0.0375055292312594 
102 0 0.0402890005856358 
103 0 0.0430978927695553 
104 0 0.0459124334781708 
105 0 0.0487101690599959 
106 0 0.0514672291809148 
107 0 0.0541645453592807 
108 0 0.056781030504291 
109 0 0.0593017438464351 
110 0 0.0617107381109622 
111 0 0.0833333333333333 
