** Period (Monthly) Age-Specific Probabilities of Death for USA in 1984 
* Retrieved from the Human Mortality Database (Life tables), www.mortality.org. 
* Max Planck Institute for Demographic Research (Germany), 
* University of California, Berkeley (USA), 
* and French Institute for Demographic Studies (France) 
* Data downloaded on  06 Apr 2023 08:10:26 PDT 
** NB: The original HMD annual probabilities have been converted into monthly probabilities 
** The open age interval (110+) is limited to one year [110-111) 

death 1 F single 
1 0 0.000812790294873467 
2 0 0.0000633554051622243 
3 0 0.0000400088026996093 
4 0 0.0000300049511388067 
5 0 0.0000233363283135279 
6 0 0.0000183351822042876 
7 0 0.0000183351822042876 
8 0 0.0000175016846010179 
9 0 0.0000166681946396352 
10 0 0.0000158347123201397 
11 0 0.0000158347123201397 
12 0 0.0000141677706060328 
13 0 0.0000175016846010179 
14 0 0.0000200022003373768 
15 0 0.0000216692490401238 
16 0 0.0000283377495704507 
17 0 0.0000366740631904117 
18 0 0.0000375077365993848 
19 0 0.0000433436645435048 
20 0 0.0000450111413439203 
21 0 0.0000425099376131222 
22 0 0.0000475124138960004 
23 0 0.0000441773991204375 
24 0 0.0000466786487315352 
25 0 0.0000475124138960004 
26 0 0.0000458448912142861 
27 0 0.0000483461867075707 
28 0 0.0000508475510273554 
29 0 0.0000533489841776369 
30 0 0.0000541828105240505 
31 0 0.0000575181923953005 
32 0 0.0000633554051622243 
33 0 0.000061687591838111 
34 0 0.0000700269644720031 
35 0 0.0000741969376999441 
36 0 0.0000783671022263066 
37 0 0.0000858738805041837 
38 0 0.0000925470927749528 
39 0 0.000105894987183719 
40 0 0.000108397935606575 
41 0 0.000123417073636167 
42 0 0.000131762111637901 
43 0 0.000153462796661064 
44 0 0.000163480245109926 
45 0 0.00018184843515745 
46 0 0.000202725885138699 
47 0 0.000212748764747639 
48 0 0.000231962373952066 
49 0 0.000275416816550522 
50 0 0.000287955613937352 
51 0 0.000313038399728627 
52 0 0.00036573479451496 
53 0 0.000381633357299904 
54 0 0.000420136137406546 
55 0 0.000457817692981588 
56 0 0.000492163386553224 
57 0 0.000544963790214625 
58 0 0.000597794895148662 
59 0 0.000691792781259082 
60 0 0.000722027053892349 
61 0 0.000778323199503439 
62 0 0.00083129022687578 
63 0 0.00096679090138907 
64 0 0.00102239623609435 
65 0 0.00109658968326509 
66 0 0.00117590879018659 
67 0 0.00128656494180257 
68 0 0.00136774218807156 
69 0 0.00152861980510233 
70 0 0.00164904110997499 
71 0 0.00184102767948269 
72 0 0.00196527071127228 
73 0 0.00214939493657262 
74 0 0.00239975486246347 
75 0 0.00254276129970166 
76 0 0.00278303982117256 
77 0 0.003131716233433 
78 0 0.0033363804302966 
79 0 0.0037184462082106 
80 0 0.00410823388131099 
81 0 0.00465221005276795 
82 0 0.00503811979577395 
83 0 0.00557266711955395 
84 0 0.00655453683127871 
85 0 0.00717569961620479 
86 0 0.00785568192290287 
87 0 0.0087654777428855 
88 0 0.0096215055782547 
89 0 0.0105559618341403 
90 0 0.0116840180369479 
91 0 0.0129629101023507 
92 0 0.0140361024517255 
93 0 0.0155975377929837 
94 0 0.0169993338631189 
95 0 0.0187235595405447 
96 0 0.020229953641929 
97 0 0.0220099436434039 
98 0 0.0238882504935147 
99 0 0.0258616343576765 
100 0 0.0279243652716997 
101 0 0.0300702036008005 
102 0 0.032288697998254 
103 0 0.0345707246021414 
104 0 0.0369061132598582 
105 0 0.0392796049057483 
106 0 0.0416794644832309 
107 0 0.0440911847893865 
108 0 0.0465013739020157 
109 0 0.048895117923576 
110 0 0.051257367290879 
111 0 0.0833333333333333 

death 1 M single 
1 0 0.00100638514969764 
2 0 0.0000741969376999441 
3 0 0.0000508475510273554 
4 0 0.0000358403974268784 
5 0 0.0000300049511388067 
6 0 0.0000283377495704507 
7 0 0.0000258370045466139 
8 0 0.0000241698794146705 
9 0 0.0000250034381590325 
10 0 0.0000200022003373768 
11 0 0.0000233363283135279 
12 0 0.0000241698794146705 
13 0 0.0000266705785775256 
14 0 0.0000308385633891461 
15 0 0.0000383414176537977 
16 0 0.0000525151654794387 
17 0 0.0000750309553007034 
18 0 0.0000950496736826789 
19 0 0.000119244841917165 
20 0 0.00012425154296114 
21 0 0.000130927573360862 
22 0 0.000139273300942766 
23 0 0.000138438693701781 
24 0 0.000140107915847287 
25 0 0.000135100341368544 
26 0 0.0001367695022092 
27 0 0.0001367695022092 
28 0 0.000138438693701781 
29 0 0.000145115766213677 
30 0 0.000133431211178481 
31 0 0.000145950434766062 
32 0 0.000152628059122195 
33 0 0.000155132294736626 
34 0 0.000161810593698575 
35 0 0.000160975779494144 
36 0 0.000165984779734729 
37 0 0.000180178446304025 
38 0 0.000181013436895361 
39 0 0.000210242941224514 
40 0 0.000209407682068785 
41 0 0.000236975287897678 
42 0 0.000251180045748089 
43 0 0.000275416816550522 
44 0 0.000292971617312565 
45 0 0.000321400866947319 
46 0 0.000342310402132506 
47 0 0.000387491423751052 
48 0 0.000429345741460474 
49 0 0.00047959638290207 
50 0 0.000519816914184679 
51 0 0.000575149231300531 
52 0 0.000651496063618806 
53 0 0.000723707030781062 
54 0 0.00076235507658684 
55 0 0.000818676228185322 
56 0 0.000925530162064314 
57 0 0.00103166710278468 
58 0 0.00111767842829424 
59 0 0.00126628196611334 
60 0 0.00134913265713799 
61 0 0.00146762210062445 
62 0 0.00157100345161965 
63 0 0.00179936777460077 
64 0 0.00192185141131418 
65 0 0.00204109145187426 
66 0 0.00217072976022825 
67 0 0.00241087900954218 
68 0 0.00256761775093628 
69 0 0.00287674929142046 
70 0 0.00315673472561395 
71 0 0.00343239500567649 
72 0 0.00369500805763023 
73 0 0.00401933994325587 
74 0 0.00442792672273473 
75 0 0.00472943601387477 
76 0 0.00504340560922556 
77 0 0.00564713574283349 
78 0 0.00596431364950523 
79 0 0.00647036633630338 
80 0 0.00706752052353987 
81 0 0.00784114138796199 
82 0 0.00852800947124011 
83 0 0.00909567093812913 
84 0 0.0101103491960368 
85 0 0.0110480399224683 
86 0 0.0116517802104703 
87 0 0.012827378161571 
88 0 0.0140808958444708 
89 0 0.0149706767901014 
90 0 0.0161320998273404 
91 0 0.0174775970756348 
92 0 0.0191008692371878 
93 0 0.0204033275485096 
94 0 0.021978014799456 
95 0 0.0239045605317746 
96 0 0.0251551877535222 
97 0 0.0268723684336579 
98 0 0.0286510736226149 
99 0 0.0304874291448176 
100 0 0.0323748290781828 
101 0 0.0343085089826586 
102 0 0.0362807367094201 
103 0 0.038283022261695 
104 0 0.0403086529011957 
105 0 0.0423475538454736 
106 0 0.0443941458359243 
107 0 0.0464366754760641 
108 0 0.048468022370632 
109 0 0.0504789523041241 
110 0 0.0524624414642156 
111 0 0.0833333333333333 
