** Period (Monthly) Age-Specific Probabilities of Death for USA in 1964 
* Retrieved from the Human Mortality Database (Life tables), www.mortality.org. 
* Max Planck Institute for Demographic Research (Germany), 
* University of California, Berkeley (USA), 
* and French Institute for Demographic Studies (France) 
* Data downloaded on  02 Apr 2023 10:04:59 PDT 
** NB: The original HMD annual probabilities have been converted into monthly probabilities 
** The open age interval (110+) is limited to one year [110-111) 

death 1 F single 
1 0 0.00181636950740149 
2 0 0.000127589496870306 
3 0 0.0000716949308086079 
4 0 0.0000550166445189015 
5 0 0.0000441773991204375 
6 0 0.0000400088026996093 
7 0 0.0000333394460065861 
8 0 0.0000291713465325749 
9 0 0.0000283377495704507 
10 0 0.0000241698794146705 
11 0 0.0000225027848553827 
12 0 0.0000250034381590325 
13 0 0.0000250034381590325 
14 0 0.0000266705785775256 
15 0 0.0000291713465325749 
16 0 0.0000341730888351321 
17 0 0.0000450111413439203 
18 0 0.0000458448912142861 
19 0 0.0000516813544294559 
20 0 0.0000550166445189015 
21 0 0.0000525151654794387 
22 0 0.0000575181923953005 
23 0 0.0000625214946752273 
24 0 0.0000591859292243813 
25 0 0.0000658571825241649 
26 0 0.0000666911236122392 
27 0 0.0000658571825241649 
28 0 0.0000741969376999441 
29 0 0.0000783671022263066 
30 0 0.0000800352216044908 
31 0 0.0000867080052475711 
32 0 0.0000967180992323957 
33 0 0.000105894987183719 
34 0 0.000116741594805347 
35 0 0.000119244841917165 
36 0 0.000130093042745694 
37 0 0.000140107915847287 
38 0 0.000150123892499576 
39 0 0.000169324266588666 
40 0 0.00018435347596979 
41 0 0.000190198839702838 
42 0 0.000204396288320696 
43 0 0.000236975287897678 
44 0 0.000254522664378531 
45 0 0.000272073429390618 
46 0 0.000297151831613829 
47 0 0.000318055787721261 
48 0 0.00035485843287919 
49 0 0.000377449255310913 
50 0 0.00041176457996317 
51 0 0.000464518272397019 
52 0 0.000491325532234299 
53 0 0.000534904204619657 
54 0 0.000586051994499681 
55 0 0.000617090098907869 
56 0 0.000612895140792546 
57 0 0.000677518982809433 
58 0 0.000733787544595521 
59 0 0.000813631119139013 
60 0 0.000875873723466647 
61 0 0.000973529129001727 
62 0 0.00104599666765759 
63 0 0.00116493499712611 
64 0 0.00141512912385056 
65 0 0.00146084710738592 
66 0 0.00152946728411341 
67 0 0.00159389885253169 
68 0 0.00176792296387229 
69 0 0.00194313278564207 
70 0 0.00209906463783993 
71 0 0.0023578376448472 
72 0 0.00241430209856075 
73 0 0.00283375126930896 
74 0 0.00307738950414627 
75 0 0.00354150797824282 
76 0 0.0039932112683615 
77 0 0.00435183180269338 
78 0 0.00454613185751129 
79 0 0.00537526772036467 
80 0 0.0059216030545981 
81 0 0.00660651097830156 
82 0 0.0068003334368667 
83 0 0.00790386419495981 
84 0 0.00875537948411664 
85 0 0.0101979894146885 
86 0 0.0106984250151786 
87 0 0.0119775345208407 
88 0 0.0131526138071891 
89 0 0.0143589202879817 
90 0 0.0155381186728634 
91 0 0.0174462398858212 
92 0 0.0181131776144901 
93 0 0.0195719143323633 
94 0 0.0211402668091897 
95 0 0.0238643345254389 
96 0 0.0252125560991823 
97 0 0.0271629605108069 
98 0 0.0291919753744101 
99 0 0.0312923796671274 
100 0 0.0334550117380055 
101 0 0.0356709754944748 
102 0 0.0379291070728446 
103 0 0.0402195978348348 
104 0 0.0425288203039764 
105 0 0.0448429854103713 
106 0 0.0471524462487869 
107 0 0.0494436159588246 
108 0 0.0517030020047411 
109 0 0.0539204116420732 
110 0 0.0560847958429771 
111 0 0.0833333333333333 

death 1 M single 
1 0 0.00235698239311766 
2 0 0.000138438693701781 
3 0 0.0000933812787555777 
4 0 0.0000683590287403613 
5 0 0.0000600198091127435 
6 0 0.0000500137552731372 
7 0 0.0000458448912142861 
8 0 0.0000416762183291786 
9 0 0.0000416762183291786 
10 0 0.0000350067393084519 
11 0 0.0000350067393084519 
12 0 0.0000391751063537615 
13 0 0.0000383414176537977 
14 0 0.0000483461867075707 
15 0 0.0000575181923953005 
16 0 0.0000725289254539518 
17 0 0.0000900445807636707 
18 0 0.000115072801694871 
19 0 0.000137604094123889 
20 0 0.000153462796661064 
21 0 0.000150123892499576 
22 0 0.000158471382883385 
23 0 0.000151793329249084 
24 0 0.000155967055273654 
25 0 0.000151793329249084 
26 0 0.000150123892499576 
27 0 0.000150958607041618 
28 0 0.000147619794864662 
29 0 0.000150958607041618 
30 0 0.0001542975418658 
31 0 0.000156801823476993 
32 0 0.000162645415570539 
33 0 0.000179343463383219 
34 0 0.000187693637785924 
35 0 0.000203561082892323 
36 0 0.000206066722202247 
37 0 0.000226949736477855 
38 0 0.000252015688880669 
39 0 0.000266222797798643 
40 0 0.000299660052488715 
41 0 0.000323909757170004 
42 0 0.000330600469732656 
43 0 0.000395023778405612 
44 0 0.000426833938695692 
45 0 0.000477920913728114 
46 0 0.000505570106476561 
47 0 0.000566763380568935 
48 0 0.000624641511659085 
49 0 0.000680037725460325 
50 0 0.000753111656632388 
51 0 0.000853158641723306 
52 0 0.000911219590253864 
53 0 0.00101059831981876 
54 0 0.00110418106729526 
55 0 0.00120123799081617 
56 0 0.00126797204103291 
57 0 0.00138889401377451 
58 0 0.00149642146439799 
59 0 0.00163716148493054 
60 0 0.00183337442623321 
61 0 0.00203512572643549 
62 0 0.00214427532544748 
63 0 0.00239633232247261 
64 0 0.00268685198644147 
65 0 0.00286384774313231 
66 0 0.00291976771901414 
67 0 0.00310670464615059 
68 0 0.00347914161688867 
69 0 0.00369414009444824 
70 0 0.00393749528224163 
71 0 0.00423213370501063 
72 0 0.00442267674278063 
73 0 0.00490255618209967 
74 0 0.00506367075619896 
75 0 0.00578293285949893 
76 0 0.00639163945147803 
77 0 0.00670965170350246 
78 0 0.00682189496979713 
79 0 0.00780025869623413 
80 0 0.00848223814065752 
81 0 0.00928291891258193 
82 0 0.00951405608708222 
83 0 0.0109144243122528 
84 0 0.0117741556795488 
85 0 0.0132741578066524 
86 0 0.0137814007985697 
87 0 0.0152564153013633 
88 0 0.0164355757730026 
89 0 0.0175028931529834 
90 0 0.0191462126284504 
91 0 0.0208088341624102 
92 0 0.0212267473758985 
93 0 0.0225427155111207 
94 0 0.0249348856985226 
95 0 0.0259751014703467 
96 0 0.0282013174708108 
97 0 0.0299956151271102 
98 0 0.0318426463822574 
99 0 0.0337341333471752 
100 0 0.035666005123423 
101 0 0.0376299729445598 
102 0 0.039618241524296 
103 0 0.0416235775857616 
104 0 0.043638033666459 
105 0 0.0456514960462083 
106 0 0.0476585965862398 
107 0 0.0496491091637385 
108 0 0.0516148848092408 
109 0 0.0535486352842348 
110 0 0.0554440920519 
111 0 0.0833333333333333 
