** Period (Monthly) Age-Specific Probabilities of Death for USA in 2007 
* Retrieved from the Human Mortality Database (Life tables), www.mortality.org. 
* Max Planck Institute for Demographic Research (Germany), 
* University of California, Berkeley (USA), 
* and French Institute for Demographic Studies (France) 
* Data downloaded on  30 Mar 2023 17:56:16 CEST 
** NB: The original HMD annual probabilities have been converted into monthly probabilities 
** The open age interval (110+) is limited to one year [110-111) 

death 1 F single 
1 0 0.000528198432916849 
2 0 0.0000375077365993848 
3 0 0.0000216692490401238 
4 0 0.0000166681946396352 
5 0 0.000012500859457365 
6 0 0.0000108339788730261 
7 0 0.0000108339788730261 
8 0 0.0000100005500421885 
9 0 0.0000100005500421885 
10 0 0.0000100005500421885 
11 0 0.0000100005500421885 
12 0 0.00000916712885190574 
13 0 0.0000100005500421885 
14 0 0.0000133343112110884 
15 0 0.0000141677706060328 
16 0 0.0000183351822042876 
17 0 0.0000258370045466139 
18 0 0.0000283377495704507 
19 0 0.0000358403974268784 
20 0 0.0000366740631904117 
21 0 0.0000366740631904117 
22 0 0.0000400088026996093 
23 0 0.0000391751063537615 
24 0 0.0000416762183291786 
25 0 0.0000425099376131222 
26 0 0.0000416762183291786 
27 0 0.0000466786487315352 
28 0 0.0000458448912142861 
29 0 0.0000491799671665794 
30 0 0.0000550166445189015 
31 0 0.0000525151654794387 
32 0 0.0000575181923953005 
33 0 0.0000608536966506534 
34 0 0.000061687591838111 
35 0 0.0000700269644720031 
36 0 0.0000775330540162544 
37 0 0.000079201158088904 
38 0 0.0000850397634148958 
39 0 0.0000958838826297104 
40 0 0.000105060686358072 
41 0 0.000116741594805347 
42 0 0.000123417073636167 
43 0 0.000132596657577144 
44 0 0.000150958607041618 
45 0 0.000168489383372439 
46 0 0.000179343463383219 
47 0 0.000196044579382604 
48 0 0.000220266649856748 
49 0 0.000236139783039269 
50 0 0.000246166348294219 
51 0 0.000275416816550522 
52 0 0.000297151831613829 
53 0 0.00030885745465703 
54 0 0.000326418716656729 
55 0 0.000357368246952983 
56 0 0.000382470200815832 
57 0 0.000403393793679041 
58 0 0.000438556278994695 
59 0 0.000477083190726146 
60 0 0.00053322771529607 
61 0 0.000575149231300531 
62 0 0.000621285250725911 
63 0 0.000680877321862394 
64 0 0.000753111656632388 
65 0 0.000828767286998655 
66 0 0.000914586580774035 
67 0 0.00096931767815911 
68 0 0.00105779918377846 
69 0 0.00114299138882046 
70 0 0.00127811315126147 
71 0 0.00138635553446576 
72 0 0.00150235187957026 
73 0 0.00169572612511093 
74 0 0.00182997318752443 
75 0 0.00202575180753872 
76 0 0.00227833371520869 
77 0 0.00245624542832057 
78 0 0.00272205176440876 
79 0 0.00297916669646414 
80 0 0.00335367284046362 
81 0 0.00383572803094001 
82 0 0.00430900188989303 
83 0 0.00485858567317121 
84 0 0.00539826071423943 
85 0 0.00599279859825996 
86 0 0.00678775825338351 
87 0 0.00758887303820399 
88 0 0.0087049051575353 
89 0 0.00960482397410145 
90 0 0.0107725575963115 
91 0 0.0121575379041329 
92 0 0.0137357864942481 
93 0 0.0152278003785069 
94 0 0.0168877044786404 
95 0 0.0188529192615559 
96 0 0.020614756905097 
97 0 0.0226949115411668 
98 0 0.0249040870590717 
99 0 0.0272351934027617 
100 0 0.0296781552529035 
101 0 0.0322217654102634 
102 0 0.0348484970871921 
103 0 0.037542335976626 
104 0 0.0402837607156906 
105 0 0.0430519052216679 
106 0 0.0458258324552228 
107 0 0.0485818045331629 
108 0 0.0513019760080519 
109 0 0.0539633534970098 
110 0 0.0565483237957741 
111 0 0.0833333333333333 

death 1 M single 
1 0 0.00064142467638717 
2 0 0.0000425099376131222 
3 0 0.0000275041602521009 
4 0 0.0000208357208674181 
5 0 0.0000166681946396352 
6 0 0.0000141677706060328 
7 0 0.000012500859457365 
8 0 0.000012500859457365 
9 0 0.0000116674153447516 
10 0 0.0000116674153447516 
11 0 0.000012500859457365 
12 0 0.000012500859457365 
13 0 0.0000133343112110884 
14 0 0.0000175016846010179 
15 0 0.0000241698794146705 
16 0 0.0000333394460065861 
17 0 0.0000483461867075707 
18 0 0.0000666911236122392 
19 0 0.0000942154723914124 
20 0 0.000108397935606575 
21 0 0.000109232267063164 
22 0 0.000120913711624038 
23 0 0.000128424004500527 
24 0 0.000121748157967727 
25 0 0.000126754996901401 
26 0 0.000119244841917165 
27 0 0.000120913711624038 
28 0 0.000123417073636167 
29 0 0.000122582611971733 
30 0 0.000125920504593591 
31 0 0.000121748157967727 
32 0 0.000125086019946985 
33 0 0.000122582611971733 
34 0 0.000128424004500527 
35 0 0.0001367695022092 
36 0 0.000140107915847287 
37 0 0.000145950434766062 
38 0 0.000158471382883385 
39 0 0.000166819639945581 
40 0 0.000176838560643211 
41 0 0.000191869012675761 
42 0 0.000211078208056104 
43 0 0.000226949736477855 
44 0 0.000250344410298808 
45 0 0.000281268040052463 
46 0 0.000303840574450209 
47 0 0.000327255051878472 
48 0 0.000347329406522712 
49 0 0.000379122872988913 
50 0 0.000418461764218003 
51 0 0.000459492791513805 
52 0 0.000499704423105984 
53 0 0.000534065956091179 
54 0 0.000583535856096162 
55 0 0.00061457310079549 
56 0 0.00068339615762647 
57 0 0.000701869754142659 
58 0 0.000757313094558953 
59 0 0.000801019572312933 
60 0 0.000864094823829986 
61 0 0.000930581490505844 
62 0 0.00099795939577596 
63 0 0.00107297610163104 
64 0 0.00120968262809162 
65 0 0.00131361595989365 
66 0 0.00141597554396811 
67 0 0.00150574086220534 
68 0 0.00160238009649083 
69 0 0.00174158569779459 
70 0 0.00192440491269807 
71 0 0.00207945191383785 
72 0 0.00225013938664576 
73 0 0.00246994541193368 
74 0 0.00271260658003503 
75 0 0.00295333627105399 
76 0 0.00330871943682309 
77 0 0.00354497403535481 
78 0 0.00392183133602964 
79 0 0.00425309128278428 
80 0 0.00475402173967487 
81 0 0.00551597026625106 
82 0 0.00611752593563297 
83 0 0.00676081732764766 
84 0 0.00747929273808712 
85 0 0.00836973948081987 
86 0 0.00930785317208549 
87 0 0.0102810466629878 
88 0 0.0116555722956315 
89 0 0.0125655456123694 
90 0 0.0142446795525432 
91 0 0.0157809955095456 
92 0 0.0175656583575667 
93 0 0.0194621947588137 
94 0 0.021681624378613 
95 0 0.0238469451416579 
96 0 0.02533513984806 
97 0 0.0275677734728118 
98 0 0.0299013044530505 
99 0 0.0323221833982025 
100 0 0.0348189573597815 
101 0 0.0373774609444084 
102 0 0.0399790800177752 
103 0 0.0426068138193918 
104 0 0.0452414456474657 
105 0 0.0478670336808712 
106 0 0.0504627483830299 
107 0 0.0530114107188806 
108 0 0.055498733300598 
109 0 0.057907544186396 
110 0 0.0602258429420888 
111 0 0.0833333333333333 
