** Period (Monthly) Age-Specific Probabilities of Death for USA in 1955 
* Retrieved from the Human Mortality Database (Life tables), www.mortality.org. 
* Max Planck Institute for Demographic Research (Germany), 
* University of California, Berkeley (USA), 
* and French Institute for Demographic Studies (France) 
* Data downloaded on  02 Apr 2023 10:04:58 PDT 
** NB: The original HMD annual probabilities have been converted into monthly probabilities 
** The open age interval (110+) is limited to one year [110-111) 

death 1 F single 
1 0 0.00203427351196683 
2 0 0.000144281105325716 
3 0 0.000080869292772956 
4 0 0.0000658571825241649 
5 0 0.0000525151654794387 
6 0 0.0000450111413439203 
7 0 0.0000383414176537977 
8 0 0.0000325058108229248 
9 0 0.0000275041602521009 
10 0 0.0000308385633891461 
11 0 0.0000283377495704507 
12 0 0.0000266705785775256 
13 0 0.0000250034381590325 
14 0 0.0000291713465325749 
15 0 0.0000333394460065861 
16 0 0.0000400088026996093 
17 0 0.0000450111413439203 
18 0 0.0000491799671665794 
19 0 0.0000533489841776369 
20 0 0.0000575181923953005 
21 0 0.0000591859292243813 
22 0 0.0000633554051622243 
23 0 0.0000658571825241649 
24 0 0.0000658571825241649 
25 0 0.0000675250723508602 
26 0 0.0000700269644720031 
27 0 0.0000716949308086079 
28 0 0.0000741969376999441 
29 0 0.000080869292772956 
30 0 0.0000867080052475711 
31 0 0.0000908787437792213 
32 0 0.000097552323490957 
33 0 0.000105894987183719 
34 0 0.000110900952950965 
35 0 0.000119244841917165 
36 0 0.000131762111637901 
37 0 0.00014344645210207 
38 0 0.0001542975418658 
39 0 0.000170994056027163 
40 0 0.000188528697419477 
41 0 0.00020523150142393 
42 0 0.000223608131741049 
43 0 0.000244495177269322 
44 0 0.000265387024029895 
45 0 0.000286283674331145 
46 0 0.00030718513048289 
47 0 0.000332273224842417 
48 0 0.000359878130344438 
49 0 0.000386654533994446 
50 0 0.000427671198569568 
51 0 0.000470381684733234 
52 0 0.000512274208312569 
53 0 0.00055837830375205 
54 0 0.000612056172412223 
55 0 0.000658210942097504 
56 0 0.000701869754142659 
57 0 0.000764035799453722 
58 0 0.000827085366010505 
59 0 0.000874190929995411 
60 0 0.000942369016184275 
61 0 0.00103335281659567 
62 0 0.00112189676506769 
63 0 0.00121981722963493 
64 0 0.00135759106194844 
65 0 0.00152438252873111 
66 0 0.00168044474913487 
67 0 0.00182657207629688 
68 0 0.00199167299185732 
69 0 0.00217926509487076 
70 0 0.00234158924093719 
71 0 0.0025607601182841 
72 0 0.00283031230845088 
73 0 0.0031601860942273 
74 0 0.00349992563373136 
75 0 0.00395142106509194 
76 0 0.00443667736612363 
77 0 0.0049412679169526 
78 0 0.0054017986169328 
79 0 0.00585579707619177 
80 0 0.00631834201526493 
81 0 0.00668093984429718 
82 0 0.00748291310109139 
83 0 0.00832587562079246 
84 0 0.00938177301484 
85 0 0.0105971779755767 
86 0 0.011738089769737 
87 0 0.0122691496455783 
88 0 0.0135864892347016 
89 0 0.0144713503078177 
90 0 0.0157561819352058 
91 0 0.0180113430381647 
92 0 0.0176274542976437 
93 0 0.0187122751299793 
94 0 0.0219482248864084 
95 0 0.0235507626194201 
96 0 0.0249645945245043 
97 0 0.0267970604792381 
98 0 0.0287015708686623 
99 0 0.0306715419819705 
100 0 0.0327009764459912 
101 0 0.0347795865198703 
102 0 0.036901072321869 
103 0 0.0390545744382076 
104 0 0.0412307212495451 
105 0 0.0434191302385579 
106 0 0.0456097073860765 
107 0 0.0477898820112649 
108 0 0.0499516789732832 
109 0 0.0520818851361533 
110 0 0.0541737715370737 
111 0 0.0833333333333333 

death 1 M single 
1 0 0.00264051214600614 
2 0 0.000169324266588666 
3 0 0.000100889297087292 
4 0 0.0000783671022263066 
5 0 0.0000600198091127435 
6 0 0.0000550166445189015 
7 0 0.0000516813544294559 
8 0 0.0000475124138960004 
9 0 0.0000425099376131222 
10 0 0.0000500137552731372 
11 0 0.0000450111413439203 
12 0 0.0000425099376131222 
13 0 0.0000425099376131222 
14 0 0.0000525151654794387 
15 0 0.0000650232490866376 
16 0 0.0000833715521976197 
17 0 0.0000983865554056162 
18 0 0.000111735307382288 
19 0 0.000133431211178481 
20 0 0.000146785110982983 
21 0 0.000158471382883385 
22 0 0.000172663876141788 
23 0 0.000176003608403419 
24 0 0.000167654507824855 
25 0 0.000160140972956802 
26 0 0.000155132294736626 
27 0 0.000148454486411209 
28 0 0.000144281105325716 
29 0 0.000150958607041618 
30 0 0.0001542975418658 
31 0 0.000155967055273654 
32 0 0.000160140972956802 
33 0 0.000170994056027163 
34 0 0.000175168663833603 
35 0 0.00018435347596979 
36 0 0.000202725885138699 
37 0 0.000219431298580264 
38 0 0.000236139783039269 
39 0 0.000262879748837208 
40 0 0.000289627584302288 
41 0 0.000318892045984898 
42 0 0.000349839012667941 
43 0 0.000389165226386101 
44 0 0.000430183024477948 
45 0 0.000473732375948943 
46 0 0.000518140703212544 
47 0 0.000570956209186124 
48 0 0.00062883701218952 
49 0 0.000685075420268633 
50 0 0.000764876172548612 
51 0 0.000848111617127612 
52 0 0.000928055791168059 
53 0 0.00101818251862229 
54 0 0.00112274045593785 
55 0 0.00121643890343159 
56 0 0.00130685244972428 
57 0 0.00142867279284986 
58 0 0.00155150451617481 
59 0 0.00164055550485087 
60 0 0.00177132187762086 
61 0 0.00193972743030135 
62 0 0.00209224233986516 
63 0 0.00224928514984846 
64 0 0.00246737650734941 
65 0 0.00272119307062146 
66 0 0.00293784154839027 
67 0 0.00313602927383605 
68 0 0.00335280814156746 
69 0 0.00360391730643639 
70 0 0.00380009304540507 
71 0 0.00409166859050614 
72 0 0.00443842759633351 
73 0 0.00484012443049708 
74 0 0.00521977639156401 
75 0 0.00572166576447153 
76 0 0.00622010949512974 
77 0 0.00674375889800916 
78 0 0.00719735100222618 
79 0 0.00769314310949443 
80 0 0.00820444754918326 
81 0 0.00899068731941433 
82 0 0.0098953399056928 
83 0 0.010735014474938 
84 0 0.0117826997266272 
85 0 0.0130437499460545 
86 0 0.0141422796645786 
87 0 0.0149903536463706 
88 0 0.0165266195585952 
89 0 0.0174037735037471 
90 0 0.0190318678731913 
91 0 0.0200933723214008 
92 0 0.0208025331217747 
93 0 0.0226037769673845 
94 0 0.0245857288537968 
95 0 0.0265166250908196 
96 0 0.0279095733320869 
97 0 0.0296769944940612 
98 0 0.0314947719648808 
99 0 0.0333593437585221 
100 0 0.0352643379294646 
101 0 0.037201514444259 
102 0 0.0391644306881624 
103 0 0.0411460116810529 
104 0 0.0431371366631574 
105 0 0.0451319636319591 
106 0 0.0471198470286188 
107 0 0.0490949600974305 
108 0 0.0510480147977006 
109 0 0.0529734904937681 
110 0 0.0548608213755495 
111 0 0.0833333333333333 
