** Period (Monthly) Age-Specific Probabilities of Death for USA in 1987 
* Retrieved from the Human Mortality Database (Life tables), www.mortality.org. 
* Max Planck Institute for Demographic Research (Germany), 
* University of California, Berkeley (USA), 
* and French Institute for Demographic Studies (France) 
* Data downloaded on  16 Aug 2023 13:36:58 CEST 
** NB: The original HMD annual probabilities have been converted into monthly probabilities 
** The open age interval (110+) is limited to one year [110-111) 

death 1 F single 
1 0 0.000760674384816196 
2 0 0.0000608536966506534 
3 0 0.0000391751063537615 
4 0 0.0000283377495704507 
5 0 0.0000241698794146705 
6 0 0.0000175016846010179 
7 0 0.0000175016846010179 
8 0 0.0000166681946396352 
9 0 0.0000158347123201397 
10 0 0.0000133343112110884 
11 0 0.0000116674153447516 
12 0 0.0000133343112110884 
13 0 0.0000141677706060328 
14 0 0.0000158347123201397 
15 0 0.0000225027848553827 
16 0 0.0000283377495704507 
17 0 0.0000391751063537615 
18 0 0.0000441773991204375 
19 0 0.0000450111413439203 
20 0 0.0000416762183291786 
21 0 0.0000416762183291786 
22 0 0.0000466786487315352 
23 0 0.0000441773991204375 
24 0 0.0000475124138960004 
25 0 0.0000466786487315352 
26 0 0.0000508475510273554 
27 0 0.0000516813544294559 
28 0 0.0000525151654794387 
29 0 0.0000591859292243813 
30 0 0.00005668433545436 
31 0 0.0000625214946752273 
32 0 0.0000666911236122392 
33 0 0.000070860943814588 
34 0 0.0000750309553007034 
35 0 0.0000775330540162544 
36 0 0.0000800352216044908 
37 0 0.0000900445807636707 
38 0 0.0000958838826297104 
39 0 0.000110066606177961 
40 0 0.000105060686358072 
41 0 0.000117576002849673 
42 0 0.000125086019946985 
43 0 0.00014344645210207 
44 0 0.000152628059122195 
45 0 0.000167654507824855 
46 0 0.000191869012675761 
47 0 0.000206901950655758 
48 0 0.000228620584918904 
49 0 0.000271237601818131 
50 0 0.000269565969733043 
51 0 0.000301332238197172 
52 0 0.000351512121934405 
53 0 0.000391675988146045 
54 0 0.00041176457996317 
55 0 0.000454467588553054 
56 0 0.000489649846773466 
57 0 0.000518978804833314 
58 0 0.00058437456115501 
59 0 0.000661568567462911 
60 0 0.000681716926024034 
61 0 0.000764035799453722 
62 0 0.000847270473625428 
63 0 0.000959210992842352 
64 0 0.00100385734144059 
65 0 0.00105358382336107 
66 0 0.00117422042800674 
67 0 0.00128994587832731 
68 0 0.00140751169790543 
69 0 0.00149303282967628 
70 0 0.00159389885253169 
71 0 0.0017330914357645 
72 0 0.00193717349766775 
73 0 0.00219804565856041 
74 0 0.00238435444954277 
75 0 0.00249735158984343 
76 0 0.00271775837680044 
77 0 0.0030670452469852 
78 0 0.00335453754761228 
79 0 0.00359524677250034 
80 0 0.00404547616041717 
81 0 0.00459345717599724 
82 0 0.00503900074323183 
83 0 0.00560102888591296 
84 0 0.00623349855075861 
85 0 0.00686053893143135 
86 0 0.00756259786212898 
87 0 0.00882057908416944 
88 0 0.00966415039187896 
89 0 0.0105718840136667 
90 0 0.0115750248994423 
91 0 0.0129100186800629 
92 0 0.0143813950085676 
93 0 0.0157939012882511 
94 0 0.0172563091364987 
95 0 0.0193174887783581 
96 0 0.0206053260918126 
97 0 0.0224656451770505 
98 0 0.0244291651096338 
99 0 0.0264931089302474 
100 0 0.0286499262934771 
101 0 0.0308901619144943 
102 0 0.0332069745815178 
103 0 0.0355852760640085 
104 0 0.0380133035442697 
105 0 0.0404765329765634 
106 0 0.0429613537908272 
107 0 0.0454497037117573 
108 0 0.0479270881140894 
109 0 0.0503788312923026 
110 0 0.0527886790340555 
111 0 0.0833333333333333 

death 1 M single 
1 0 0.000951631716854751 
2 0 0.0000700269644720031 
3 0 0.0000500137552731372 
4 0 0.0000408425066913409 
5 0 0.0000316721832838152 
6 0 0.0000275041602521009 
7 0 0.0000266705785775256 
8 0 0.0000233363283135279 
9 0 0.0000233363283135279 
10 0 0.0000225027848553827 
11 0 0.0000200022003373768 
12 0 0.0000250034381590325 
13 0 0.0000275041602521009 
14 0 0.0000325058108229248 
15 0 0.0000408425066913409 
16 0 0.0000541828105240505 
17 0 0.0000817033715945215 
18 0 0.000100055042203562 
19 0 0.000125086019946985 
20 0 0.000127589496870306 
21 0 0.000132596657577144 
22 0 0.000139273300942766 
23 0 0.000140107915847287 
24 0 0.000140107915847287 
25 0 0.000139273300942766 
26 0 0.000138438693701781 
27 0 0.000145950434766062 
28 0 0.000149289185622847 
29 0 0.000155132294736626 
30 0 0.000150958607041618 
31 0 0.000163480245109926 
32 0 0.000173498797702898 
33 0 0.000178508488132945 
34 0 0.00019103392235309 
35 0 0.000187693637785924 
36 0 0.000204396288320696 
37 0 0.000209407682068785 
38 0 0.000216925290815517 
39 0 0.000233633314546733 
40 0 0.000226114323775728 
41 0 0.000234468796364018 
42 0 0.000261208270468494 
43 0 0.000281268040052463 
44 0 0.000299660052488715 
45 0 0.000314710831614828 
46 0 0.000353185262004341 
47 0 0.000384980777602628 
48 0 0.000423484976341815 
49 0 0.000462005497213092 
50 0 0.000471219345953733 
51 0 0.000550832396190359 
52 0 0.000622124304335503 
53 0 0.00067667941744376 
54 0 0.000749750646195313 
55 0 0.000801019572312933 
56 0 0.000895228089581646 
57 0 0.000948263352763878 
58 0 0.00105021167590258 
59 0 0.00119279413884188 
60 0 0.00126881709029036 
61 0 0.00142190070577353 
62 0 0.00155404761804179 
63 0 0.00172969395355582 
64 0 0.00182827261597618 
65 0 0.00191334025900081 
66 0 0.00215195485049013 
67 0 0.00232021419607886 
68 0 0.00250334779551287 
69 0 0.00273321552381578 
70 0 0.00292493130253546 
71 0 0.00318348627117804 
72 0 0.00355017336969665 
73 0 0.00403763450305983 
74 0 0.00434483777943639 
75 0 0.00457943227900737 
76 0 0.00481551529892121 
77 0 0.0054106439793552 
78 0 0.00580247603046768 
79 0 0.00640952590092148 
80 0 0.00696487033153625 
81 0 0.00771945634025872 
82 0 0.0084520417896784 
83 0 0.0090965923885904 
84 0 0.00984050636053535 
85 0 0.0106824804209206 
86 0 0.0116006027186628 
87 0 0.012913864277923 
88 0 0.0141169415643301 
89 0 0.0149165877185405 
90 0 0.0159300216459057 
91 0 0.0176193474755053 
92 0 0.0187656321965683 
93 0 0.020381376048172 
94 0 0.0219173815662299 
95 0 0.0239981293287915 
96 0 0.0253174596546181 
97 0 0.0270761334282776 
98 0 0.0288980962071612 
99 0 0.0307784334241417 
100 0 0.0327117887866367 
101 0 0.0346910666638343 
102 0 0.0367097314086881 
103 0 0.0387580070997333 
104 0 0.040827763756329 
105 0 0.0429100381163723 
106 0 0.0449963421056725 
107 0 0.0470773447348316 
108 0 0.0491442675860917 
109 0 0.0511860412978251 
110 0 0.0531951810489782 
111 0 0.0833333333333333 
