** Period (Monthly) Age-Specific Probabilities of Death for USA in 1966 
* Retrieved from the Human Mortality Database (Life tables), www.mortality.org. 
* Max Planck Institute for Demographic Research (Germany), 
* University of California, Berkeley (USA), 
* and French Institute for Demographic Studies (France) 
* Data downloaded on  04 Apr 2023 20:02:41 CEST 
** NB: The original HMD annual probabilities have been converted into monthly probabilities 
** The open age interval (110+) is limited to one year [110-111) 

death 1 F single 
1 0 0.00170846257093704 
2 0 0.000120079272940554 
3 0 0.0000725289254539518 
4 0 0.000055850486162301 
5 0 0.0000466786487315352 
6 0 0.0000400088026996093 
7 0 0.0000341730888351321 
8 0 0.0000291713465325749 
9 0 0.0000258370045466139 
10 0 0.0000258370045466139 
11 0 0.0000225027848553827 
12 0 0.0000233363283135279 
13 0 0.0000266705785775256 
14 0 0.0000250034381590325 
15 0 0.0000291713465325749 
16 0 0.0000383414176537977 
17 0 0.0000416762183291786 
18 0 0.0000516813544294559 
19 0 0.0000541828105240505 
20 0 0.0000591859292243813 
21 0 0.0000550166445189015 
22 0 0.0000600198091127435 
23 0 0.0000583520569852336 
24 0 0.0000608536966506534 
25 0 0.000061687591838111 
26 0 0.0000683590287403613 
27 0 0.0000683590287403613 
28 0 0.0000716949308086079 
29 0 0.0000758649805536749 
30 0 0.000079201158088904 
31 0 0.0000883762776967556 
32 0 0.0000942154723914124 
33 0 0.000105894987183719 
34 0 0.00011590719442045 
35 0 0.000118410418553538 
36 0 0.000127589496870306 
37 0 0.000140107915847287 
38 0 0.000144281105325716 
39 0 0.000166819639945581 
40 0 0.000176838560643211 
41 0 0.000196044579382604 
42 0 0.000212748764747639 
43 0 0.000236139783039269 
44 0 0.000253686998195723 
45 0 0.000268730165220221 
46 0 0.000297987897547314 
47 0 0.000333946010742214 
48 0 0.000358204867048073 
49 0 0.0003908390598516 
50 0 0.000407579090435539 
51 0 0.00044860520298573 
52 0 0.000487974192214247 
53 0 0.000534904204619657 
54 0 0.000570956209186124 
55 0 0.00059360082782578 
56 0 0.0006540140848873 
57 0 0.00067080267712083 
58 0 0.000707748504564121 
59 0 0.000810267868774917 
60 0 0.000864936123149307 
61 0 0.000994589313073391 
62 0 0.00102323900305035 
63 0 0.00119701596667587 
64 0 0.00126290191065015 
65 0 0.00130262551171789 
66 0 0.00165243557418004 
67 0 0.00169657516589272 
68 0 0.00170336777811297 
69 0 0.00188440831140402 
70 0 0.0020231954522878 
71 0 0.00238349894772105 
72 0 0.00243313139806034 
73 0 0.00283203177257241 
74 0 0.00312999107474543 
75 0 0.00337615790887325 
76 0 0.00382355841050397 
77 0 0.00433697014919854 
78 0 0.00484715684064441 
79 0 0.00536200519075425 
80 0 0.00577671546390701 
81 0 0.00659037786939387 
82 0 0.00689650165844224 
83 0 0.00786840681416456 
84 0 0.00882057908416944 
85 0 0.00966044134524968 
86 0 0.010854268043 
87 0 0.0119756316507779 
88 0 0.0130745652454678 
89 0 0.0141705498454086 
90 0 0.0153225606381511 
91 0 0.0172109068208606 
92 0 0.0181508858717553 
93 0 0.0197284465885329 
94 0 0.0216286120353169 
95 0 0.0239241365356817 
96 0 0.0251893836427118 
97 0 0.0271437835616157 
98 0 0.0291781238048927 
99 0 0.0312841045049903 
100 0 0.0334525884783318 
101 0 0.0356747034577054 
102 0 0.0379393083897377 
103 0 0.0402353068311968 
104 0 0.0425503287770076 
105 0 0.0448719780720132 
106 0 0.0471864759114083 
107 0 0.0494829279090069 
108 0 0.0517478419235656 
109 0 0.0539710239421073 
110 0 0.0561398466011755 
111 0 0.0833333333333333 

death 1 M single 
1 0 0.00221939192912712 
2 0 0.000141777168646939 
3 0 0.0000883762776967556 
4 0 0.0000675250723508602 
5 0 0.0000575181923953005 
6 0 0.0000516813544294559 
7 0 0.0000466786487315352 
8 0 0.0000408425066913409 
9 0 0.0000391751063537615 
10 0 0.0000350067393084519 
11 0 0.0000350067393084519 
12 0 0.0000366740631904117 
13 0 0.0000383414176537977 
14 0 0.0000483461867075707 
15 0 0.00005668433545436 
16 0 0.000070860943814588 
17 0 0.000101723559627565 
18 0 0.000127589496870306 
19 0 0.000155967055273654 
20 0 0.0001542975418658 
21 0 0.000164315082316957 
22 0 0.000169324266588666 
23 0 0.000174333726933429 
24 0 0.000167654507824855 
25 0 0.000153462796661064 
26 0 0.000156801823476993 
27 0 0.00015930617408666 
28 0 0.000156801823476993 
29 0 0.000150958607041618 
30 0 0.000158471382883385 
31 0 0.000160140972956802 
32 0 0.000170994056027163 
33 0 0.000182683441090514 
34 0 0.000191869012675761 
35 0 0.000194374329680724 
36 0 0.000214419352144724 
37 0 0.000234468796364018 
38 0 0.000240317384138877 
39 0 0.000282939887389921 
40 0 0.000296315773371636 
41 0 0.000321400866947319 
42 0 0.000364061423379858 
43 0 0.000399208689675246 
44 0 0.000428508466157718 
45 0 0.000465355879566642 
46 0 0.000531551256905183 
47 0 0.000581858469204777 
48 0 0.000618768136389614 
49 0 0.000691792781259082 
50 0 0.000750590887146574 
51 0 0.000866618745165249 
52 0 0.000924688301303211 
53 0 0.00105021167590258 
54 0 0.00111430389995881 
55 0 0.00119701596667587 
56 0 0.00132207105621718 
57 0 0.00141343630729085 
58 0 0.00150658812763438 
59 0 0.00170421689038847 
60 0 0.00184868157827023 
61 0 0.00204364831144144 
62 0 0.00219719191221512 
63 0 0.00250763104232543 
64 0 0.00267226096356221 
65 0 0.0027289216075127 
66 0 0.00321283575944353 
67 0 0.00329834874096113 
68 0 0.00336318507302258 
69 0 0.003673311472978 
70 0 0.00388007405467117 
71 0 0.00443317700724 
72 0 0.00447694122672948 
73 0 0.00497383379433025 
74 0 0.00534962858460686 
75 0 0.00568261856544117 
76 0 0.00621564691750243 
77 0 0.00677787898057325 
78 0 0.00755535088412496 
79 0 0.00812784030993241 
80 0 0.00823821187425899 
81 0 0.00952423976165684 
82 0 0.00980335006617528 
83 0 0.0108279623247065 
84 0 0.0119394847768256 
85 0 0.0132085421779744 
86 0 0.0141627502841039 
87 0 0.0155618815869965 
88 0 0.0164495764765734 
89 0 0.0176771246474382 
90 0 0.0189927564856069 
91 0 0.02106124225162 
92 0 0.0221836243900455 
93 0 0.0234317004507713 
94 0 0.0251033675276728 
95 0 0.026570399791715 
96 0 0.0284173265773077 
97 0 0.0302102272820007 
98 0 0.0320534638759511 
99 0 0.0339422305277977 
100 0 0.0358687763405895 
101 0 0.0378258856954606 
102 0 0.0398069420469469 
103 0 0.0418046747470379 
104 0 0.043809734671499 
105 0 0.0458132685222773 
106 0 0.0478098776940054 
107 0 0.0497892996250592 
108 0 0.0517448518699193 
109 0 0.0536677959025673 
110 0 0.0555518466876372 
111 0 0.0833333333333333 
