** Period (Monthly) Age-Specific Probabilities of Death for USA in 1989 
* Retrieved from the Human Mortality Database (Life tables), www.mortality.org. 
* Max Planck Institute for Demographic Research (Germany), 
* University of California, Berkeley (USA), 
* and French Institute for Demographic Studies (France) 
* Data downloaded on  16 Aug 2023 13:36:59 CEST 
** NB: The original HMD annual probabilities have been converted into monthly probabilities 
** The open age interval (110+) is limited to one year [110-111) 

death 1 F single 
1 0 0.000769078154643887 
2 0 0.0000633554051622243 
3 0 0.0000358403974268784 
4 0 0.0000283377495704507 
5 0 0.0000225027848553827 
6 0 0.0000208357208674181 
7 0 0.0000183351822042876 
8 0 0.0000166681946396352 
9 0 0.0000158347123201397 
10 0 0.0000158347123201397 
11 0 0.0000150012376423092 
12 0 0.0000150012376423092 
13 0 0.0000166681946396352 
14 0 0.0000175016846010179 
15 0 0.0000225027848553827 
16 0 0.0000325058108229248 
17 0 0.0000408425066913409 
18 0 0.0000416762183291786 
19 0 0.0000450111413439203 
20 0 0.0000416762183291786 
21 0 0.0000416762183291786 
22 0 0.0000433436645435048 
23 0 0.0000433436645435048 
24 0 0.0000466786487315352 
25 0 0.0000450111413439203 
26 0 0.0000516813544294559 
27 0 0.0000516813544294559 
28 0 0.0000541828105240505 
29 0 0.0000575181923953005 
30 0 0.0000575181923953005 
31 0 0.0000608536966506534 
32 0 0.0000683590287403613 
33 0 0.0000716949308086079 
34 0 0.0000758649805536749 
35 0 0.0000817033715945215 
36 0 0.0000833715521976197 
37 0 0.0000900445807636707 
38 0 0.0000950496736826789 
39 0 0.000104226393189744 
40 0 0.000100055042203562 
41 0 0.000120079272940554 
42 0 0.000126754996901401 
43 0 0.000138438693701781 
44 0 0.00015930617408666 
45 0 0.000164315082316957 
46 0 0.000178508488132945 
47 0 0.000206066722202247 
48 0 0.000226114323775728 
49 0 0.000247837550048202 
50 0 0.000258701110551818 
51 0 0.000299660052488715 
52 0 0.000334782415238655 
53 0 0.00036573479451496 
54 0 0.000402556757458705 
55 0 0.000431857613657716 
56 0 0.000474570068058955 
57 0 0.000524007576906516 
58 0 0.00055837830375205 
59 0 0.00065569280450628 
60 0 0.000685915063229903 
61 0 0.000737988088850616 
62 0 0.00082540347616511 
63 0 0.000907011027619364 
64 0 0.000965948658087412 
65 0 0.00106370101710607 
66 0 0.0011463669834233 
67 0 0.00122235105677881 
68 0 0.00133052694003022 
69 0 0.00150150465368104 
70 0 0.00159474694126538 
71 0 0.00171525607297851 
72 0 0.00185633612270941 
73 0 0.00211697561144997 
74 0 0.00231850441009207 
75 0 0.00247593980564687 
76 0 0.00271518244182445 
77 0 0.00302051069471143 
78 0 0.0032067924406225 
79 0 0.00360131605910996 
80 0 0.00394793941859439 
81 0 0.00445680705732687 
82 0 0.00495622916151583 
83 0 0.00551508465998418 
84 0 0.0061710332605639 
85 0 0.00680213003462926 
86 0 0.00752003019978331 
87 0 0.0082290851340413 
88 0 0.00922937975889571 
89 0 0.0104492623280363 
90 0 0.0115873392368802 
91 0 0.0126297341938065 
92 0 0.0140760259129151 
93 0 0.0154085238553846 
94 0 0.0171443584648238 
95 0 0.0186189769864596 
96 0 0.0203270432278956 
97 0 0.0221782917120097 
98 0 0.0241353969358604 
99 0 0.0261946612034991 
100 0 0.028347551605906 
101 0 0.0305870603168116 
102 0 0.0329042304282694 
103 0 0.0352853673875536 
104 0 0.0377189698079591 
105 0 0.0401894968281585 
106 0 0.0426835307729321 
107 0 0.045183222827439 
108 0 0.0476728571008113 
109 0 0.0501393070222655 
110 0 0.0525650126673828 
111 0 0.0833333333333333 

death 1 M single 
1 0 0.000946579217563581 
2 0 0.0000700269644720031 
3 0 0.0000458448912142861 
4 0 0.0000366740631904117 
5 0 0.0000300049511388067 
6 0 0.0000233363283135279 
7 0 0.0000225027848553827 
8 0 0.0000225027848553827 
9 0 0.0000233363283135279 
10 0 0.0000225027848553827 
11 0 0.0000200022003373768 
12 0 0.0000233363283135279 
13 0 0.0000275041602521009 
14 0 0.0000325058108229248 
15 0 0.0000400088026996093 
16 0 0.0000550166445189015 
17 0 0.0000825374580692984 
18 0 0.000103392107678624 
19 0 0.000127589496870306 
20 0 0.000127589496870306 
21 0 0.00012425154296114 
22 0 0.000132596657577144 
23 0 0.000135100341368544 
24 0 0.000139273300942766 
25 0 0.000144281105325716 
26 0 0.000144281105325716 
27 0 0.000147619794864662 
28 0 0.000156801823476993 
29 0 0.000164315082316957 
30 0 0.000155132294736626 
31 0 0.000165149927191854 
32 0 0.000176838560643211 
33 0 0.000194374329680724 
34 0 0.000199385170868593 
35 0 0.000201055512655035 
36 0 0.000214419352144724 
37 0 0.000223608131741049 
38 0 0.000231126915174573 
39 0 0.000257029709030077 
40 0 0.000235304285861493 
41 0 0.000254522664378531 
42 0 0.000270401781932272 
43 0 0.000282103959876823 
44 0 0.000313038399728627 
45 0 0.000318055787721261 
46 0 0.00035485843287919 
47 0 0.000381633357299904 
48 0 0.000419298946955804 
49 0 0.000474570068058955 
50 0 0.000463680672948219 
51 0 0.000530713039309183 
52 0 0.000581858469204777 
53 0 0.000647299516587707 
54 0 0.000709428217418151 
55 0 0.000770759001907817 
56 0 0.000859047191547391 
57 0 0.000945737161674121 
58 0 0.00100217217502307 
59 0 0.00116577908797089 
60 0 0.00122404031415868 
61 0 0.00132799009219076 
62 0 0.00148371473640418 
63 0 0.00164564677272094 
64 0 0.00177557069883594 
65 0 0.00186994579626865 
66 0 0.00207177852371487 
67 0 0.00220487591861296 
68 0 0.00237494437332109 
69 0 0.00268856873175705 
70 0 0.00284492879317977 
71 0 0.00306273548827019 
72 0 0.0033355158964159 
73 0 0.0037436272758723 
74 0 0.00402369545555792 
75 0 0.00445593176025716 
76 0 0.00473558181903744 
77 0 0.0051835923432888 
78 0 0.00554342836431498 
79 0 0.00604712291697673 
80 0 0.00664416611107777 
81 0 0.00742138667681913 
82 0 0.00818255312418026 
83 0 0.00884998024936334 
84 0 0.00969846631908022 
85 0 0.0105409788275893 
86 0 0.011358379330574 
87 0 0.0122729678851552 
88 0 0.0134442097138409 
89 0 0.0147250801773791 
90 0 0.0160792964479051 
91 0 0.017159478739341 
92 0 0.0185810704590852 
93 0 0.0202863153540459 
94 0 0.0219407789674113 
95 0 0.023507448807062 
96 0 0.0251816608368595 
97 0 0.0269713778705333 
98 0 0.0288290901200404 
99 0 0.0307478797783061 
100 0 0.0327214008723182 
101 0 0.0347426923940505 
102 0 0.0368040907888606 
103 0 0.0388958501727579 
104 0 0.0410111757195311 
105 0 0.0431384902166929 
106 0 0.0452677973779715 
107 0 0.0473895136112013 
108 0 0.0494960358677495 
109 0 0.0515745900089438 
110 0 0.0536188895280189 
111 0 0.0833333333333333 
