** Period (Monthly) Age-Specific Probabilities of Death for USA in 1991 
* Retrieved from the Human Mortality Database (Life tables), www.mortality.org. 
* Max Planck Institute for Demographic Research (Germany), 
* University of California, Berkeley (USA), 
* and French Institute for Demographic Studies (France) 
* Data downloaded on  31 Mar 2023 06:31:01 CEST 
** NB: The original HMD annual probabilities have been converted into monthly probabilities 
** The open age interval (110+) is limited to one year [110-111) 

death 1 F single 
1 0 0.00067667941744376 
2 0 0.0000583520569852336 
3 0 0.0000366740631904117 
4 0 0.0000275041602521009 
5 0 0.0000200022003373768 
6 0 0.0000175016846010179 
7 0 0.0000166681946396352 
8 0 0.0000133343112110884 
9 0 0.0000150012376423092 
10 0 0.0000133343112110884 
11 0 0.0000133343112110884 
12 0 0.000012500859457365 
13 0 0.0000150012376423092 
14 0 0.0000141677706060328 
15 0 0.0000208357208674181 
16 0 0.0000283377495704507 
17 0 0.0000383414176537977 
18 0 0.0000408425066913409 
19 0 0.0000441773991204375 
20 0 0.0000433436645435048 
21 0 0.0000416762183291786 
22 0 0.0000450111413439203 
23 0 0.0000433436645435048 
24 0 0.0000425099376131222 
25 0 0.0000458448912142861 
26 0 0.0000466786487315352 
27 0 0.0000491799671665794 
28 0 0.0000533489841776369 
29 0 0.000055850486162301 
30 0 0.0000541828105240505 
31 0 0.0000633554051622243 
32 0 0.0000700269644720031 
33 0 0.0000658571825241649 
34 0 0.0000733629277510639 
35 0 0.000079201158088904 
36 0 0.0000867080052475711 
37 0 0.0000883762776967556 
38 0 0.0000942154723914124 
39 0 0.000110066606177961 
40 0 0.000106729295667018 
41 0 0.000116741594805347 
42 0 0.000127589496870306 
43 0 0.0001367695022092 
44 0 0.000148454486411209 
45 0 0.000156801823476993 
46 0 0.000180178446304025 
47 0 0.00020523150142393 
48 0 0.000216925290815517 
49 0 0.000247001945330005 
50 0 0.000262044005810314 
51 0 0.000291299585426952 
52 0 0.000329764103723651 
53 0 0.000351512121934405 
54 0 0.000381633357299904 
55 0 0.000410927466635069 
56 0 0.000474570068058955 
57 0 0.000504732128525753 
58 0 0.000555862931597928 
59 0 0.000642263916014407 
60 0 0.000665765773681937 
61 0 0.000723707030781062 
62 0 0.000827085366010505 
63 0 0.000864936123149307 
64 0 0.000946579217563581 
65 0 0.00102576735084436 
66 0 0.00111852207997243 
67 0 0.00122404031415868 
68 0 0.00132207105621718 
69 0 0.00143036589355838 
70 0 0.00154387563805458 
71 0 0.00167280502593425 
72 0 0.00187675139860022 
73 0 0.00200785883322474 
74 0 0.00225441069131205 
75 0 0.00241259053790088 
76 0 0.00259762599329061 
77 0 0.00291804658987105 
78 0 0.00315242069968558 
79 0 0.00341335700310685 
80 0 0.00377142140899633 
81 0 0.00434658623458606 
82 0 0.00483397152000897 
83 0 0.00529218795075526 
84 0 0.00591893431253421 
85 0 0.00649811602303674 
86 0 0.00720456928526836 
87 0 0.00801851417373334 
88 0 0.00900173246716429 
89 0 0.00992323418541918 
90 0 0.0109849711948108 
91 0 0.0123073393496417 
92 0 0.0137299650615682 
93 0 0.0150100348273706 
94 0 0.0165706740023098 
95 0 0.0184510812375051 
96 0 0.019710810011481 
97 0 0.0215226820433255 
98 0 0.0234403541353124 
99 0 0.025462320151754 
100 0 0.0275802412574275 
101 0 0.0297884970546868 
102 0 0.0320761240480021 
103 0 0.0344333925648262 
104 0 0.0368469005601936 
105 0 0.0393029170436843 
106 0 0.041787347706665 
107 0 0.0442829831388512 
108 0 0.0467761765244601 
109 0 0.0492487763828643 
110 0 0.0516880605465018 
111 0 0.0833333333333333 

death 1 M single 
1 0 0.000859888444115109 
2 0 0.0000650232490866376 
3 0 0.0000441773991204375 
4 0 0.0000358403974268784 
5 0 0.0000275041602521009 
6 0 0.0000250034381590325 
7 0 0.0000208357208674181 
8 0 0.0000191686874497776 
9 0 0.0000191686874497776 
10 0 0.0000183351822042876 
11 0 0.0000200022003373768 
12 0 0.0000216692490401238 
13 0 0.0000216692490401238 
14 0 0.0000316721832838152 
15 0 0.0000425099376131222 
16 0 0.0000583520569852336 
17 0 0.0000892104254029968 
18 0 0.000107563611807859 
19 0 0.000138438693701781 
20 0 0.000134265772442244 
21 0 0.000135100341368544 
22 0 0.000140942538415234 
23 0 0.000141777168646939 
24 0 0.000138438693701781 
25 0 0.000131762111637901 
26 0 0.000140107915847287 
27 0 0.000144281105325716 
28 0 0.000153462796661064 
29 0 0.000160140972956802 
30 0 0.0001542975418658 
31 0 0.000167654507824855 
32 0 0.000180178446304025 
33 0 0.00018435347596979 
34 0 0.000196044579382604 
35 0 0.000199385170868593 
36 0 0.000209407682068785 
37 0 0.000226949736477855 
38 0 0.000235304285861493 
39 0 0.000253686998195723 
40 0 0.000242824036972289 
41 0 0.000264551257946888 
42 0 0.000280432127916508 
43 0 0.000293807644791144 
44 0 0.000299660052488715 
45 0 0.00030885745465703 
46 0 0.000347329406522712 
47 0 0.000383307052038151 
48 0 0.000406742015663153 
49 0 0.000460330352360039 
50 0 0.00046116792092632 
51 0 0.000513112255822956 
52 0 0.000557539838629828 
53 0 0.000619607166753133 
54 0 0.000660729149487893 
55 0 0.000716147379430043 
56 0 0.000811949478391027 
57 0 0.000901961009856067 
58 0 0.000962579762985083 
59 0 0.00110671166967191 
60 0 0.00116071466059597 
61 0 0.00129079113213082 
62 0 0.0014269797237183 
63 0 0.00153624740106795 
64 0 0.00167450268662561 
65 0 0.00183082348524988 
66 0 0.00199167299185732 
67 0 0.00216048841865502 
68 0 0.00233389364444803 
69 0 0.0025179116602001 
70 0 0.00274180396658319 
71 0 0.00295936271193675 
72 0 0.00328538704009984 
73 0 0.00343585689054804 
74 0 0.00393575470995999 
75 0 0.00417278023624246 
76 0 0.00453123826684099 
77 0 0.00493422818739897 
78 0 0.00546284923898521 
79 0 0.0057749391437184 
80 0 0.00619066055550233 
81 0 0.00728220231075327 
82 0 0.00788840669977042 
83 0 0.00858296576696649 
84 0 0.0095473887608778 
85 0 0.0103202688623929 
86 0 0.0112696015434075 
87 0 0.0120936858956031 
88 0 0.0131690029936946 
89 0 0.0141754249159409 
90 0 0.0154728031730632 
91 0 0.0169419932492677 
92 0 0.0185554670548556 
93 0 0.0196278611814229 
94 0 0.0213756485755001 
95 0 0.0233430487827928 
96 0 0.0247985728851535 
97 0 0.0265816069685312 
98 0 0.0284322037809327 
99 0 0.0303457952310903 
100 0 0.0323162029276209 
101 0 0.0343366534965307 
102 0 0.0363996913071115 
103 0 0.0384945210182157 
104 0 0.0406144887374081 
105 0 0.042748187017509 
106 0 0.0448871685686677 
107 0 0.0470207074275283 
108 0 0.0491384652450756 
109 0 0.0512306131309676 
110 0 0.0532894966017295 
111 0 0.0833333333333333 
