** Period (Monthly) Age-Specific Probabilities of Death for USA in 1961 
* Retrieved from the Human Mortality Database (Life tables), www.mortality.org. 
* Max Planck Institute for Demographic Research (Germany), 
* University of California, Berkeley (USA), 
* and French Institute for Demographic Studies (France) 
* Data downloaded on  03 Apr 2023 21:14:43 CEST 
** NB: The original HMD annual probabilities have been converted into monthly probabilities 
** The open age interval (110+) is limited to one year [110-111) 

death 1 F single 
1 0 0.00184868157827023 
2 0 0.000127589496870306 
3 0 0.0000766990134587475 
4 0 0.00005668433545436 
5 0 0.0000475124138960004 
6 0 0.0000416762183291786 
7 0 0.0000341730888351321 
8 0 0.0000325058108229248 
9 0 0.0000266705785775256 
10 0 0.0000258370045466139 
11 0 0.0000241698794146705 
12 0 0.0000241698794146705 
13 0 0.0000258370045466139 
14 0 0.0000266705785775256 
15 0 0.0000283377495704507 
16 0 0.0000341730888351321 
17 0 0.0000416762183291786 
18 0 0.0000425099376131222 
19 0 0.0000483461867075707 
20 0 0.0000500137552731372 
21 0 0.0000491799671665794 
22 0 0.000055850486162301 
23 0 0.0000550166445189015 
24 0 0.0000583520569852336 
25 0 0.000061687591838111 
26 0 0.0000650232490866376 
27 0 0.0000691929927806312 
28 0 0.0000716949308086079 
29 0 0.0000725289254539518 
30 0 0.000080869292772956 
31 0 0.0000900445807636707 
32 0 0.0000967180992323957 
33 0 0.0000983865554056162 
34 0 0.000103392107678624 
35 0 0.000117576002849673 
36 0 0.000127589496870306 
37 0 0.000135100341368544 
38 0 0.000148454486411209 
39 0 0.000158471382883385 
40 0 0.000173498797702898 
41 0 0.000188528697419477 
42 0 0.00020523150142393 
43 0 0.000226114323775728 
44 0 0.000248673162449031 
45 0 0.000257865405948854 
46 0 0.000287955613937352 
47 0 0.000312202195326683 
48 0 0.000349839012667941 
49 0 0.000378286060297106 
50 0 0.000405067889250321 
51 0 0.000457817692981588 
52 0 0.000484622975796212 
53 0 0.000520655031266859 
54 0 0.000578503788322804 
55 0 0.00058437456115501 
56 0 0.000633871868584546 
57 0 0.000690113394445802 
58 0 0.000720347108071118 
59 0 0.000801860287628853 
60 0 0.000843064872951049 
61 0 0.00109490279521529 
62 0 0.00113792823218783 
63 0 0.00119363848870513 
64 0 0.00128318413117323 
65 0 0.00136774218807156 
66 0 0.00163800997801178 
67 0 0.00160916566231595 
68 0 0.00180531801874806 
69 0 0.00200785883322474 
70 0 0.00209309509905486 
71 0 0.00241430209856075 
72 0 0.00254876050894404 
73 0 0.00305066925404229 
74 0 0.00328538704009984 
75 0 0.00348347122719106 
76 0 0.0041047461997813 
77 0 0.00442180177572826 
78 0 0.00481463652515757 
79 0 0.00542568308168723 
80 0 0.00589669785963431 
81 0 0.00683537354307806 
82 0 0.00715585707399824 
83 0 0.00798756251649346 
84 0 0.00908092901246804 
85 0 0.00992416414364083 
86 0 0.0109642717050625 
87 0 0.0122367011627458 
88 0 0.0134645215449991 
89 0 0.0141413049897895 
90 0 0.0154114895772237 
91 0 0.0179106411068551 
92 0 0.018467447410021 
93 0 0.0195574153245253 
94 0 0.0215205647297081 
95 0 0.0225802044152428 
96 0 0.0249778016440021 
97 0 0.026860000041924 
98 0 0.0288175943474971 
99 0 0.0308419248702617 
100 0 0.0329283152766574 
101 0 0.0350666602742342 
102 0 0.0372483145892549 
103 0 0.0394623834188628 
104 0 0.0416981014186912 
105 0 0.0439448809298608 
106 0 0.0461895784975902 
107 0 0.0484219759505211 
108 0 0.0506308277077548 
109 0 0.0528038125986902 
110 0 0.0549321565014352 
111 0 0.0833333333333333 

death 1 M single 
1 0 0.00241515789100399 
2 0 0.000146785110982983 
3 0 0.0000917129144495377 
4 0 0.000070860943814588 
5 0 0.0000583520569852336 
6 0 0.0000508475510273554 
7 0 0.0000500137552731372 
8 0 0.0000416762183291786 
9 0 0.0000391751063537615 
10 0 0.0000375077365993848 
11 0 0.0000366740631904117 
12 0 0.0000383414176537977 
13 0 0.0000425099376131222 
14 0 0.0000483461867075707 
15 0 0.0000541828105240505 
16 0 0.0000675250723508602 
17 0 0.0000883762776967556 
18 0 0.000106729295667018 
19 0 0.000119244841917165 
20 0 0.0001367695022092 
21 0 0.000140942538415234 
22 0 0.000150123892499576 
23 0 0.0001542975418658 
24 0 0.000149289185622847 
25 0 0.000137604094123889 
26 0 0.0001367695022092 
27 0 0.000137604094123889 
28 0 0.000138438693701781 
29 0 0.000141777168646939 
30 0 0.000141777168646939 
31 0 0.000155132294736626 
32 0 0.000156801823476993 
33 0 0.00015930617408666 
34 0 0.000169324266588666 
35 0 0.00018435347596979 
36 0 0.000197714859778153 
37 0 0.000216925290815517 
38 0 0.000230291464076604 
39 0 0.000251180045748089 
40 0 0.000282103959876823 
41 0 0.000315547059099419 
42 0 0.000343146883615142 
43 0 0.00037242858720421 
44 0 0.000410927466635069 
45 0 0.000456980155295161 
46 0 0.000495514881089343 
47 0 0.000544125448874722 
48 0 0.00062548059626566 
49 0 0.000672481706993744 
50 0 0.000731267311271155 
51 0 0.000856523480591731 
52 0 0.000929739582922529 
53 0 0.000997116863376224 
54 0 0.00109068571217974 
55 0 0.00116324683897573 
56 0 0.00127895829491187 
57 0 0.00135928283748177 
58 0 0.00146677519881655 
59 0 0.00161849664372804 
60 0 0.0017330914357645 
61 0 0.00208627324997357 
62 0 0.00223818080351568 
63 0 0.00228004274409865 
64 0 0.00245282075577968 
65 0 0.00268599362597355 
66 0 0.00311015410988835 
67 0 0.0031472441396404 
68 0 0.00342460624834873 
69 0 0.00365856076353166 
70 0 0.00370629233597508 
71 0 0.00405070430932208 
72 0 0.00435270609360072 
73 0 0.00499584440453704 
74 0 0.00515006883037439 
75 0 0.00537526772036467 
76 0 0.0061576534582678 
77 0 0.00649453493918284 
78 0 0.00700537620118613 
79 0 0.00764325977829605 
80 0 0.00819806112600874 
81 0 0.00926168406082728 
82 0 0.00994276532613492 
83 0 0.0106712271148742 
84 0 0.011929023922326 
85 0 0.0129340563709478 
86 0 0.0142388249773228 
87 0 0.0151262419318119 
88 0 0.0164015831883879 
89 0 0.0175808501165798 
90 0 0.019062757405479 
91 0 0.0198125276609609 
92 0 0.0214359134834843 
93 0 0.0228548910021097 
94 0 0.0248732991165113 
95 0 0.027508858646037 
96 0 0.028056464622507 
97 0 0.0298256959205582 
98 0 0.0316465753366046 
99 0 0.0335119775878372 
100 0 0.0354178451529167 
101 0 0.037354656558339 
102 0 0.0393184619266718 
103 0 0.0412982831777109 
104 0 0.0432888657374072 
105 0 0.0452802825696662 
106 0 0.047265930487657 
107 0 0.0492371580523174 
108 0 0.0511875266545782 
109 0 0.0531070438337713 
110 0 0.0549911302249856 
111 0 0.0833333333333333 
