** Period (Monthly) Age-Specific Probabilities of Death for USA in 1997 
* Retrieved from the Human Mortality Database (Life tables), www.mortality.org. 
* Max Planck Institute for Demographic Research (Germany), 
* University of California, Berkeley (USA), 
* and French Institute for Demographic Studies (France) 
* Data downloaded on  31 Mar 2023 06:10:15 CEST 
** NB: The original HMD annual probabilities have been converted into monthly probabilities 
** The open age interval (110+) is limited to one year [110-111) 

death 1 F single 
1 0 0.000555862931597928 
2 0 0.0000425099376131222 
3 0 0.0000258370045466139 
4 0 0.0000208357208674181 
5 0 0.0000166681946396352 
6 0 0.0000166681946396352 
7 0 0.0000133343112110884 
8 0 0.0000133343112110884 
9 0 0.0000116674153447516 
10 0 0.0000116674153447516 
11 0 0.000012500859457365 
12 0 0.0000116674153447516 
13 0 0.0000141677706060328 
14 0 0.0000150012376423092 
15 0 0.0000208357208674181 
16 0 0.0000225027848553827 
17 0 0.0000350067393084519 
18 0 0.0000400088026996093 
19 0 0.0000408425066913409 
20 0 0.0000391751063537615 
21 0 0.0000383414176537977 
22 0 0.0000375077365993848 
23 0 0.0000441773991204375 
24 0 0.0000400088026996093 
25 0 0.0000400088026996093 
26 0 0.0000416762183291786 
27 0 0.0000433436645435048 
28 0 0.0000483461867075707 
29 0 0.0000491799671665794 
30 0 0.0000500137552731372 
31 0 0.0000533489841776369 
32 0 0.000061687591838111 
33 0 0.000064189323299324 
34 0 0.000070860943814588 
35 0 0.0000733629277510639 
36 0 0.000079201158088904 
37 0 0.0000883762776967556 
38 0 0.0000958838826297104 
39 0 0.000102557829824601 
40 0 0.000109232267063164 
41 0 0.000120913711624038 
42 0 0.000132596657577144 
43 0 0.0001367695022092 
44 0 0.000155132294736626 
45 0 0.000160975779494144 
46 0 0.000168489383372439 
47 0 0.000190198839702838 
48 0 0.000203561082892323 
49 0 0.000228620584918904 
50 0 0.000248673162449031 
51 0 0.000258701110551818 
52 0 0.000297987897547314 
53 0 0.000331436843438837 
54 0 0.000366571491637546 
55 0 0.000384980777602628 
56 0 0.000435206884600192 
57 0 0.000478758644453348 
58 0 0.000528198432916849 
59 0 0.000585213273956109 
60 0 0.000616251091789088 
61 0 0.000660729149487893 
62 0 0.000769078154643887 
63 0 0.00084895276841912 
64 0 0.00093142340589325 
65 0 0.000995431822025106 
66 0 0.00107213287298247 
67 0 0.0011463669834233 
68 0 0.0012468483653546 
69 0 0.00136689621754071 
70 0 0.00150150465368104 
71 0 0.00162528341460855 
72 0 0.00184442933257434 
73 0 0.00202234334987716 
74 0 0.00217926509487076 
75 0 0.00230226305056758 
76 0 0.00254019033152308 
77 0 0.00280280531710608 
78 0 0.00316104895691949 
79 0 0.00339345791331136 
80 0 0.00376968402575906 
81 0 0.00435358039295319 
82 0 0.00479442708409383 
83 0 0.00535228057188752 
84 0 0.00595808376368345 
85 0 0.00658948167006479 
86 0 0.00733821176187599 
87 0 0.00828842546677233 
88 0 0.00927368575316512 
89 0 0.0100805336914057 
90 0 0.0113942931281807 
91 0 0.0127937671683921 
92 0 0.0140653129948025 
93 0 0.0156351903180958 
94 0 0.017537307319362 
95 0 0.0192029243118255 
96 0 0.0207857325269183 
97 0 0.0227453437638553 
98 0 0.0248194459330719 
99 0 0.0270017779958551 
100 0 0.0292832191821155 
101 0 0.0316548846371836 
102 0 0.0341032048437518 
103 0 0.0366154735921003 
104 0 0.0391760706192437 
105 0 0.0417673592494761 
106 0 0.0443721764962492 
107 0 0.0469725948114923 
108 0 0.0495499450433475 
109 0 0.0520893897546282 
110 0 0.0545714367535325 
111 0 0.0833333333333333 

death 1 M single 
1 0 0.000682556537945356 
2 0 0.0000508475510273554 
3 0 0.0000333394460065861 
4 0 0.0000275041602521009 
5 0 0.0000208357208674181 
6 0 0.0000191686874497776 
7 0 0.0000175016846010179 
8 0 0.0000158347123201397 
9 0 0.0000158347123201397 
10 0 0.0000150012376423092 
11 0 0.0000150012376423092 
12 0 0.0000166681946396352 
13 0 0.0000208357208674181 
14 0 0.0000275041602521009 
15 0 0.0000333394460065861 
16 0 0.0000458448912142861 
17 0 0.0000691929927806312 
18 0 0.0000900445807636707 
19 0 0.000109232267063164 
20 0 0.000118410418553538 
21 0 0.000115072801694871 
22 0 0.000130927573360862 
23 0 0.000115072801694871 
24 0 0.000120913711624038 
25 0 0.000111735307382288 
26 0 0.000115072801694871 
27 0 0.000114238416628387 
28 0 0.000114238416628387 
29 0 0.000113404039220888 
30 0 0.00011590719442045 
31 0 0.000121748157967727 
32 0 0.000130093042745694 
33 0 0.000137604094123889 
34 0 0.000146785110982983 
35 0 0.000155967055273654 
36 0 0.000163480245109926 
37 0 0.000170159157473537 
38 0 0.00018435347596979 
39 0 0.000197714859778153 
40 0 0.000201890695059714 
41 0 0.000223608131741049 
42 0 0.000250344410298808 
43 0 0.000258701110551818 
44 0 0.000284611765482445 
45 0 0.000296315773371636 
46 0 0.000324746069302662 
47 0 0.000349002469585802 
48 0 0.000373265345959606 
49 0 0.000412601701002879 
50 0 0.000425159442090872 
51 0 0.000435206884600192 
52 0 0.000509760112157309 
53 0 0.000552509210379415 
54 0 0.000607861446715763 
55 0 0.000648978112138598 
56 0 0.000709428217418151 
57 0 0.00079429412988874 
58 0 0.000860729704474372 
59 0 0.000945737161674121 
60 0 0.0010131263157136 
61 0 0.00112864651152456 
62 0 0.00125783206337748 
63 0 0.00137789444937286 
64 0 0.00148795011476965 
65 0 0.00163376759192624 
66 0 0.00176367450069981 
67 0 0.00190482990497687 
68 0 0.002074336248308 
69 0 0.00229286148731933 
70 0 0.00250249117042756 
71 0 0.00278561768495877 
72 0 0.00300672726638884 
73 0 0.00328970740103851 
74 0 0.00348953302926391 
75 0 0.00372191904271701 
76 0 0.00411956977426464 
77 0 0.00448219435549602 
78 0 0.00500817268610199 
79 0 0.00530809093508067 
80 0 0.00598567651924409 
81 0 0.00674824764600479 
82 0 0.00756259786212898 
83 0 0.00824733953845269 
84 0 0.00914913065165146 
85 0 0.0100069689318136 
86 0 0.0110395654310614 
87 0 0.012230022048051 
88 0 0.0133504480481652 
89 0 0.0145290866017092 
90 0 0.0159041726577094 
91 0 0.0176943636748406 
92 0 0.0190298089514168 
93 0 0.02058856266761 
94 0 0.0227174415495566 
95 0 0.0248370270491822 
96 0 0.0264080550141222 
97 0 0.0284528071237802 
98 0 0.0305753331548778 
99 0 0.0327658704411007 
100 0 0.0350148436234076 
101 0 0.0373128639446352 
102 0 0.0396455453202248 
103 0 0.0420021798094787 
104 0 0.0443680578634967 
105 0 0.0467310209044758 
106 0 0.0490761146642014 
107 0 0.0513912627222279 
108 0 0.0536632097487409 
109 0 0.0558821988840075 
110 0 0.0580361338203863 
111 0 0.0833333333333333 
