** Period (Monthly) Age-Specific Probabilities of Death for USA in 2004 
* Retrieved from the Human Mortality Database (Life tables), www.mortality.org. 
* Max Planck Institute for Demographic Research (Germany), 
* University of California, Berkeley (USA), 
* and French Institute for Demographic Studies (France) 
* Data downloaded on  31 Mrz 2023 12:10:03 CEST 
** NB: The original HMD annual probabilities have been converted into monthly probabilities 
** The open age interval (110+) is limited to one year [110-111) 

death 1 F single 
1 0 0.000518978804833314 
2 0 0.0000391751063537615 
3 0 0.0000225027848553827 
4 0 0.0000166681946396352 
5 0 0.0000141677706060328 
6 0 0.0000133343112110884 
7 0 0.0000108339788730261 
8 0 0.0000100005500421885 
9 0 0.0000100005500421885 
10 0 0.0000100005500421885 
11 0 0.0000108339788730261 
12 0 0.0000100005500421885 
13 0 0.0000108339788730261 
14 0 0.0000133343112110884 
15 0 0.0000183351822042876 
16 0 0.0000216692490401238 
17 0 0.0000300049511388067 
18 0 0.0000333394460065861 
19 0 0.0000391751063537615 
20 0 0.0000391751063537615 
21 0 0.0000383414176537977 
22 0 0.0000400088026996093 
23 0 0.0000391751063537615 
24 0 0.0000383414176537977 
25 0 0.0000408425066913409 
26 0 0.0000400088026996093 
27 0 0.0000458448912142861 
28 0 0.0000458448912142861 
29 0 0.0000466786487315352 
30 0 0.0000508475510273554 
31 0 0.0000500137552731372 
32 0 0.0000541828105240505 
33 0 0.000061687591838111 
34 0 0.0000625214946752273 
35 0 0.0000716949308086079 
36 0 0.0000750309553007034 
37 0 0.000080869292772956 
38 0 0.0000917129144495377 
39 0 0.0000983865554056162 
40 0 0.000108397935606575 
41 0 0.000123417073636167 
42 0 0.000130093042745694 
43 0 0.000145950434766062 
44 0 0.000160140972956802 
45 0 0.000170994056027163 
46 0 0.00018602354153463 
47 0 0.000210242941224514 
48 0 0.00021776061905987 
49 0 0.000231126915174573 
50 0 0.000251180045748089 
51 0 0.000272909264649956 
52 0 0.000287955613937352 
53 0 0.00030885745465703 
54 0 0.000322237155992444 
55 0 0.000359878130344438 
56 0 0.000390002139264989 
57 0 0.000425996686536201 
58 0 0.000464518272397019 
59 0 0.000516464523162341 
60 0 0.000559216776611748 
61 0 0.000621285250725911 
62 0 0.00068339615762647 
63 0 0.000746389760107324 
64 0 0.000801860287628853 
65 0 0.000887654150806605 
66 0 0.000959210992842352 
67 0 0.00105274077475737 
68 0 0.00114805482778269 
69 0 0.00123164236131401 
70 0 0.00133644652733778 
71 0 0.0015099772684366 
72 0 0.00161934496233551 
73 0 0.00182402132652981 
74 0 0.00193717349766775 
75 0 0.00217499732715976 
76 0 0.00235356146684729 
77 0 0.00261992426117175 
78 0 0.0028853513438527 
79 0 0.00316795215424381 
80 0 0.00351638302949719 
81 0 0.00405157569682424 
82 0 0.00455752272802579 
83 0 0.00510774109396794 
84 0 0.00562230605159086 
85 0 0.00654110010818865 
86 0 0.0071071711383488 
87 0 0.00797027062790001 
88 0 0.00903948027583135 
89 0 0.0100693554234124 
90 0 0.0112743215587158 
91 0 0.0125712919727458 
92 0 0.0140847919802396 
93 0 0.0155311890112516 
94 0 0.0176416430073858 
95 0 0.0194735744739124 
96 0 0.0210949508134615 
97 0 0.0231670889799787 
98 0 0.0253616667547418 
99 0 0.027672103678213 
100 0 0.0300876944048435 
101 0 0.0325989254096832 
102 0 0.0351876849595203 
103 0 0.0378386224862949 
104 0 0.0405343164524293 
105 0 0.0432536193193057 
106 0 0.0459753432574763 
107 0 0.0486813064979459 
108 0 0.0513495840850551 
109 0 0.0539618194900802 
110 0 0.056500910111962 
111 0 0.0833333333333333 

death 1 M single 
1 0 0.000638067795401209 
2 0 0.0000433436645435048 
3 0 0.0000275041602521009 
4 0 0.0000208357208674181 
5 0 0.0000175016846010179 
6 0 0.0000150012376423092 
7 0 0.0000150012376423092 
8 0 0.0000133343112110884 
9 0 0.000012500859457365 
10 0 0.0000133343112110884 
11 0 0.000012500859457365 
12 0 0.0000133343112110884 
13 0 0.0000175016846010179 
14 0 0.0000200022003373768 
15 0 0.0000258370045466139 
16 0 0.0000375077365993848 
17 0 0.00005668433545436 
18 0 0.0000733629277510639 
19 0 0.0000967180992323957 
20 0 0.000106729295667018 
21 0 0.000110900952950965 
22 0 0.000120913711624038 
23 0 0.000119244841917165 
24 0 0.00011590719442045 
25 0 0.000117576002849673 
26 0 0.000120079272940554 
27 0 0.000118410418553538 
28 0 0.000118410418553538 
29 0 0.000111735307382288 
30 0 0.000117576002849673 
31 0 0.000108397935606575 
32 0 0.000119244841917165 
33 0 0.000125920504593591 
34 0 0.00012425154296114 
35 0 0.000131762111637901 
36 0 0.000144281105325716 
37 0 0.000150123892499576 
38 0 0.000162645415570539 
39 0 0.000172663876141788 
40 0 0.00018602354153463 
41 0 0.000203561082892323 
42 0 0.000224443521407491 
43 0 0.000247837550048202 
44 0 0.000261208270468494 
45 0 0.000282103959876823 
46 0 0.000313874611824527 
47 0 0.000341473928349267 
48 0 0.000376612458030223 
49 0 0.000400882708147643 
50 0 0.000428508466157718 
51 0 0.000472057014896388 
52 0 0.000510598136479801 
53 0 0.00055837830375205 
54 0 0.000586051994499681 
55 0 0.000612056172412223 
56 0 0.000658210942097504 
57 0 0.000703549358301747 
58 0 0.000758993724140677 
59 0 0.000824562542920404 
60 0 0.000887654150806605 
61 0 0.000996274338792569 
62 0 0.00107719236232429 
63 0 0.00117928560872871 
64 0 0.00126459192265271 
65 0 0.00136858816648544 
66 0 0.0014777855386674 
67 0 0.00160916566231595 
68 0 0.00174243516772754 
69 0 0.00188781159117146 
70 0 0.00205899098229745 
71 0 0.00225953652242794 
72 0 0.00243912335875951 
73 0 0.00266110470671721 
74 0 0.00291804658987105 
75 0 0.00319125432833445 
76 0 0.00352677871485962 
77 0 0.00387137704415441 
78 0 0.00425745805560285 
79 0 0.00466449159316562 
80 0 0.0051174394507052 
81 0 0.00593583767678929 
82 0 0.00647215638141563 
83 0 0.00725421061521569 
84 0 0.00800667846215009 
85 0 0.00906066280299156 
86 0 0.00966415039187896 
87 0 0.0110649913021023 
88 0 0.0121241767139354 
89 0 0.0136630457376347 
90 0 0.0151558101732112 
91 0 0.0166137481928476 
92 0 0.0181967687452658 
93 0 0.0201308852567408 
94 0 0.0220642490074243 
95 0 0.0250581873808381 
96 0 0.0261968930306717 
97 0 0.0284299148172642 
98 0 0.0307561047177048 
99 0 0.0331634890064035 
100 0 0.0356399152976633 
101 0 0.038169153181781 
102 0 0.0407355438804486 
103 0 0.0433227699995978 
104 0 0.0459124334781708 
105 0 0.0484867357324206 
106 0 0.0510287383520022 
107 0 0.0535226862699315 
108 0 0.0559528179351125 
109 0 0.0583051885916936 
110 0 0.0605697947871018 
111 0 0.0833333333333333 
