** Period (Monthly) Age-Specific Probabilities of Death for USA in 1967 
* Retrieved from the Human Mortality Database (Life tables), www.mortality.org. 
* Max Planck Institute for Demographic Research (Germany), 
* University of California, Berkeley (USA), 
* and French Institute for Demographic Studies (France) 
* Data downloaded on  03 Apr 2023 22:47:37 CEST 
** NB: The original HMD annual probabilities have been converted into monthly probabilities 
** The open age interval (110+) is limited to one year [110-111) 

death 1 F single 
1 0 0.00163122225545576 
2 0 0.000106729295667018 
3 0 0.0000691929927806312 
4 0 0.0000491799671665794 
5 0 0.0000425099376131222 
6 0 0.0000375077365993848 
7 0 0.0000316721832838152 
8 0 0.0000291713465325749 
9 0 0.0000266705785775256 
10 0 0.0000241698794146705 
11 0 0.0000233363283135279 
12 0 0.0000208357208674181 
13 0 0.0000250034381590325 
14 0 0.0000258370045466139 
15 0 0.0000300049511388067 
16 0 0.0000333394460065861 
17 0 0.0000416762183291786 
18 0 0.0000491799671665794 
19 0 0.0000583520569852336 
20 0 0.0000591859292243813 
21 0 0.00005668433545436 
22 0 0.0000591859292243813 
23 0 0.0000583520569852336 
24 0 0.000061687591838111 
25 0 0.0000633554051622243 
26 0 0.0000658571825241649 
27 0 0.000064189323299324 
28 0 0.0000700269644720031 
29 0 0.0000725289254539518 
30 0 0.0000783671022263066 
31 0 0.000080869292772956 
32 0 0.0000892104254029968 
33 0 0.000100055042203562 
34 0 0.000106729295667018 
35 0 0.000123417073636167 
36 0 0.000132596657577144 
37 0 0.0001367695022092 
38 0 0.000150958607041618 
39 0 0.000164315082316957 
40 0 0.000179343463383219 
41 0 0.000194374329680724 
42 0 0.000207737186784573 
43 0 0.000232797840409416 
44 0 0.000244495177269322 
45 0 0.000262879748837208 
46 0 0.000295479722820513 
47 0 0.000319728311943712 
48 0 0.000351512121934405 
49 0 0.000386654533994446 
50 0 0.000412601701002879 
51 0 0.000446092867803172 
52 0 0.000464518272397019 
53 0 0.000512274208312569 
54 0 0.000563409256980729 
55 0 0.000607022524816481 
56 0 0.000618768136389614 
57 0 0.000701869754142659 
58 0 0.000742188827348222 
59 0 0.000780004217844743 
60 0 0.000861570972625403 
61 0 0.000923846448345311 
62 0 0.00100554253912766 
63 0 0.00116746729320027 
64 0 0.00122150643987429 
65 0 0.0013093887069926 
66 0 0.00144645192542869 
67 0 0.0016999714084529 
68 0 0.00181892004208628 
69 0 0.00178491880580489 
70 0 0.00200785883322474 
71 0 0.00224928514984846 
72 0 0.00242799574683439 
73 0 0.0027624195493573 
74 0 0.00294903191572538 
75 0 0.00334934942850451 
76 0 0.00371670984089179 
77 0 0.00404199089552326 
78 0 0.00454262726271193 
79 0 0.00528777095140365 
80 0 0.00574119569128051 
81 0 0.0062656403825998 
82 0 0.00673298681315082 
83 0 0.00753451906426139 
84 0 0.00852434690932957 
85 0 0.0093965642670133 
86 0 0.0103763302535608 
87 0 0.0115674476843604 
88 0 0.0128581192322832 
89 0 0.0134490454468851 
90 0 0.0151784857732478 
91 0 0.0166087384996021 
92 0 0.0173441524270922 
93 0 0.0192916731233912 
94 0 0.0210022829733166 
95 0 0.0229667254930037 
96 0 0.0243679286675649 
97 0 0.0262761593713852 
98 0 0.0282641227923899 
99 0 0.0303270838041908 
100 0 0.0324562526078548 
101 0 0.0346431556650055 
102 0 0.0368771318290694 
103 0 0.0391463272112165 
104 0 0.0414415286225484 
105 0 0.043748373946595 
106 0 0.0460550945415884 
107 0 0.0483500774502708 
108 0 0.0506190219828488 
109 0 0.0528522578867727 
110 0 0.0550377170406535 
111 0 0.0833333333333333 

death 1 M single 
1 0 0.00211612262775185 
2 0 0.000127589496870306 
3 0 0.0000850397634148958 
4 0 0.0000675250723508602 
5 0 0.000055850486162301 
6 0 0.0000500137552731372 
7 0 0.0000441773991204375 
8 0 0.0000400088026996093 
9 0 0.0000366740631904117 
10 0 0.0000358403974268784 
11 0 0.0000341730888351321 
12 0 0.0000350067393084519 
13 0 0.0000408425066913409 
14 0 0.0000458448912142861 
15 0 0.0000575181923953005 
16 0 0.0000716949308086079 
17 0 0.000100889297087292 
18 0 0.000120913711624038 
19 0 0.000150123892499576 
20 0 0.000168489383372439 
21 0 0.000157636599346866 
22 0 0.000176838560643211 
23 0 0.000183518454694553 
24 0 0.000174333726933429 
25 0 0.0001542975418658 
26 0 0.000156801823476993 
27 0 0.000155132294736626 
28 0 0.000168489383372439 
29 0 0.000163480245109926 
30 0 0.000155967055273654 
31 0 0.000156801823476993 
32 0 0.000170994056027163 
33 0 0.000183518454694553 
34 0 0.000193539216339467 
35 0 0.000201890695059714 
36 0 0.000220266649856748 
37 0 0.000232797840409416 
38 0 0.000248673162449031 
39 0 0.000283775822591648 
40 0 0.000303840574450209 
41 0 0.000325582389131607 
42 0 0.000357368246952983 
43 0 0.000397534702040403 
44 0 0.000428508466157718 
45 0 0.000456980155295161 
46 0 0.000524007576906516 
47 0 0.00056089374554491 
48 0 0.000633032706475189 
49 0 0.000675000309988572 
50 0 0.000756472791427876 
51 0 0.000818676228185322 
52 0 0.000897752876196312 
53 0 0.00100975567015793 
54 0 0.00111599114845129 
55 0 0.00119870475277417 
56 0 0.00126374691271924 
57 0 0.00141005076886802 
58 0 0.00153031477103693 
59 0 0.0016532842100685 
60 0 0.00182657207629688 
61 0 0.00197549003752195 
62 0 0.00214427532544748 
63 0 0.00241259053790088 
64 0 0.00259762599329061 
65 0 0.00277015160167127 
66 0 0.00294644940063915 
67 0 0.00325601404745657 
68 0 0.00353457626184905 
69 0 0.00344710893006783 
70 0 0.00382964301630206 
71 0 0.00421467276246201 
72 0 0.00448306990660241 
73 0 0.00503371518717965 
74 0 0.0053231129887602 
75 0 0.00578559758854047 
76 0 0.00613981680350573 
77 0 0.00646857632666675 
78 0 0.00719915551886596 
79 0 0.00800849923975133 
80 0 0.00856006323801684 
81 0 0.00909567093812913 
82 0 0.00971980443593068 
83 0 0.0106196674702377 
84 0 0.0117921940653964 
85 0 0.012806249782172 
86 0 0.0137192934165581 
87 0 0.0150051141265684 
88 0 0.0166057328183996 
89 0 0.0167721992796557 
90 0 0.0188899136659961 
91 0 0.0200933723214008 
92 0 0.021907811676357 
93 0 0.0238132629043376 
94 0 0.0246833103667509 
95 0 0.0269702521405835 
96 0 0.0280040567662919 
97 0 0.0297943083433997 
98 0 0.0316370799533658 
99 0 0.0335265279807707 
100 0 0.0354562639824632 
101 0 0.0374192844260403 
102 0 0.0394078987395804 
103 0 0.0414149839180078 
104 0 0.0434299944263536 
105 0 0.0454469236476652 
106 0 0.0474563503509632 
107 0 0.0494508946004351 
108 0 0.0514225349244859 
109 0 0.0533625861441543 
110 0 0.0552648009273311 
111 0 0.0833333333333333 
