** Period (Monthly) Age-Specific Probabilities of Death for USA in 1986 
* Retrieved from the Human Mortality Database (Life tables), www.mortality.org. 
* Max Planck Institute for Demographic Research (Germany), 
* University of California, Berkeley (USA), 
* and French Institute for Demographic Studies (France) 
* Data downloaded on  31 Mar 2023 06:10:13 CEST 
** NB: The original HMD annual probabilities have been converted into monthly probabilities 
** The open age interval (110+) is limited to one year [110-111) 

death 1 F single 
1 0 0.000765716553418061 
2 0 0.0000625214946752273 
3 0 0.0000400088026996093 
4 0 0.0000283377495704507 
5 0 0.0000233363283135279 
6 0 0.0000183351822042876 
7 0 0.0000175016846010179 
8 0 0.0000166681946396352 
9 0 0.0000158347123201397 
10 0 0.0000141677706060328 
11 0 0.0000150012376423092 
12 0 0.0000141677706060328 
13 0 0.0000141677706060328 
14 0 0.0000191686874497776 
15 0 0.0000216692490401238 
16 0 0.0000291713465325749 
17 0 0.0000391751063537615 
18 0 0.0000425099376131222 
19 0 0.0000466786487315352 
20 0 0.0000441773991204375 
21 0 0.0000441773991204375 
22 0 0.0000450111413439203 
23 0 0.0000450111413439203 
24 0 0.0000475124138960004 
25 0 0.0000475124138960004 
26 0 0.0000491799671665794 
27 0 0.0000516813544294559 
28 0 0.0000516813544294559 
29 0 0.0000533489841776369 
30 0 0.00005668433545436 
31 0 0.0000575181923953005 
32 0 0.000064189323299324 
33 0 0.0000691929927806312 
34 0 0.0000750309553007034 
35 0 0.0000766990134587475 
36 0 0.000080869292772956 
37 0 0.000087542137645058 
38 0 0.0000892104254029968 
39 0 0.000105060686358072 
40 0 0.000104226393189744 
41 0 0.000121748157967727 
42 0 0.000131762111637901 
43 0 0.000145950434766062 
44 0 0.000163480245109926 
45 0 0.000176838560643211 
46 0 0.000192704110671182 
47 0 0.000213584054607918 
48 0 0.000226114323775728 
49 0 0.000271237601818131 
50 0 0.000271237601818131 
51 0 0.000308021288723315 
52 0 0.000355695029868763 
53 0 0.000390002139264989 
54 0 0.000425159442090872 
55 0 0.00044776775020694 
56 0 0.000482947413934953 
57 0 0.000529874829445887 
58 0 0.000561732241618595 
59 0 0.000664086867924962 
60 0 0.000695991384120354 
61 0 0.000784206899801965 
62 0 0.00087755654811561 
63 0 0.000960895362294378 
64 0 0.00100385734144059 
65 0 0.00106791684718255 
66 0 0.00118012983298654 
67 0 0.00133221821130503 
68 0 0.001364358353246 
69 0 0.00153285727928487 
70 0 0.00159135463387594 
71 0 0.00180191783146044 
72 0 0.00196527071127228 
73 0 0.00222793184411096 
74 0 0.00238264345396932 
75 0 0.00252390922558843 
76 0 0.0027924923467828 
77 0 0.00310066840051892 
78 0 0.00330007710784408 
79 0 0.00373494335822255 
80 0 0.00401933994325587 
81 0 0.0046320368545093 
82 0 0.00506102721865542 
83 0 0.00573498116592241 
84 0 0.00630762054809653 
85 0 0.00687042725342213 
86 0 0.00791659588638238 
87 0 0.00882333503590871 
88 0 0.00955016704076206 
89 0 0.0104053089987221 
90 0 0.0117295499639248 
91 0 0.0130899768649831 
92 0 0.0141617753866657 
93 0 0.0157303831154643 
94 0 0.0173977085254774 
95 0 0.018850864466694 
96 0 0.0204420171718824 
97 0 0.0222615179434944 
98 0 0.0241822908807947 
99 0 0.0262002408769323 
100 0 0.0283086845469842 
101 0 0.0305003162477939 
102 0 0.03276707263352 
103 0 0.0350950490346587 
104 0 0.0374750801808877 
105 0 0.0398929685961749 
106 0 0.0423328006025001 
107 0 0.0447822702527639 
108 0 0.0472233564721071 
109 0 0.0496447318753607 
110 0 0.0520308710550738 
111 0 0.0833333333333333 

death 1 M single 
1 0 0.000972686823209945 
2 0 0.0000725289254539518 
3 0 0.0000508475510273554 
4 0 0.0000400088026996093 
5 0 0.0000316721832838152 
6 0 0.0000258370045466139 
7 0 0.0000250034381590325 
8 0 0.0000216692490401238 
9 0 0.0000216692490401238 
10 0 0.0000208357208674181 
11 0 0.0000208357208674181 
12 0 0.0000233363283135279 
13 0 0.0000291713465325749 
14 0 0.0000308385633891461 
15 0 0.0000458448912142861 
16 0 0.0000591859292243813 
17 0 0.0000867080052475711 
18 0 0.000104226393189744 
19 0 0.000131762111637901 
20 0 0.000130927573360862 
21 0 0.000142611806542514 
22 0 0.000146785110982983 
23 0 0.000142611806542514 
24 0 0.000142611806542514 
25 0 0.00014344645210207 
26 0 0.000141777168646939 
27 0 0.000142611806542514 
28 0 0.000147619794864662 
29 0 0.000157636599346866 
30 0 0.000155967055273654 
31 0 0.000168489383372439 
32 0 0.000170159157473537 
33 0 0.000174333726933429 
34 0 0.000188528697419477 
35 0 0.000185188504916445 
36 0 0.000197714859778153 
37 0 0.000203561082892323 
38 0 0.000206901950655758 
39 0 0.000230291464076604 
40 0 0.000213584054607918 
41 0 0.000236975287897678 
42 0 0.000257029709030077 
43 0 0.000290463581019584 
44 0 0.000300496141496964 
45 0 0.000318892045984898 
46 0 0.000356531634559953 
47 0 0.0003908390598516 
48 0 0.000410090361018356 
49 0 0.000466193494457423 
50 0 0.000487974192214247 
51 0 0.000567601930813511 
52 0 0.000619607166753133 
53 0 0.000694311919690382 
54 0 0.000740508508638826 
55 0 0.000806904742933212 
56 0 0.000901119367526571 
57 0 0.000986164653397181 
58 0 0.00105189773397973 
59 0 0.00123417651848012 
60 0 0.00128571972734293 
61 0 0.00143121245575439 
62 0 0.00156167735118218 
63 0 0.00176537386210152 
64 0 0.00183082348524988 
65 0 0.00197378673654436 
66 0 0.00220572973728306 
67 0 0.00234757515634398 
68 0 0.00247765256234644 
69 0 0.00280882175830421 
70 0 0.00298175014391688 
71 0 0.00335280814156746 
72 0 0.00368025381461667 
73 0 0.00409079681704849 
74 0 0.00434658623458606 
75 0 0.00454613185751129 
76 0 0.00499672494035686 
77 0 0.00553279843381616 
78 0 0.00587268863429435 
79 0 0.0064828973971619 
80 0 0.00695317201870416 
81 0 0.00786749783382079 
82 0 0.00851336011647097 
83 0 0.00920262211164713 
84 0 0.0100414158264489 
85 0 0.0107003010356531 
86 0 0.0118805395082542 
87 0 0.0128917543404631 
88 0 0.0137454897220648 
89 0 0.015109490928504 
90 0 0.0162797160583501 
91 0 0.0178831966457436 
92 0 0.0190689365961048 
93 0 0.0207080709930145 
94 0 0.0227582246651287 
95 0 0.0235247717959852 
96 0 0.0252059347790146 
97 0 0.0269286102005102 
98 0 0.0287141996936795 
99 0 0.0305577453373944 
100 0 0.0324514609014769 
101 0 0.0343917449606883 
102 0 0.0363696243673211 
103 0 0.0383778129724242 
104 0 0.040409604536171 
105 0 0.0424549254365759 
106 0 0.0445054509586402 
107 0 0.0465534490053146 
108 0 0.0485890109747236 
109 0 0.0506027917474277 
110 0 0.0525891648299379 
111 0 0.0833333333333333 
