** Period (Monthly) Age-Specific Probabilities of Death for USA in 1943 
* Retrieved from the Human Mortality Database (Life tables), www.mortality.org. 
* Max Planck Institute for Demographic Research (Germany), 
* University of California, Berkeley (USA), 
* and French Institute for Demographic Studies (France) 
* Data downloaded on  31 Mar 2023 06:10:06 CEST 
** NB: The original HMD annual probabilities have been converted into monthly probabilities 
** The open age interval (110+) is limited to one year [110-111) 

death 1 F single 
1 0 0.0032430584005807 
2 0 0.00036573479451496 
3 0 0.000178508488132945 
4 0 0.000128424004500527 
5 0 0.000102557829824601 
6 0 0.000087542137645058 
7 0 0.000079201158088904 
8 0 0.0000716949308086079 
9 0 0.0000650232490866376 
10 0 0.000061687591838111 
11 0 0.000055850486162301 
12 0 0.000055850486162301 
13 0 0.0000583520569852336 
14 0 0.0000633554051622243 
15 0 0.0000725289254539518 
16 0 0.0000842056539793745 
17 0 0.0000958838826297104 
18 0 0.000107563611807859 
19 0 0.000118410418553538 
20 0 0.000127589496870306 
21 0 0.000137604094123889 
22 0 0.000145950434766062 
23 0 0.000152628059122195 
24 0 0.000157636599346866 
25 0 0.000161810593698575 
26 0 0.000162645415570539 
27 0 0.000165984779734729 
28 0 0.000170994056027163 
29 0 0.000176838560643211 
30 0 0.000185188504916445 
31 0 0.00019687971574367 
32 0 0.000208572430588916 
33 0 0.000221102008810981 
34 0 0.000235304285861493 
35 0 0.000249508782532493 
36 0 0.000261208270468494 
37 0 0.000274580958229742 
38 0 0.000289627584302288 
39 0 0.000306348979935533 
40 0 0.000324746069302662 
41 0 0.000347329406522712 
42 0 0.000370755092807151 
43 0 0.000395023778405612 
44 0 0.00042097333557034 
45 0 0.00044860520298573 
46 0 0.000476245475447445 
47 0 0.000508922095563746 
48 0 0.000546640496100648 
49 0 0.000589406954101257 
50 0 0.000637228594534855 
51 0 0.000698510638982297 
52 0 0.000764035799453722 
53 0 0.00083044923913056 
54 0 0.000894386509639356 
55 0 0.000956684497234184 
56 0 0.00102323900305035 
57 0 0.00109743313904109 
58 0 0.00118181830504971 
59 0 0.00127980344642931 
60 0 0.0013914325640666 
61 0 0.00149303282967628 
62 0 0.00159305077172223 
63 0 0.00170846257093704 
64 0 0.00184868157827023 
65 0 0.00201382276590945 
66 0 0.00220402210797954 
67 0 0.00242114866423726 
68 0 0.00264909181125939 
69 0 0.00288793211876937 
70 0 0.00314896962680056 
71 0 0.00350858704828638 
72 0 0.00393314391426813 
73 0 0.00438943393971469 
74 0 0.00486122330111283 
75 0 0.00533195065681225 
76 0 0.00575007432590946 
77 0 0.00618530723400279 
78 0 0.0067446566297571 
79 0 0.00755172761340039 
80 0 0.00854907209090816 
81 0 0.00892536455465998 
82 0 0.00971423748305411 
83 0 0.010518508996154 
84 0 0.0114850866999531 
85 0 0.0125818279222578 
86 0 0.0136039267399287 
87 0 0.0146623155646732 
88 0 0.0159479214755099 
89 0 0.0175271841291745 
90 0 0.0192865108892992 
91 0 0.0210285992534133 
92 0 0.0225930613957105 
93 0 0.0237383386250829 
94 0 0.0243985416035366 
95 0 0.0249800030219168 
96 0 0.0276335325173793 
97 0 0.0294011673573946 
98 0 0.0312214749246518 
99 0 0.0330898541922297 
100 0 0.0349988113371529 
101 0 0.0369414079547313 
102 0 0.0389126122866684 
103 0 0.0409029291942026 
104 0 0.0429046382266041 
105 0 0.0449092685816838 
106 0 0.0469089574036687 
107 0 0.0488965643950268 
108 0 0.0508628425113719 
109 0 0.052799272250025 
110 0 0.0547013071663384 
111 0 0.0833333333333333 

death 1 M single 
1 0 0.00413526796964614 
2 0 0.00041343882975442 
3 0 0.000219431298580264 
4 0 0.000157636599346866 
5 0 0.000122582611971733 
6 0 0.000108397935606575 
7 0 0.000101723559627565 
8 0 0.0000958838826297104 
9 0 0.0000917129144495377 
10 0 0.0000900445807636707 
11 0 0.0000817033715945215 
12 0 0.0000817033715945215 
13 0 0.0000850397634148958 
14 0 0.0000933812787555777 
15 0 0.000104226393189744 
16 0 0.000120913711624038 
17 0 0.000140107915847287 
18 0 0.000158471382883385 
19 0 0.000201890695059714 
20 0 0.000241988478346333 
21 0 0.000269565969733043 
22 0 0.000285447716062204 
23 0 0.000296315773371636 
24 0 0.000297151831613829 
25 0 0.00028711964028949 
26 0 0.000268730165220221 
27 0 0.000255358338245082 
28 0 0.000247001945330005 
29 0 0.000244495177269322 
30 0 0.000247837550048202 
31 0 0.000259536822839412 
32 0 0.000272909264649956 
33 0 0.000288791595274951 
34 0 0.000305512837081023 
35 0 0.000323909757170004 
36 0 0.000341473928349267 
37 0 0.000360714773546156 
38 0 0.000382470200815832 
39 0 0.000408416172918757 
40 0 0.000436881566365344 
41 0 0.00046954403123467 
42 0 0.000504732128525753 
43 0 0.000542448789399907 
44 0 0.000585213273956109 
45 0 0.000633032706475189 
46 0 0.00068339615762647 
47 0 0.000738828221010124 
48 0 0.000801860287628853 
49 0 0.000870825436580791 
50 0 0.000949105432075159 
51 0 0.00104599666765759 
52 0 0.00115227457594336 
53 0 0.00125952198101376 
54 0 0.00136182055989442 
55 0 0.00146254080829189 
56 0 0.00157439499846412 
57 0 0.00169317905042266 
58 0 0.00182572181840779 
59 0 0.0019695286239928 
60 0 0.00212635896151381 
61 0 0.00225611926949876 
62 0 0.00237922155965753 
63 0 0.00252048199679378 
64 0 0.00269200231991162 
65 0 0.00289481454445484 
66 0 0.00312654085588904 
67 0 0.00337615790887325 
68 0 0.00363600550041332 
69 0 0.00390878011701956 
70 0 0.00420768932835558 
71 0 0.00460222384055375 
72 0 0.00508305905935469 
73 0 0.00559393761009019 
74 0 0.00610682827211717 
75 0 0.00659306652074321 
76 0 0.00707022342133479 
77 0 0.00756531562896201 
78 0 0.00820809713696569 
79 0 0.00911686668377665 
80 0 0.0102287769796854 
81 0 0.0109069025773358 
82 0 0.011839680816262 
83 0 0.0128110512498123 
84 0 0.0139417201248004 
85 0 0.0152001808530077 
86 0 0.0163745982796143 
87 0 0.0176041491671654 
88 0 0.0190359858593523 
89 0 0.0207154144537687 
90 0 0.0225802044152428 
91 0 0.0243887005788895 
92 0 0.0258027333041312 
93 0 0.0263756217629671 
94 0 0.0261879660595533 
95 0 0.0259550672944362 
96 0 0.0306961977315157 
97 0 0.0324466694561207 
98 0 0.0342351309531417 
99 0 0.0360570391086408 
100 0 0.0379061584593336 
101 0 0.03977698300771 
102 0 0.0416608315337771 
103 0 0.0435523101596146 
104 0 0.0454455336490174 
105 0 0.0473312513174482 
106 0 0.0492037640486628 
107 0 0.0510569130717438 
108 0 0.0528840649264253 
109 0 0.0546796484641366 
110 0 0.0564377326094476 
111 0 0.0833333333333333 
