** Period (Monthly) Age-Specific Probabilities of Death for USA in 1963 
* Retrieved from the Human Mortality Database (Life tables), www.mortality.org. 
* Max Planck Institute for Demographic Research (Germany), 
* University of California, Berkeley (USA), 
* and French Institute for Demographic Studies (France) 
* Data downloaded on  30 Mar 2023 17:43:04 CEST 
** NB: The original HMD annual probabilities have been converted into monthly probabilities 
** The open age interval (110+) is limited to one year [110-111) 

death 1 F single 
1 0 0.0018231710925406 
2 0 0.000127589496870306 
3 0 0.0000758649805536749 
4 0 0.0000583520569852336 
5 0 0.0000475124138960004 
6 0 0.0000425099376131222 
7 0 0.0000358403974268784 
8 0 0.0000300049511388067 
9 0 0.0000283377495704507 
10 0 0.0000241698794146705 
11 0 0.0000241698794146705 
12 0 0.0000241698794146705 
13 0 0.0000250034381590325 
14 0 0.0000266705785775256 
15 0 0.0000316721832838152 
16 0 0.0000358403974268784 
17 0 0.0000416762183291786 
18 0 0.0000458448912142861 
19 0 0.0000508475510273554 
20 0 0.000055850486162301 
21 0 0.0000533489841776369 
22 0 0.0000608536966506534 
23 0 0.0000591859292243813 
24 0 0.0000600198091127435 
25 0 0.000061687591838111 
26 0 0.0000683590287403613 
27 0 0.0000650232490866376 
28 0 0.0000733629277510639 
29 0 0.0000833715521976197 
30 0 0.0000817033715945215 
31 0 0.0000850397634148958 
32 0 0.0000908787437792213 
33 0 0.000107563611807859 
34 0 0.000108397935606575 
35 0 0.000119244841917165 
36 0 0.000130093042745694 
37 0 0.000142611806542514 
38 0 0.000149289185622847 
39 0 0.000170994056027163 
40 0 0.000186858585824345 
41 0 0.000188528697419477 
42 0 0.000208572430588916 
43 0 0.000238646320656399 
44 0 0.000262044005810314 
45 0 0.000269565969733043 
46 0 0.000303004454673572 
47 0 0.000315547059099419 
48 0 0.000353185262004341 
49 0 0.000387491423751052 
50 0 0.00042097333557034 
51 0 0.000464518272397019 
52 0 0.000483785191003339 
53 0 0.000557539838629828 
54 0 0.000574310611397011 
55 0 0.000592762037593619 
56 0 0.000638907004019584 
57 0 0.000684235785067489 
58 0 0.000755632496069913 
59 0 0.000836336316867303 
60 0 0.000907852724545632 
61 0 0.00100048703987399 
62 0 0.0010350385616974 
63 0 0.0013770483842338 
64 0 0.00144306515551407 
65 0 0.00135843694577442 
66 0 0.00158541840100812 
67 0 0.00161680003029951 
68 0 0.0018707964686463 
69 0 0.00199678399823744 
70 0 0.00212977132946424 
71 0 0.0024605264508748 
72 0 0.00245367691179033 
73 0 0.00292837385497291 
74 0 0.00330180550769621 
75 0 0.00373668007514361 
76 0 0.00418848766185531 
77 0 0.00438943393971469 
78 0 0.00480057730567551 
79 0 0.00563915402685167 
80 0 0.00616657310630309 
81 0 0.00684795536046745 
82 0 0.0071504462285733 
83 0 0.00827655427526941 
84 0 0.00941968046323294 
85 0 0.0102269107667521 
86 0 0.011424547461353 
87 0 0.0123035196482325 
88 0 0.0137755764035459 
89 0 0.0148929954489885 
90 0 0.0160902530767036 
91 0 0.0180469719269575 
92 0 0.0185278236281725 
93 0 0.0209907062747902 
94 0 0.0229860957647615 
95 0 0.0239230488666021 
96 0 0.0263309057364803 
97 0 0.0283498384361562 
98 0 0.030445266340986 
99 0 0.032608525166323 
100 0 0.0348300335921684 
101 0 0.0370991473419523 
102 0 0.0394040082772795 
103 0 0.0417327234514635 
104 0 0.0440733964042587 
105 0 0.0464113718393441 
106 0 0.0487347098137402 
107 0 0.0510302210026081 
108 0 0.053286452550767 
109 0 0.0554909252787449 
110 0 0.057634930549447 
111 0 0.0833333333333333 

death 1 M single 
1 0 0.00239718794536148 
2 0 0.000146785110982983 
3 0 0.0000933812787555777 
4 0 0.0000700269644720031 
5 0 0.00005668433545436 
6 0 0.0000491799671665794 
7 0 0.0000475124138960004 
8 0 0.0000433436645435048 
9 0 0.0000366740631904117 
10 0 0.0000383414176537977 
11 0 0.0000358403974268784 
12 0 0.0000366740631904117 
13 0 0.0000391751063537615 
14 0 0.0000466786487315352 
15 0 0.0000541828105240505 
16 0 0.0000700269644720031 
17 0 0.0000933812787555777 
18 0 0.000106729295667018 
19 0 0.000127589496870306 
20 0 0.000141777168646939 
21 0 0.000145115766213677 
22 0 0.000155967055273654 
23 0 0.000153462796661064 
24 0 0.0001542975418658 
25 0 0.000145115766213677 
26 0 0.000145950434766062 
27 0 0.000145115766213677 
28 0 0.000145950434766062 
29 0 0.0001542975418658 
30 0 0.000145950434766062 
31 0 0.000148454486411209 
32 0 0.000152628059122195 
33 0 0.000168489383372439 
34 0 0.00018435347596979 
35 0 0.00019687971574367 
36 0 0.000207737186784573 
37 0 0.000226114323775728 
38 0 0.0002411529274019 
39 0 0.000272073429390618 
40 0 0.000289627584302288 
41 0 0.000312202195326683 
42 0 0.00033561882743316 
43 0 0.000394186819278164 
44 0 0.000421810541447409 
45 0 0.000456980155295161 
46 0 0.000515626444732575 
47 0 0.00055837830375205 
48 0 0.000629676135545654 
49 0 0.000695991384120354 
50 0 0.000769918574388129 
51 0 0.000854841045576316 
52 0 0.00091037786212611 
53 0 0.00106538732565109 
54 0 0.00114383527570705 
55 0 0.00118435107201631 
56 0 0.00129755344586369 
57 0 0.00139058637274869 
58 0 0.00153539985875184 
59 0 0.00169402806737606 
60 0 0.0018707964686463 
61 0 0.00203512572643549 
62 0 0.00209480064148237 
63 0 0.00263536473652082 
64 0 0.00272634535534511 
65 0 0.00267140274122057 
66 0 0.00311015410988835 
67 0 0.0032283775730495 
68 0 0.00359264577415064 
69 0 0.00380617607478761 
70 0 0.00396621955637522 
71 0 0.00439468199170123 
72 0 0.00442180177572826 
73 0 0.00491751102501004 
74 0 0.00543276117197344 
75 0 0.00598567651924409 
76 0 0.00647573657807332 
77 0 0.0066235434983295 
78 0 0.00732194737208447 
79 0 0.00811963625043566 
80 0 0.00872325618725456 
81 0 0.00957610178777879 
82 0 0.0100404846559193 
83 0 0.0112129806837787 
84 0 0.01268150170129 
85 0 0.0132905692159149 
86 0 0.0146936923735781 
87 0 0.0157750396240927 
88 0 0.0173148617318882 
89 0 0.0186610003370929 
90 0 0.0201288007902922 
91 0 0.0219631185953019 
92 0 0.0221985575906907 
93 0 0.0237665635359291 
94 0 0.0268386405282397 
95 0 0.0274273490305176 
96 0 0.0298536053696224 
97 0 0.0317570343934734 
98 0 0.0337086115098867 
99 0 0.0357032897771343 
100 0 0.0377316910396307 
101 0 0.039787402376924 
102 0 0.0418593441539827 
103 0 0.0439394163994236 
104 0 0.0460173084755772 
105 0 0.0480874372902977 
106 0 0.0501363721967106 
107 0 0.0521584629273709 
108 0 0.0541445587028723 
109 0 0.0560879406493469 
110 0 0.0579798520958857 
111 0 0.0833333333333333 
