** Period (Monthly) Age-Specific Probabilities of Death for USA in 1975 
* Retrieved from the Human Mortality Database (Life tables), www.mortality.org. 
* Max Planck Institute for Demographic Research (Germany), 
* University of California, Berkeley (USA), 
* and French Institute for Demographic Studies (France) 
* Data downloaded on  31 Mrz 2023 12:09:41 CEST 
** NB: The original HMD annual probabilities have been converted into monthly probabilities 
** The open age interval (110+) is limited to one year [110-111) 

death 1 F single 
1 0 0.00117337625868907 
2 0 0.0000833715521976197 
3 0 0.0000550166445189015 
4 0 0.0000400088026996093 
5 0 0.0000350067393084519 
6 0 0.0000291713465325749 
7 0 0.0000258370045466139 
8 0 0.0000233363283135279 
9 0 0.0000208357208674181 
10 0 0.0000200022003373768 
11 0 0.0000183351822042876 
12 0 0.0000200022003373768 
13 0 0.0000191686874497776 
14 0 0.0000216692490401238 
15 0 0.0000266705785775256 
16 0 0.0000350067393084519 
17 0 0.0000391751063537615 
18 0 0.0000466786487315352 
19 0 0.0000508475510273554 
20 0 0.0000525151654794387 
21 0 0.0000533489841776369 
22 0 0.0000533489841776369 
23 0 0.0000575181923953005 
24 0 0.00005668433545436 
25 0 0.000055850486162301 
26 0 0.0000550166445189015 
27 0 0.0000583520569852336 
28 0 0.000061687591838111 
29 0 0.0000633554051622243 
30 0 0.0000666911236122392 
31 0 0.0000683590287403613 
32 0 0.0000800352216044908 
33 0 0.0000817033715945215 
34 0 0.0000883762776967556 
35 0 0.0000850397634148958 
36 0 0.000103392107678624 
37 0 0.000106729295667018 
38 0 0.000126754996901401 
39 0 0.000130927573360862 
40 0 0.000145115766213677 
41 0 0.000165149927191854 
42 0 0.000176003608403419 
43 0 0.000201890695059714 
44 0 0.000212748764747639 
45 0 0.000230291464076604 
46 0 0.000252851339696436 
47 0 0.000267894368393584 
48 0 0.000312202195326683 
49 0 0.000338964553193377 
50 0 0.000350675563450809 
51 0 0.000403393793679041 
52 0 0.000404230837609543 
53 0 0.000440231022489468 
54 0 0.000482109644590722 
55 0 0.00053322771529607 
56 0 0.000564247776269622 
57 0 0.000612895140792546 
58 0 0.000688434038677022 
59 0 0.000742188827348222 
60 0 0.000780844738681119 
61 0 0.000884288158511493 
62 0 0.000907011027619364 
63 0 0.00101481168540518 
64 0 0.00104936865860272 
65 0 0.00114383527570705 
66 0 0.00123502125325325 
67 0 0.00125698711635436 
68 0 0.00145915343808045 
69 0 0.00156167735118218 
70 0 0.00174498362523612 
71 0 0.00206240081710607 
72 0 0.00211271077316055 
73 0 0.00248450391265376 
74 0 0.00258047721019938 
75 0 0.00307307925351097 
76 0 0.00326637989882628 
77 0 0.00335280814156746 
78 0 0.00384007472030901 
79 0 0.00413962906259102 
80 0 0.00467940713362935 
81 0 0.00529307137651625 
82 0 0.00563117301556748 
83 0 0.00645336267688024 
84 0 0.00717660165359868 
85 0 0.00787749712148234 
86 0 0.00874161095469672 
87 0 0.00962613990575334 
88 0 0.010513828487673 
89 0 0.0114983350965238 
90 0 0.0127544102934991 
91 0 0.0141793251633116 
92 0 0.0150956983373599 
93 0 0.016639803124109 
94 0 0.0183938232606226 
95 0 0.0196496277773445 
96 0 0.0212088115704503 
97 0 0.0229624215617817 
98 0 0.0248051638430622 
99 0 0.0267319202429782 
100 0 0.0287394627637007 
101 0 0.0308184041848528 
102 0 0.0329620451531691 
103 0 0.0351605016134464 
104 0 0.0374040735744078 
105 0 0.0396819636694787 
106 0 0.041980806306082 
107 0 0.0442884693175506 
108 0 0.0465942865088069 
109 0 0.0488835470230218 
110 0 0.0511459463309387 
111 0 0.0833333333333333 

death 1 M single 
1 0 0.0014828676844445 
2 0 0.0000967180992323957 
3 0 0.0000666911236122392 
4 0 0.0000516813544294559 
5 0 0.0000441773991204375 
6 0 0.0000416762183291786 
7 0 0.0000366740631904117 
8 0 0.0000350067393084519 
9 0 0.0000300049511388067 
10 0 0.0000300049511388067 
11 0 0.0000291713465325749 
12 0 0.0000316721832838152 
13 0 0.0000333394460065861 
14 0 0.0000391751063537615 
15 0 0.0000541828105240505 
16 0 0.0000716949308086079 
17 0 0.0000933812787555777 
18 0 0.00012425154296114 
19 0 0.000155967055273654 
20 0 0.000162645415570539 
21 0 0.000164315082316957 
22 0 0.000176838560643211 
23 0 0.000171828962249876 
24 0 0.000179343463383219 
25 0 0.000168489383372439 
26 0 0.000173498797702898 
27 0 0.000168489383372439 
28 0 0.000164315082316957 
29 0 0.0001542975418658 
30 0 0.000152628059122195 
31 0 0.000156801823476993 
32 0 0.000163480245109926 
33 0 0.000164315082316957 
34 0 0.000181013436895361 
35 0 0.00018602354153463 
36 0 0.000201055512655035 
37 0 0.000216089970248357 
38 0 0.00022193737544296 
39 0 0.000241988478346333 
40 0 0.000267058579253132 
41 0 0.000289627584302288 
42 0 0.000314710831614828 
43 0 0.000354021843591124 
44 0 0.000374102112419727 
45 0 0.000400882708147643 
46 0 0.000457817692981588 
47 0 0.000492163386553224 
48 0 0.000570117627983535 
49 0 0.000611217211779147 
50 0 0.000659050336805356 
51 0 0.000754792208484734 
52 0 0.00080354174160413 
53 0 0.000861570972625403 
54 0 0.000923846448345311 
55 0 0.00102913859073595 
56 0 0.00111346028746862 
57 0 0.00118688390963251 
58 0 0.001364358353246 
59 0 0.00149896302345776 
60 0 0.0015862664105053 
61 0 0.00182147064846094 
62 0 0.00186058892642516 
63 0 0.00210162313185891 
64 0 0.00222793184411096 
65 0 0.00240403321909355 
66 0 0.00260534400393608 
67 0 0.00272548662089067 
68 0 0.00308342419944274 
69 0 0.0033363804302966 
70 0 0.00353370983459322 
71 0 0.00400801659171246 
72 0 0.00417801574196963 
73 0 0.00475753453164862 
74 0 0.00485946487394051 
75 0 0.00556469197569565 
76 0 0.00585046355578356 
77 0 0.00593049943071056 
78 0 0.00670247288279102 
79 0 0.0069747700880971 
80 0 0.00762150114767812 
81 0 0.00842002640664619 
82 0 0.00890605280917756 
83 0 0.00997532664867795 
84 0 0.0108119947493108 
85 0 0.0114462990560081 
86 0 0.0124277431980218 
87 0 0.0134413083991612 
88 0 0.0145770653826186 
89 0 0.0153423149909306 
90 0 0.0168625819518745 
91 0 0.0182794174040138 
92 0 0.0193836109392739 
93 0 0.0204001912885905 
94 0 0.022418579522936 
95 0 0.0242281182122117 
96 0 0.0251584964564989 
97 0 0.0267723464677784 
98 0 0.0284425048515845 
99 0 0.0301623608437002 
100 0 0.0319295325282062 
101 0 0.0337389954903422 
102 0 0.0355827932713884 
103 0 0.0374573231267665 
104 0 0.0393547440840409 
105 0 0.0412691323931502 
106 0 0.043192649636323 
107 0 0.0451181149896942 
108 0 0.0470376947321599 
109 0 0.0489443115334349 
110 0 0.0508317725207609 
111 0 0.0833333333333333 
