** Period (Monthly) Age-Specific Probabilities of Death for USA in 2000 
* Retrieved from the Human Mortality Database (Life tables), www.mortality.org. 
* Max Planck Institute for Demographic Research (Germany), 
* University of California, Berkeley (USA), 
* and French Institute for Demographic Studies (France) 
* Data downloaded on  04 Apr 2023 20:02:45 CEST 
** NB: The original HMD annual probabilities have been converted into monthly probabilities 
** The open age interval (110+) is limited to one year [110-111) 

death 1 F single 
1 0 0.000539933858198505 
2 0 0.0000383414176537977 
3 0 0.0000258370045466139 
4 0 0.0000166681946396352 
5 0 0.0000158347123201397 
6 0 0.0000133343112110884 
7 0 0.0000116674153447516 
8 0 0.000012500859457365 
9 0 0.0000108339788730261 
10 0 0.0000108339788730261 
11 0 0.0000100005500421885 
12 0 0.000012500859457365 
13 0 0.0000116674153447516 
14 0 0.0000141677706060328 
15 0 0.0000183351822042876 
16 0 0.0000225027848553827 
17 0 0.0000308385633891461 
18 0 0.0000333394460065861 
19 0 0.0000391751063537615 
20 0 0.0000375077365993848 
21 0 0.0000383414176537977 
22 0 0.0000400088026996093 
23 0 0.0000391751063537615 
24 0 0.0000391751063537615 
25 0 0.0000383414176537977 
26 0 0.0000408425066913409 
27 0 0.0000416762183291786 
28 0 0.0000441773991204375 
29 0 0.0000458448912142861 
30 0 0.0000483461867075707 
31 0 0.0000500137552731372 
32 0 0.000055850486162301 
33 0 0.0000608536966506534 
34 0 0.0000666911236122392 
35 0 0.0000716949308086079 
36 0 0.0000766990134587475 
37 0 0.0000842056539793745 
38 0 0.0000950496736826789 
39 0 0.000102557829824601 
40 0 0.000112569669472262 
41 0 0.000121748157967727 
42 0 0.000133431211178481 
43 0 0.000141777168646939 
44 0 0.000158471382883385 
45 0 0.000165984779734729 
46 0 0.00018184843515745 
47 0 0.000190198839702838 
48 0 0.000209407682068785 
49 0 0.000226949736477855 
50 0 0.000241988478346333 
51 0 0.000264551257946888 
52 0 0.000282939887389921 
53 0 0.000314710831614828 
54 0 0.000344819869678825 
55 0 0.000379122872988913 
56 0 0.000412601701002879 
57 0 0.000462843081220354 
58 0 0.000502218241041352 
59 0 0.000554186055514827 
60 0 0.000606183610663558 
61 0 0.000657371555145225 
62 0 0.000743869177139422 
63 0 0.000811108669691585 
64 0 0.000874190929995411 
65 0 0.000965948658087412 
66 0 0.00105189773397973 
67 0 0.0011624027716699 
68 0 0.00125614217719427 
69 0 0.0013711261490279 
70 0 0.00147947955564542 
71 0 0.00161595173547813 
72 0 0.00175772698638121 
73 0 0.00196186452496094 
74 0 0.00212550588958205 
75 0 0.0023270536623633 
76 0 0.00261306267159367 
77 0 0.00282257512348127 
78 0 0.00307738950414627 
79 0 0.00346961720252026 
80 0 0.00380791415823245 
81 0 0.00451109201538835 
82 0 0.0048427615202421 
83 0 0.00543807010334185 
84 0 0.00607830735996739 
85 0 0.00680213003462926 
86 0 0.00763963297540382 
87 0 0.00850786722220442 
88 0 0.00953257271579355 
89 0 0.010552215848522 
90 0 0.0118928957955352 
91 0 0.013310846279558 
92 0 0.0147996703240083 
93 0 0.016739081852393 
94 0 0.0182324717386899 
95 0 0.0202017861545697 
96 0 0.0219535437817652 
97 0 0.0240482182890259 
98 0 0.0262594070467442 
99 0 0.0285811138102633 
100 0 0.0310008539546068 
101 0 0.0335083403660746 
102 0 0.0360857504204233 
103 0 0.0387181118469158 
104 0 0.0413857940789594 
105 0 0.0440720282177479 
106 0 0.0467550068978714 
107 0 0.0494159627105835 
108 0 0.0520353710829824 
109 0 0.0545961588494068 
110 0 0.0570811558457012 
111 0 0.0833333333333333 

death 1 M single 
1 0 0.000657371555145225 
2 0 0.0000466786487315352 
3 0 0.0000316721832838152 
4 0 0.0000241698794146705 
5 0 0.0000183351822042876 
6 0 0.0000175016846010179 
7 0 0.0000158347123201397 
8 0 0.0000141677706060328 
9 0 0.0000133343112110884 
10 0 0.0000133343112110884 
11 0 0.0000150012376423092 
12 0 0.0000175016846010179 
13 0 0.0000183351822042876 
14 0 0.0000216692490401238 
15 0 0.0000291713465325749 
16 0 0.0000408425066913409 
17 0 0.0000600198091127435 
18 0 0.0000775330540162544 
19 0 0.0000967180992323957 
20 0 0.000110066606177961 
21 0 0.000112569669472262 
22 0 0.000118410418553538 
23 0 0.000114238416628387 
24 0 0.000111735307382288 
25 0 0.000112569669472262 
26 0 0.000105894987183719 
27 0 0.000105894987183719 
28 0 0.000108397935606575 
29 0 0.000107563611807859 
30 0 0.000111735307382288 
31 0 0.000107563611807859 
32 0 0.000116741594805347 
33 0 0.000120913711624038 
34 0 0.000130093042745694 
35 0 0.000140942538415234 
36 0 0.000145115766213677 
37 0 0.000157636599346866 
38 0 0.000170159157473537 
39 0 0.000188528697419477 
40 0 0.000196044579382604 
41 0 0.000216089970248357 
42 0 0.000231962373952066 
43 0 0.000250344410298808 
44 0 0.000277924437637966 
45 0 0.000299660052488715 
46 0 0.000319728311943712 
47 0 0.000349002469585802 
48 0 0.000379122872988913 
49 0 0.000417624589193033 
50 0 0.000436044221624798 
51 0 0.00046116792092632 
52 0 0.000490487685641083 
53 0 0.000535742460881616 
54 0 0.000569279054520644 
55 0 0.000612056172412223 
56 0 0.000687594372434042 
57 0 0.000750590887146574 
58 0 0.000817835357218133 
59 0 0.000896069677321809 
60 0 0.000980267856578898 
61 0 0.00105526994404792 
62 0 0.00114045977521504 
63 0 0.00127473265532752 
64 0 0.00139397118534601 
65 0 0.00153285727928487 
66 0 0.00164394965169734 
67 0 0.0017883183561983 
68 0 0.00196782543492602 
69 0 0.00213574328226174 
70 0 0.00231850441009207 
71 0 0.00254961757123728 
72 0 0.0027727290989954 
73 0 0.00311619098737681 
74 0 0.00333810952280578 
75 0 0.00360478440547884 
76 0 0.00396970190583468 
77 0 0.00430463262989911 
78 0 0.00469256994677292 
79 0 0.00519241638609014 
80 0 0.00577849181900636 
81 0 0.00668363119331983 
82 0 0.00714323227254376 
83 0 0.00807224962738051 
84 0 0.00883435968586255 
85 0 0.00984236457791687 
86 0 0.0109106633661435 
87 0 0.0120727294612473 
88 0 0.0132953966724711 
89 0 0.0145104894958358 
90 0 0.0162487762635665 
91 0 0.0176102281801339 
92 0 0.0193278171337909 
93 0 0.0213576827315453 
94 0 0.0235691773913917 
95 0 0.0255786009623109 
96 0 0.0272374516315774 
97 0 0.0294277853122374 
98 0 0.0316988182601241 
99 0 0.0340409752368884 
100 0 0.0364410502070341 
101 0 0.0388855366238635 
102 0 0.0413605925383049 
103 0 0.0438520306040815 
104 0 0.0463411226869092 
105 0 0.0488141541173541 
106 0 0.0512543941965875 
107 0 0.0536494527539578 
108 0 0.0559842228417013 
109 0 0.058247117231585 
110 0 0.0604290701555048 
111 0 0.0833333333333333 
