** Period (Monthly) Age-Specific Probabilities of Death for USA in 1950 
* Retrieved from the Human Mortality Database (Life tables), www.mortality.org. 
* Max Planck Institute for Demographic Research (Germany), 
* University of California, Berkeley (USA), 
* and French Institute for Demographic Studies (France) 
* Data downloaded on  03 Apr 2023 21:14:41 CEST 
** NB: The original HMD annual probabilities have been converted into monthly probabilities 
** The open age interval (110+) is limited to one year [110-111) 

death 1 F single 
1 0 0.00232534374743909 
2 0 0.000177673520552979 
3 0 0.0000983865554056162 
4 0 0.0000758649805536749 
5 0 0.0000633554051622243 
6 0 0.0000516813544294559 
7 0 0.0000466786487315352 
8 0 0.0000400088026996093 
9 0 0.0000400088026996093 
10 0 0.0000383414176537977 
11 0 0.0000350067393084519 
12 0 0.0000341730888351321 
13 0 0.0000350067393084519 
14 0 0.0000383414176537977 
15 0 0.0000441773991204375 
16 0 0.0000508475510273554 
17 0 0.0000600198091127435 
18 0 0.0000650232490866376 
19 0 0.0000700269644720031 
20 0 0.0000733629277510639 
21 0 0.0000766990134587475 
22 0 0.0000800352216044908 
23 0 0.0000842056539793745 
24 0 0.0000867080052475711 
25 0 0.0000917129144495377 
26 0 0.0000958838826297104 
27 0 0.0000983865554056162 
28 0 0.000101723559627565 
29 0 0.000109232267063164 
30 0 0.000112569669472262 
31 0 0.000117576002849673 
32 0 0.000125920504593591 
33 0 0.000135934917957492 
34 0 0.000144281105325716 
35 0 0.0001542975418658 
36 0 0.000167654507824855 
37 0 0.000179343463383219 
38 0 0.000193539216339467 
39 0 0.000209407682068785 
40 0 0.000228620584918904 
41 0 0.000250344410298808 
42 0 0.000270401781932272 
43 0 0.000292135597524501 
44 0 0.000316383294278633 
45 0 0.000341473928349267 
46 0 0.000366571491637546 
47 0 0.000399208689675246 
48 0 0.000431857613657716 
49 0 0.000466193494457423 
50 0 0.000513112255822956 
51 0 0.000549994000700438 
52 0 0.000590245713359194 
53 0 0.000638907004019584 
54 0 0.000694311919690382 
55 0 0.000746389760107324 
56 0 0.000801019572312933 
57 0 0.00086577743026095 
58 0 0.000936475062115472 
59 0 0.00100807039429152 
60 0 0.00109574623532316 
61 0 0.00121728347319838 
62 0 0.00133137257172933 
63 0 0.00144306515551407 
64 0 0.00156845987464871 
65 0 0.00170336777811297 
66 0 0.00183252410460411 
67 0 0.00196356760213234 
68 0 0.00211782860316856 
69 0 0.00234073414241442 
70 0 0.00258304932091313 
71 0 0.00288019001443796 
72 0 0.00323010460578388 
73 0 0.00363774032126107 
74 0 0.00399495294546404 
75 0 0.00440605381503267 
76 0 0.00483045575903152 
77 0 0.00533371829407747 
78 0 0.00587980181390035 
79 0 0.00642115399267595 
80 0 0.00704049599600487 
81 0 0.0072776869338762 
82 0 0.00812966353563749 
83 0 0.00899805060078651 
84 0 0.00983121584898583 
85 0 0.0108213870973438 
86 0 0.0120241674347619 
87 0 0.0132760884048487 
88 0 0.0142846960567222 
89 0 0.0149608399831199 
90 0 0.0156629444249227 
91 0 0.0170828956949409 
92 0 0.0193629424952354 
93 0 0.0215703349287309 
94 0 0.0231164168003734 
95 0 0.0244379166253241 
96 0 0.0252335268775307 
97 0 0.0269995257763916 
98 0 0.0288302397796246 
99 0 0.0307208603817223 
100 0 0.0326637441119642 
101 0 0.0346542097279714 
102 0 0.036684586069709 
103 0 0.0387451356731997 
104 0 0.0408264456426161 
105 0 0.0429221890938021 
106 0 0.0450212363035384 
107 0 0.0471141788511202 
108 0 0.0491921517665906 
109 0 0.0512454755285722 
110 0 0.053266668843417 
111 0 0.0833333333333333 

death 1 M single 
1 0 0.00302137222858379 
2 0 0.000213584054607918 
3 0 0.000119244841917165 
4 0 0.0000892104254029968 
5 0 0.0000741969376999441 
6 0 0.000064189323299324 
7 0 0.0000608536966506534 
8 0 0.0000550166445189015 
9 0 0.0000575181923953005 
10 0 0.000055850486162301 
11 0 0.0000525151654794387 
12 0 0.0000516813544294559 
13 0 0.0000541828105240505 
14 0 0.0000625214946752273 
15 0 0.0000733629277510639 
16 0 0.0000892104254029968 
17 0 0.000105894987183719 
18 0 0.000117576002849673 
19 0 0.000135100341368544 
20 0 0.000144281105325716 
21 0 0.000155132294736626 
22 0 0.000162645415570539 
23 0 0.000169324266588666 
24 0 0.000167654507824855 
25 0 0.000167654507824855 
26 0 0.000165984779734729 
27 0 0.000161810593698575 
28 0 0.000160975779494144 
29 0 0.000169324266588666 
30 0 0.000169324266588666 
31 0 0.000175168663833603 
32 0 0.000185188504916445 
33 0 0.000198550011486498 
34 0 0.000206901950655758 
35 0 0.000220266649856748 
36 0 0.000236975287897678 
37 0 0.000254522664378531 
38 0 0.000275416816550522 
39 0 0.000300496141496964 
40 0 0.000331436843438837 
41 0 0.000367408196463748 
42 0 0.000400882708147643 
43 0 0.000439393646883834 
44 0 0.000481271882970646 
45 0 0.000527360246250774 
46 0 0.000574310611397011 
47 0 0.000633871868584546 
48 0 0.000693472199118195 
49 0 0.000755632496069913 
50 0 0.000843064872951049 
51 0 0.000915428347907032 
52 0 0.000995431822025106 
53 0 0.00108984231907239 
54 0 0.00119701596667587 
55 0 0.00130093479161597 
56 0 0.001410897141637 
57 0 0.00153200976862256 
58 0 0.00165583016534587 
59 0 0.00177132187762086 
60 0 0.00190653191192602 
61 0 0.00208883138326388 
62 0 0.00224586828310702 
63 0 0.00240317753162078 
64 0 0.00258819376123653 
65 0 0.00279335171616768 
66 0 0.00298777847435039 
67 0 0.00318607554957617 
68 0 0.00339345791331136 
69 0 0.0036767825772831 
70 0 0.00394358754871715 
71 0 0.00426968614028855 
72 0 0.00464343854438531 
73 0 0.00508570324091484 
74 0 0.00547170057635227 
75 0 0.00593494794721083 
76 0 0.00639789930590662 
77 0 0.0069585710516451 
78 0 0.00756440969758787 
79 0 0.00815610445198089 
80 0 0.00883344091351146 
81 0 0.00944557764961229 
82 0 0.0104268153916481 
83 0 0.0114321126362971 
84 0 0.0123531884455352 
85 0 0.0134500126247828 
86 0 0.0148546712616164 
87 0 0.0162956891737827 
88 0 0.0172795236777331 
89 0 0.0178842129568419 
90 0 0.0185677557719458 
91 0 0.0200694139913969 
92 0 0.0225619935435056 
93 0 0.0249271850354015 
94 0 0.0264931089302474 
95 0 0.0274205599532987 
96 0 0.0284493728995253 
97 0 0.0301868745533672 
98 0 0.0319736034901102 
99 0 0.0338010114181988 
100 0 0.0356647625746903 
101 0 0.037560110293358 
102 0 0.0394766588353307 
103 0 0.0414110029096321 
104 0 0.0433539735984457 
105 0 0.0452983199067675 
106 0 0.0472361264796203 
107 0 0.0491602260324385 
108 0 0.0510643290013001 
109 0 0.0529401345061131 
110 0 0.0547833503098609 
111 0 0.0833333333333333 
