** Period (Monthly) Age-Specific Probabilities of Death for USA in 2014 
* Retrieved from the Human Mortality Database (Life tables), www.mortality.org. 
* Max Planck Institute for Demographic Research (Germany), 
* University of California, Berkeley (USA), 
* and French Institute for Demographic Studies (France) 
* Data downloaded on  03 Apr 2023 22:47:47 CEST 
** NB: The original HMD annual probabilities have been converted into monthly probabilities 
** The open age interval (110+) is limited to one year [110-111) 

death 1 F single 
1 0 0.000444418016270154 
2 0 0.0000283377495704507 
3 0 0.0000183351822042876 
4 0 0.0000133343112110884 
5 0 0.0000108339788730261 
6 0 0.0000100005500421885 
7 0 0.00000833371530217786 
8 0 0.00000750030939278279 
9 0 0.00000750030939278279 
10 0 0.00000750030939278279 
11 0 0.00000666691112360951 
12 0 0.00000750030939278279 
13 0 0.00000916712885190574 
14 0 0.0000108339788730261 
15 0 0.0000116674153447516 
16 0 0.0000150012376423092 
17 0 0.0000183351822042876 
18 0 0.0000225027848553827 
19 0 0.0000258370045466139 
20 0 0.0000300049511388067 
21 0 0.0000316721832838152 
22 0 0.0000375077365993848 
23 0 0.0000383414176537977 
24 0 0.0000366740631904117 
25 0 0.0000391751063537615 
26 0 0.0000425099376131222 
27 0 0.0000475124138960004 
28 0 0.0000466786487315352 
29 0 0.0000508475510273554 
30 0 0.0000550166445189015 
31 0 0.0000533489841776369 
32 0 0.0000591859292243813 
33 0 0.000064189323299324 
34 0 0.0000691929927806312 
35 0 0.0000725289254539518 
36 0 0.0000817033715945215 
37 0 0.0000825374580692984 
38 0 0.0000917129144495377 
39 0 0.0000958838826297104 
40 0 0.000100889297087292 
41 0 0.000108397935606575 
42 0 0.000123417073636167 
43 0 0.000134265772442244 
44 0 0.000140107915847287 
45 0 0.000155967055273654 
46 0 0.000165149927191854 
47 0 0.000183518454694553 
48 0 0.000198550011486498 
49 0 0.000222772749752909 
50 0 0.000244495177269322 
51 0 0.000265387024029895 
52 0 0.000297987897547314 
53 0 0.000317219537152469 
54 0 0.000344819869678825 
55 0 0.000368244908993565 
56 0 0.000403393793679041 
57 0 0.00043353223369802 
58 0 0.000465355879566642 
59 0 0.000487974192214247 
60 0 0.000521493156080077 
61 0 0.000561732241618595 
62 0 0.000606183610663558 
63 0 0.00065569280450628 
64 0 0.000695151648024361 
65 0 0.000744709363691087 
66 0 0.000806063980928307 
67 0 0.000891861816598283 
68 0 0.000970159952704663 
69 0 0.00105442687979129 
70 0 0.00114552307300841 
71 0 0.00129417222603856 
72 0 0.00142359368018141 
73 0 0.00154980915451353 
74 0 0.00167365385231055 
75 0 0.0018342247558305 
76 0 0.0020470575696282 
77 0 0.00226295390410669 
78 0 0.00248707330247799 
79 0 0.00276843331083276 
80 0 0.00310756699977621 
81 0 0.00345749666862505 
82 0 0.00385224656058425 
83 0 0.00441392745287106 
84 0 0.00499672494035686 
85 0 0.00572699168967006 
86 0 0.00630315364564005 
87 0 0.00707743154449281 
88 0 0.00803581531616337 
89 0 0.00888582589538056 
90 0 0.0100423470066132 
91 0 0.0114898180459447 
92 0 0.0128907931623987 
93 0 0.0144752634572848 
94 0 0.0159011905626963 
95 0 0.0182906472009011 
96 0 0.0196890284693193 
97 0 0.0217484649528127 
98 0 0.0239437168592831 
99 0 0.0262694580610852 
100 0 0.0287164960377517 
101 0 0.0312722841935061 
102 0 0.0339215204183567 
103 0 0.0366468815935626 
104 0 0.0394286507996077 
105 0 0.0422456733449523 
106 0 0.0450738141750382 
107 0 0.0478913364083949 
108 0 0.050675113564505 
109 0 0.0534037263071095 
110 0 0.0560564977707286 
111 0 0.0833333333333333 

death 1 M single 
1 0 0.000528198432916849 
2 0 0.0000325058108229248 
3 0 0.0000233363283135279 
4 0 0.0000175016846010179 
5 0 0.0000158347123201397 
6 0 0.0000116674153447516 
7 0 0.0000108339788730261 
8 0 0.0000108339788730261 
9 0 0.0000100005500421885 
10 0 0.0000108339788730261 
11 0 0.0000100005500421885 
12 0 0.0000108339788730261 
13 0 0.000012500859457365 
14 0 0.0000166681946396352 
15 0 0.0000200022003373768 
16 0 0.0000258370045466139 
17 0 0.0000391751063537615 
18 0 0.0000491799671665794 
19 0 0.0000691929927806312 
20 0 0.0000800352216044908 
21 0 0.000087542137645058 
22 0 0.0000983865554056162 
23 0 0.000105060686358072 
24 0 0.000106729295667018 
25 0 0.000110066606177961 
26 0 0.000112569669472262 
27 0 0.000115072801694871 
28 0 0.000114238416628387 
29 0 0.000119244841917165 
30 0 0.000121748157967727 
31 0 0.000122582611971733 
32 0 0.000131762111637901 
33 0 0.000130093042745694 
34 0 0.000132596657577144 
35 0 0.00014344645210207 
36 0 0.000144281105325716 
37 0 0.000152628059122195 
38 0 0.000153462796661064 
39 0 0.000156801823476993 
40 0 0.000168489383372439 
41 0 0.000177673520552979 
42 0 0.00019687971574367 
43 0 0.000203561082892323 
44 0 0.000216089970248357 
45 0 0.000232797840409416 
46 0 0.000255358338245082 
47 0 0.000284611765482445 
48 0 0.000313874611824527 
49 0 0.000346492886541427 
50 0 0.000379959693386556 
51 0 0.000419298946955804 
52 0 0.000464518272397019 
53 0 0.000502218241041352 
54 0 0.000552509210379415 
55 0 0.000596956066195253 
56 0 0.000652335396287174 
57 0 0.000712787736302456 
58 0 0.000774961256142737 
59 0 0.000827085366010505 
60 0 0.000883446679927902 
61 0 0.000954158071906352 
62 0 0.00104346775661179 
63 0 0.00110586812771063 
64 0 0.00116915552981744 
65 0 0.00121728347319838 
66 0 0.00130347088357585 
67 0 0.00140497269795659 
68 0 0.00148795011476965 
69 0 0.0016303738258282 
70 0 0.00173733846739721 
71 0 0.00193461963691977 
72 0 0.00210844613536254 
73 0 0.00230910116326277 
74 0 0.00248364746555663 
75 0 0.00269543603810596 
76 0 0.00296625056361466 
77 0 0.00323701306589497 
78 0 0.00356230631049137 
79 0 0.00390095028841408 
80 0 0.00428366311717598 
81 0 0.00475226539483109 
82 0 0.00527363800313607 
83 0 0.00594473545439744 
84 0 0.00664057923141537 
85 0 0.00753270782895421 
86 0 0.00826011982097574 
87 0 0.00932909891343681 
88 0 0.0104352323364434 
89 0 0.0117513755257815 
90 0 0.0131429745076622 
91 0 0.0146064528336002 
92 0 0.0163436256456244 
93 0 0.0183396664939539 
94 0 0.0205560925117922 
95 0 0.0227356843133478 
96 0 0.0243952611406594 
97 0 0.0267094692079101 
98 0 0.0291377358064741 
99 0 0.0316703182765555 
100 0 0.0342913819559971 
101 0 0.0369842849359825 
102 0 0.0397275079804223 
103 0 0.0425032858933231 
104 0 0.045288607028686 
105 0 0.0480616468414692 
106 0 0.0508007137135895 
107 0 0.0534845401653586 
108 0 0.0560958031695371 
109 0 0.0586155696169727 
110 0 0.0610316734283839 
111 0 0.0833333333333333 
