** Period (Monthly) Age-Specific Probabilities of Death for USA in 2020 
* Retrieved from the Human Mortality Database (Life tables), www.mortality.org. 
* Max Planck Institute for Demographic Research (Germany), 
* University of California, Berkeley (USA), 
* and French Institute for Demographic Studies (France) 
* Data downloaded on  31 Mar 2023 06:10:18 CEST 
** NB: The original HMD annual probabilities have been converted into monthly probabilities 
** The open age interval (110+) is limited to one year [110-111) 

death 1 F single 
1 0 0.000400882708147643 
2 0 0.0000258370045466139 
3 0 0.0000166681946396352 
4 0 0.0000133343112110884 
5 0 0.0000100005500421885 
6 0 0.00000916712885190574 
7 0 0.00000833371530217786 
8 0 0.00000833371530217786 
9 0 0.00000833371530217786 
10 0 0.00000666691112360951 
11 0 0.00000750030939278279 
12 0 0.00000833371530217786 
13 0 0.0000100005500421885 
14 0 0.0000116674153447516 
15 0 0.0000133343112110884 
16 0 0.0000175016846010179 
17 0 0.0000208357208674181 
18 0 0.0000233363283135279 
19 0 0.0000333394460065861 
20 0 0.0000375077365993848 
21 0 0.0000383414176537977 
22 0 0.0000458448912142861 
23 0 0.0000466786487315352 
24 0 0.0000533489841776369 
25 0 0.0000533489841776369 
26 0 0.0000600198091127435 
27 0 0.0000608536966506534 
28 0 0.0000675250723508602 
29 0 0.000070860943814588 
30 0 0.0000783671022263066 
31 0 0.0000833715521976197 
32 0 0.0000842056539793745 
33 0 0.0000942154723914124 
34 0 0.000100055042203562 
35 0 0.000100889297087292 
36 0 0.000107563611807859 
37 0 0.000114238416628387 
38 0 0.00012425154296114 
39 0 0.000126754996901401 
40 0 0.000135100341368544 
41 0 0.000144281105325716 
42 0 0.000156801823476993 
43 0 0.000157636599346866 
44 0 0.000170994056027163 
45 0 0.00018184843515745 
46 0 0.000199385170868593 
47 0 0.000213584054607918 
48 0 0.000231126915174573 
49 0 0.000247837550048202 
50 0 0.000264551257946888 
51 0 0.000292971617312565 
52 0 0.000314710831614828 
53 0 0.000343983372797285 
54 0 0.000370755092807151 
55 0 0.000402556757458705 
56 0 0.000437718918821939 
57 0 0.000474570068058955 
58 0 0.000524007576906516 
59 0 0.000551670799416648 
60 0 0.000607022524816481 
61 0 0.00067583985983688 
62 0 0.000711947844934002 
63 0 0.000763195434133168 
64 0 0.000828767286998655 
65 0 0.00087755654811561 
66 0 0.000949947519193861 
67 0 0.00100891302831552 
68 0 0.00108984231907239 
69 0 0.00117506460517258 
70 0 0.00125698711635436 
71 0 0.00139397118534601 
72 0 0.00154641852618531 
73 0 0.00170931173088207 
74 0 0.00184272849008871 
75 0 0.00209650621597524 
76 0 0.00229628012483785 
77 0 0.00257790517244505 
78 0 0.00284750841750125 
79 0 0.00317226691962547 
80 0 0.00350079173792228 
81 0 0.003953161938543 
82 0 0.00438855929396742 
83 0 0.00494918826759916 
84 0 0.00548586451881272 
85 0 0.006214754428428 
86 0 0.00714052718767322 
87 0 0.00791750536168967 
88 0 0.0089860855741436 
89 0 0.0103623116304281 
90 0 0.0115352516465532 
91 0 0.0130736021071418 
92 0 0.0144263613688902 
93 0 0.0162447848115564 
94 0 0.0183314947417526 
95 0 0.0201402659594219 
96 0 0.022426065573511 
97 0 0.0247392763031691 
98 0 0.027187783913427 
99 0 0.0297606081973777 
100 0 0.0324430760433813 
101 0 0.0352185853552771 
102 0 0.0380643711874687 
103 0 0.0409583557469081 
104 0 0.0438765989804535 
105 0 0.04679311595006 
106 0 0.0496841354571586 
107 0 0.0525227626725208 
108 0 0.0552881655097041 
109 0 0.0579605640165113 
110 0 0.0605217567904396 
111 0 0.0833333333333333 

death 1 M single 
1 0 0.000477083190726146 
2 0 0.0000341730888351321 
3 0 0.0000216692490401238 
4 0 0.0000175016846010179 
5 0 0.000012500859457365 
6 0 0.000012500859457365 
7 0 0.0000100005500421885 
8 0 0.0000100005500421885 
9 0 0.00000833371530217786 
10 0 0.00000916712885190574 
11 0 0.0000108339788730261 
12 0 0.000012500859457365 
13 0 0.0000133343112110884 
14 0 0.0000183351822042876 
15 0 0.0000250034381590325 
16 0 0.0000341730888351321 
17 0 0.0000483461867075707 
18 0 0.0000625214946752273 
19 0 0.0000892104254029968 
20 0 0.000105894987183719 
21 0 0.000113404039220888 
22 0 0.000129258519792286 
23 0 0.000134265772442244 
24 0 0.000140942538415234 
25 0 0.000147619794864662 
26 0 0.000153462796661064 
27 0 0.000158471382883385 
28 0 0.000168489383372439 
29 0 0.000176003608403419 
30 0 0.000185188504916445 
31 0 0.000194374329680724 
32 0 0.000201055512655035 
33 0 0.000201055512655035 
34 0 0.000209407682068785 
35 0 0.000214419352144724 
36 0 0.000219431298580264 
37 0 0.000228620584918904 
38 0 0.000241988478346333 
39 0 0.000243659603279878 
40 0 0.000264551257946888 
41 0 0.000277924437637966 
42 0 0.000283775822591648 
43 0 0.000291299585426952 
44 0 0.000305512837081023 
45 0 0.000318055787721261 
46 0 0.000340637462264981 
47 0 0.000364061423379858 
48 0 0.000391675988146045 
49 0 0.000431020315210362 
50 0 0.000454467588553054 
51 0 0.000494676995866028 
52 0 0.00052568389611507 
53 0 0.000581019787371906 
54 0 0.000621285250725911 
55 0 0.000680877321862394 
56 0 0.000752271392364889 
57 0 0.000819517106936729 
58 0 0.000868301398352145 
59 0 0.000939000995595962 
60 0 0.00101649708637441 
61 0 0.00111936573948879 
62 0 0.00120377129953519 
63 0 0.00128064860581412 
64 0 0.00139566363897181 
65 0 0.00147693854203335 
66 0 0.00157439499846412 
67 0 0.00169148104034311 
68 0 0.00178916826369613 
69 0 0.00190993602160527 
70 0 0.00202234334987716 
71 0 0.00221085281808364 
72 0 0.00236040344842703 
73 0 0.00257104676175823 
74 0 0.00271947570744568 
75 0 0.00308342419944274 
76 0 0.0033407032234416 
77 0 0.00377315882556351 
78 0 0.00414050130639021 
79 0 0.00459170394499753 
80 0 0.00494830819439163 
81 0 0.00550357256787881 
82 0 0.0060489045952522 
83 0 0.00668632262255797 
84 0 0.00748381821454036 
85 0 0.00831308601413316 
86 0 0.00956961740066198 
87 0 0.0104333618362091 
88 0 0.0117874467705874 
89 0 0.0131998613518866 
90 0 0.0139426926316831 
91 0 0.0157164945236785 
92 0 0.0176031360385649 
93 0 0.0196216431303002 
94 0 0.0219663104289591 
95 0 0.0242586829245932 
96 0 0.0261734616511073 
97 0 0.0285226653282611 
98 0 0.0309749348374543 
99 0 0.033515614960175 
100 0 0.0361282104683901 
101 0 0.0387979205747472 
102 0 0.0415039405252833 
103 0 0.0442267697710877 
104 0 0.0469457199822729 
105 0 0.0496403548087487 
106 0 0.0522907573955088 
107 0 0.054879424829633 
108 0 0.0573887213173355 
109 0 0.0598044096849846 
110 0 0.0621130253912072 
111 0 0.0833333333333333 
