** Period (Monthly) Age-Specific Probabilities of Death for USA in 1974 
* Retrieved from the Human Mortality Database (Life tables), www.mortality.org. 
* Max Planck Institute for Demographic Research (Germany), 
* University of California, Berkeley (USA), 
* and French Institute for Demographic Studies (France) 
* Data downloaded on  30 Mar 2023 17:43:07 CEST 
** NB: The original HMD annual probabilities have been converted into monthly probabilities 
** The open age interval (110+) is limited to one year [110-111) 

death 1 F single 
1 0 0.00123417651848012 
2 0 0.0000867080052475711 
3 0 0.0000541828105240505 
4 0 0.0000450111413439203 
5 0 0.0000341730888351321 
6 0 0.0000308385633891461 
7 0 0.0000266705785775256 
8 0 0.0000250034381590325 
9 0 0.0000225027848553827 
10 0 0.0000208357208674181 
11 0 0.0000191686874497776 
12 0 0.0000208357208674181 
13 0 0.0000225027848553827 
14 0 0.0000250034381590325 
15 0 0.0000283377495704507 
16 0 0.0000341730888351321 
17 0 0.0000425099376131222 
18 0 0.0000458448912142861 
19 0 0.0000541828105240505 
20 0 0.000055850486162301 
21 0 0.0000525151654794387 
22 0 0.00005668433545436 
23 0 0.00005668433545436 
24 0 0.00005668433545436 
25 0 0.0000575181923953005 
26 0 0.0000600198091127435 
27 0 0.000061687591838111 
28 0 0.0000633554051622243 
29 0 0.0000683590287403613 
30 0 0.000070860943814588 
31 0 0.000070860943814588 
32 0 0.000080869292772956 
33 0 0.0000800352216044908 
34 0 0.0000958838826297104 
35 0 0.000104226393189744 
36 0 0.000108397935606575 
37 0 0.000117576002849673 
38 0 0.000130093042745694 
39 0 0.000140942538415234 
40 0 0.000150958607041618 
41 0 0.000168489383372439 
42 0 0.000185188504916445 
43 0 0.000215254657358166 
44 0 0.000226114323775728 
45 0 0.000251180045748089 
46 0 0.000259536822839412 
47 0 0.000297987897547314 
48 0 0.000311365998618696 
49 0 0.000348165934204059 
50 0 0.000374102112419727 
51 0 0.00040925326311303 
52 0 0.000426833938695692 
53 0 0.000475407767891678 
54 0 0.000503056195808371 
55 0 0.000531551256905183 
56 0 0.000574310611397011 
57 0 0.000660729149487893 
58 0 0.000685075420268633 
59 0 0.000749750646195313 
60 0 0.000811949478391027 
61 0 0.000925530162064314 
62 0 0.000962579762985083 
63 0 0.00103166710278468 
64 0 0.00110839877710245 
65 0 0.00116999965989673 
66 0 0.00126459192265271 
67 0 0.00136351241424648 
68 0 0.00151251920708273 
69 0 0.0016507383262081 
70 0 0.00182742234215294 
71 0 0.00211526965207398 
72 0 0.00224159738067609 
73 0 0.00253076407179798 
74 0 0.00288191042492314 
75 0 0.00309118368388961 
76 0 0.00329748456988277 
77 0 0.00372712854416823 
78 0 0.00394445790596065 
79 0 0.0044638097386539 
80 0 0.00486122330111283 
81 0 0.00556469197569565 
82 0 0.00601238721040775 
83 0 0.00670426753446485 
84 0 0.00754085867418952 
85 0 0.00863428856047688 
86 0 0.00934203355811336 
87 0 0.0103950251496882 
88 0 0.0111780822568425 
89 0 0.0126661600676901 
90 0 0.0138008181818158 
91 0 0.0150149557985927 
92 0 0.0160424521791597 
93 0 0.0178415378480471 
94 0 0.0195294596110098 
95 0 0.0214634163037294 
96 0 0.0228914367889459 
97 0 0.0247820976338027 
98 0 0.0267633612658477 
99 0 0.0288267908457825 
100 0 0.0309678673106544 
101 0 0.0331755661748566 
102 0 0.0354401508110104 
103 0 0.0377507763564334 
104 0 0.0400953346659338 
105 0 0.0424616405602519 
106 0 0.0448333233406435 
107 0 0.0471992404823601 
108 0 0.0495455727759043 
109 0 0.0518585468836992 
110 0 0.0541261136040397 
111 0 0.0833333333333333 

death 1 M single 
1 0 0.00158541840100812 
2 0 0.0000992207949763735 
3 0 0.000070860943814588 
4 0 0.0000583520569852336 
5 0 0.0000475124138960004 
6 0 0.0000416762183291786 
7 0 0.0000391751063537615 
8 0 0.0000358403974268784 
9 0 0.0000341730888351321 
10 0 0.0000333394460065861 
11 0 0.0000291713465325749 
12 0 0.0000308385633891461 
13 0 0.0000366740631904117 
14 0 0.0000458448912142861 
15 0 0.0000575181923953005 
16 0 0.000070860943814588 
17 0 0.000103392107678624 
18 0 0.000132596657577144 
19 0 0.000160975779494144 
20 0 0.000173498797702898 
21 0 0.000164315082316957 
22 0 0.000181013436895361 
23 0 0.000178508488132945 
24 0 0.000178508488132945 
25 0 0.000168489383372439 
26 0 0.000169324266588666 
27 0 0.000160140972956802 
28 0 0.000157636599346866 
29 0 0.000161810593698575 
30 0 0.000157636599346866 
31 0 0.00015930617408666 
32 0 0.000163480245109926 
33 0 0.000182683441090514 
34 0 0.000189363764725003 
35 0 0.000196044579382604 
36 0 0.000200220337924772 
37 0 0.000215254657358166 
38 0 0.000231126915174573 
39 0 0.000259536822839412 
40 0 0.000277924437637966 
41 0 0.000298823971172202 
42 0 0.000314710831614828 
43 0 0.000357368246952983 
44 0 0.000385817651945008 
45 0 0.000436044221624798 
46 0 0.000482109644590722 
47 0 0.000529874829445887 
48 0 0.00058772945881469 
49 0 0.000651496063618806 
50 0 0.000701869754142659 
51 0 0.000773280331120896 
52 0 0.000812790294873467 
53 0 0.000895228089581646 
54 0 0.000958368819830469 
55 0 0.00105864227934271 
56 0 0.00113624057604444 
57 0 0.00126881709029036 
58 0 0.00140158747515007 
59 0 0.00156337293453479 
60 0 0.00167025859443759 
61 0 0.00189036413476762 
62 0 0.00196782543492602 
63 0 0.0021502482331851 
64 0 0.00229884418753978 
65 0 0.00244511571538997 
66 0 0.00269629448797448 
67 0 0.00291374390998522 
68 0 0.00317226691962547 
69 0 0.00341595285880669 
70 0 0.00369240419303674 
71 0 0.00415794794739122 
72 0 0.00432648103921873 
73 0 0.00482694013467511 
74 0 0.00524008110071184 
75 0 0.00552659821817159 
76 0 0.00581224920085455 
77 0 0.00643009969738539 
78 0 0.00691448839532582 
79 0 0.00721539779238389 
80 0 0.00774577724876069 
81 0 0.00875354355864211 
82 0 0.00930970042890855 
83 0 0.0101150087611006 
84 0 0.0109106633661435 
85 0 0.0122233434301114 
86 0 0.0131574338453669 
87 0 0.0142095578370417 
88 0 0.0148753053246024 
89 0 0.0166107423432127 
90 0 0.0175565445423632 
91 0 0.0188683317320609 
92 0 0.0203176428345672 
93 0 0.0221345758146528 
94 0 0.0233884446761028 
95 0 0.0255276401057322 
96 0 0.0264349053162131 
97 0 0.0281351347369999 
98 0 0.0298896681512762 
99 0 0.0316928800025822 
100 0 0.0335422936261374 
101 0 0.0354289972727148 
102 0 0.0373470564166688 
103 0 0.0392912601969033 
104 0 0.0412519115112676 
105 0 0.0432224516973625 
106 0 0.0451943098778188 
107 0 0.0471623701861522 
108 0 0.0491152597749743 
109 0 0.0510465318412558 
110 0 0.0529507463731864 
111 0 0.0833333333333333 
