** Period (Monthly) Age-Specific Probabilities of Death for USA in 1938 
* Retrieved from the Human Mortality Database (Life tables), www.mortality.org. 
* Max Planck Institute for Demographic Research (Germany), 
* University of California, Berkeley (USA), 
* and French Institute for Demographic Studies (France) 
* Data downloaded on  31 Mar 2023 06:30:43 CEST 
** NB: The original HMD annual probabilities have been converted into monthly probabilities 
** The open age interval (110+) is limited to one year [110-111) 

death 1 F single 
1 0 0.00416667252888192 
2 0 0.000616251091789088 
3 0 0.000277088556254523 
4 0 0.00018602354153463 
5 0 0.000148454486411209 
6 0 0.000121748157967727 
7 0 0.000107563611807859 
8 0 0.0000958838826297104 
9 0 0.0000867080052475711 
10 0 0.000079201158088904 
11 0 0.0000733629277510639 
12 0 0.0000725289254539518 
13 0 0.0000758649805536749 
14 0 0.0000842056539793745 
15 0 0.000097552323490957 
16 0 0.000113404039220888 
17 0 0.000130093042745694 
18 0 0.000145950434766062 
19 0 0.000160975779494144 
20 0 0.000174333726933429 
21 0 0.00018602354153463 
22 0 0.000196044579382604 
23 0 0.00020523150142393 
24 0 0.000213584054607918 
25 0 0.000221102008810981 
26 0 0.00022778515685884 
27 0 0.000234468796364018 
28 0 0.0002411529274019 
29 0 0.000247001945330005 
30 0 0.000251180045748089 
31 0 0.000255358338245082 
32 0 0.000261208270468494 
33 0 0.000270401781932272 
34 0 0.000283775822591648 
35 0 0.000299660052488715 
36 0 0.000320564585597816 
37 0 0.000340637462264981 
38 0 0.000361551424450379 
39 0 0.000382470200815832 
40 0 0.000402556757458705 
41 0 0.00042097333557034 
42 0 0.000439393646883834 
43 0 0.000459492791513805 
44 0 0.000481271882970646 
45 0 0.000507246085562962 
46 0 0.00053741899660642 
47 0 0.000575149231300531 
48 0 0.000618768136389614 
49 0 0.000667444710466092 
50 0 0.000722027053892349 
51 0 0.000780004217844743 
52 0 0.000840541606009881 
53 0 0.000901961009856067 
54 0 0.00096679090138907 
55 0 0.00103250995577886 
56 0 0.00109912007409596 
57 0 0.00116915552981744 
58 0 0.00124600352053983 
59 0 0.00133221821130503 
60 0 0.00143036589355838 
61 0 0.00154302802450834 
62 0 0.00167365385231055 
63 0 0.00182572181840779 
64 0 0.00199933960940191 
65 0 0.00219804565856041 
66 0 0.00242371625963012 
67 0 0.0026628209645766 
68 0 0.00291202289521608 
69 0 0.00316795215424381 
70 0 0.00342806783560479 
71 0 0.0036984799935379 
72 0 0.00401324257800062 
73 0 0.00439118325656618 
74 0 0.00485155237459944 
75 0 0.00541683624796008 
76 0 0.0060408873196508 
77 0 0.00659934035186283 
78 0 0.00715315161073948 
79 0 0.00775122391297423 
80 0 0.00839259369691603 
81 0 0.00866271196518609 
82 0 0.00935774241025855 
83 0 0.0101914600731129 
84 0 0.0111790252794526 
85 0 0.0122796501951214 
86 0 0.0134364730832528 
87 0 0.0146319297583291 
88 0 0.0158197184316838 
89 0 0.016966132181467 
90 0 0.0180561359401139 
91 0 0.0189927564856069 
92 0 0.0198218749014941 
93 0 0.0205613288328659 
94 0 0.0210886294854685 
95 0 0.0215703349287309 
96 0 0.0251485707181356 
97 0 0.0266769253224431 
98 0 0.028254984697446 
99 0 0.0298803602151683 
100 0 0.0315469248558371 
101 0 0.0332528993754817 
102 0 0.0349914128085049 
103 0 0.036758785596775 
104 0 0.0385497230348749 
105 0 0.0403584585888462 
106 0 0.0421773729469003 
107 0 0.0440022792524458 
108 0 0.0458258324552228 
109 0 0.0476414870687623 
110 0 0.0494450716381012 
111 0 0.0833333333333333 

death 1 M single 
1 0 0.00528865433401415 
2 0 0.000686754713951743 
3 0 0.000316383294278633 
4 0 0.000221102008810981 
5 0 0.000172663876141788 
6 0 0.000141777168646939 
7 0 0.000129258519792286 
8 0 0.000118410418553538 
9 0 0.000110066606177961 
10 0 0.000102557829824601 
11 0 0.0000967180992323957 
12 0 0.0000958838826297104 
13 0 0.000100889297087292 
14 0 0.000110066606177961 
15 0 0.000125086019946985 
16 0 0.00014344645210207 
17 0 0.000161810593698575 
18 0 0.000179343463383219 
19 0 0.00019687971574367 
20 0 0.000211913482563775 
21 0 0.000224443521407491 
22 0 0.000234468796364018 
23 0 0.000242824036972289 
24 0 0.000249508782532493 
25 0 0.000255358338245082 
26 0 0.000261208270468494 
27 0 0.000267894368393584 
28 0 0.000276252682558709 
29 0 0.000283775822591648 
30 0 0.000292135597524501 
31 0 0.000301332238197172 
32 0 0.000312202195326683 
33 0 0.000326418716656729 
34 0 0.000343983372797285 
35 0 0.000364898105095768 
36 0 0.000389165226386101 
37 0 0.000415950262280695 
38 0 0.000445255438177972 
39 0 0.000476245475447445 
40 0 0.000510598136479801 
41 0 0.000544963790214736 
42 0 0.00057934244693103 
43 0 0.000613734116920339 
44 0 0.00065065673870468 
45 0 0.000690953083971824 
46 0 0.000737988088850616 
47 0 0.000792612847083429 
48 0 0.000856523480591731 
49 0 0.000927213906996571 
50 0 0.00100554253912766 
51 0 0.00109068571217974 
52 0 0.00117928560872871 
53 0 0.00126966214741298 
54 0 0.00136182055989442 
55 0 0.00145407261975428 
56 0 0.00154472325951605 
57 0 0.00163970698797189 
58 0 0.00174158569779459 
59 0 0.00185378453615026 
60 0 0.00198145184277365 
61 0 0.00212721204146771 
62 0 0.00229286148731933 
63 0 0.00248193459562773 
64 0 0.00269629448797448 
65 0 0.00294214537233339 
66 0 0.00321715266251277 
67 0 0.0035016578503938 
68 0 0.00378966594553265 
69 0 0.00407597795243464 
70 0 0.00435532901699398 
71 0 0.00463729899439602 
72 0 0.00497383379433025 
73 0 0.00538941656309577 
74 0 0.00590203410936252 
75 0 0.00653662164469593 
76 0 0.00724337745057824 
77 0 0.00786567990061504 
78 0 0.00848040777079295 
79 0 0.00912700554279033 
80 0 0.00980056396227413 
81 0 0.0103090607748662 
82 0 0.0110649913021023 
83 0 0.0119727774212681 
84 0 0.0130456755922332 
85 0 0.0142515103737539 
86 0 0.0155232700549319 
87 0 0.0168244092304513 
88 0 0.0180887267191494 
89 0 0.0192968356564021 
90 0 0.0204263301634505 
91 0 0.0213724778688106 
92 0 0.022079162166823 
93 0 0.0224463880329304 
94 0 0.0224656451770505 
95 0 0.022563064667947 
96 0 0.0276811816919686 
97 0 0.0292266138124591 
98 0 0.0308113492034593 
99 0 0.0324346919845053 
100 0 0.0340909994837248 
101 0 0.0357754184381661 
102 0 0.0374839600594333 
103 0 0.0392122936610372 
104 0 0.0409543955386884 
105 0 0.0427050775175122 
106 0 0.0444587129207459 
107 0 0.0462106104691677 
108 0 0.0479542692905253 
109 0 0.0496841354571586 
110 0 0.0513972184579311 
111 0 0.0833333333333333 
