** Period (Monthly) Age-Specific Probabilities of Death for USA in 1998 
* Retrieved from the Human Mortality Database (Life tables), www.mortality.org. 
* Max Planck Institute for Demographic Research (Germany), 
* University of California, Berkeley (USA), 
* and French Institute for Demographic Studies (France) 
* Data downloaded on  31 Mar 2023 06:10:15 CEST 
** NB: The original HMD annual probabilities have been converted into monthly probabilities 
** The open age interval (110+) is limited to one year [110-111) 

death 1 F single 
1 0 0.000569279054520644 
2 0 0.0000425099376131222 
3 0 0.0000266705785775256 
4 0 0.0000200022003373768 
5 0 0.0000158347123201397 
6 0 0.0000141677706060328 
7 0 0.0000116674153447516 
8 0 0.000012500859457365 
9 0 0.0000116674153447516 
10 0 0.0000108339788730261 
11 0 0.0000108339788730261 
12 0 0.0000116674153447516 
13 0 0.000012500859457365 
14 0 0.0000150012376423092 
15 0 0.0000191686874497776 
16 0 0.0000233363283135279 
17 0 0.0000333394460065861 
18 0 0.0000358403974268784 
19 0 0.0000391751063537615 
20 0 0.0000358403974268784 
21 0 0.0000358403974268784 
22 0 0.0000375077365993848 
23 0 0.0000375077365993848 
24 0 0.0000391751063537615 
25 0 0.0000383414176537977 
26 0 0.0000408425066913409 
27 0 0.0000433436645435048 
28 0 0.0000441773991204375 
29 0 0.0000441773991204375 
30 0 0.0000500137552731372 
31 0 0.0000525151654794387 
32 0 0.0000608536966506534 
33 0 0.0000608536966506534 
34 0 0.0000691929927806312 
35 0 0.0000758649805536749 
36 0 0.0000800352216044908 
37 0 0.0000867080052475711 
38 0 0.0000967180992323957 
39 0 0.000104226393189744 
40 0 0.000110900952950965 
41 0 0.00011590719442045 
42 0 0.000130093042745694 
43 0 0.000138438693701781 
44 0 0.000155132294736626 
45 0 0.000165149927191854 
46 0 0.000170994056027163 
47 0 0.00018435347596979 
48 0 0.000200220337924772 
49 0 0.000228620584918904 
50 0 0.000235304285861493 
51 0 0.000262044005810314 
52 0 0.000282939887389921 
53 0 0.000323073452733302 
54 0 0.000354021843591124 
55 0 0.000371591836153429 
56 0 0.00042097333557034 
57 0 0.00047959638290207 
58 0 0.000509760112157309 
59 0 0.000560055257209369 
60 0 0.000605344704256772 
61 0 0.000666605238195506 
62 0 0.000746389760107324 
63 0 0.000813631119139013 
64 0 0.000901119367526571 
65 0 0.000983637407878435 
66 0 0.00109574623532316 
67 0 0.00118350680851098 
68 0 0.00121812805082111 
69 0 0.00136097464454166 
70 0 0.0014684690103336 
71 0 0.00162782858453081 
72 0 0.00182657207629688 
73 0 0.00203683017938905 
74 0 0.00218950855667577 
75 0 0.00235527191385321 
76 0 0.00251362792777365 
77 0 0.00279850810355919 
78 0 0.00312050328894453 
79 0 0.00343845339101689 
80 0 0.0037097647044807 
81 0 0.00437981330133053 
82 0 0.00487441259447452 
83 0 0.00539295411974494 
84 0 0.00596965389349668 
85 0 0.00673567971389211 
86 0 0.00746300290195956 
87 0 0.00828020678309438 
88 0 0.0093753026058655 
89 0 0.0102913174912608 
90 0 0.0114377869354545 
91 0 0.0129023279787144 
92 0 0.0140955072269713 
93 0 0.0157819881956663 
94 0 0.0176102281801339 
95 0 0.0194228941896557 
96 0 0.0210043879893883 
97 0 0.0229817908948444 
98 0 0.0250736121587107 
99 0 0.0272724615543841 
100 0 0.0295702699685365 
101 0 0.0319581165830531 
102 0 0.0344211412181683 
103 0 0.036946451215697 
104 0 0.0395169021153158 
105 0 0.0421171523483025 
106 0 0.0447284900109022 
107 0 0.0473326718827685 
108 0 0.0499106896182953 
109 0 0.0524473677601227 
110 0 0.0549259510952796 
111 0 0.0833333333333333 

death 1 M single 
1 0 0.000679198136817494 
2 0 0.0000483461867075707 
3 0 0.0000333394460065861 
4 0 0.0000241698794146705 
5 0 0.0000191686874497776 
6 0 0.0000191686874497776 
7 0 0.0000166681946396352 
8 0 0.0000166681946396352 
9 0 0.0000141677706060328 
10 0 0.0000150012376423092 
11 0 0.0000158347123201397 
12 0 0.0000158347123201397 
13 0 0.0000216692490401238 
14 0 0.0000250034381590325 
15 0 0.0000300049511388067 
16 0 0.0000425099376131222 
17 0 0.0000650232490866376 
18 0 0.000080869292772956 
19 0 0.000107563611807859 
20 0 0.000110900952950965 
21 0 0.000112569669472262 
22 0 0.000120913711624038 
23 0 0.00011590719442045 
24 0 0.000112569669472262 
25 0 0.000112569669472262 
26 0 0.000107563611807859 
27 0 0.000105894987183719 
28 0 0.000110066606177961 
29 0 0.000106729295667018 
30 0 0.000108397935606575 
31 0 0.000111735307382288 
32 0 0.000121748157967727 
33 0 0.000127589496870306 
34 0 0.000140107915847287 
35 0 0.000144281105325716 
36 0 0.000151793329249084 
37 0 0.000163480245109926 
38 0 0.000173498797702898 
39 0 0.000189363764725003 
40 0 0.000199385170868593 
41 0 0.000211078208056104 
42 0 0.000236975287897678 
43 0 0.000253686998195723 
44 0 0.000279596223468848 
45 0 0.000303840574450209 
46 0 0.000315547059099419 
47 0 0.000349002469585802 
48 0 0.000369081629227441 
49 0 0.000403393793679041 
50 0 0.000420136137406546 
51 0 0.000444418016270154 
52 0 0.000493001248598079 
53 0 0.000535742460881616 
54 0 0.000591084480360493 
55 0 0.000617090098907869 
56 0 0.00070019018103662 
57 0 0.000774120789743704 
58 0 0.000838018409161312 
59 0 0.000933107260081556 
60 0 0.000988691969243782 
61 0 0.00107550583455618 
62 0 0.00123924504500872 
63 0 0.00135420760545679 
64 0 0.00146084710738592 
65 0 0.00158457039943372 
66 0 0.00174413413144814 
67 0 0.00190653191192602 
68 0 0.00200359912131942 
69 0 0.00223988907600947 
70 0 0.00241430209856075 
71 0 0.00266539541228128 
72 0 0.00299380720575704 
73 0 0.00324219475664678 
74 0 0.00345230265046292 
75 0 0.00376099760947357 
76 0 0.00403763450305983 
77 0 0.00447343931027433 
78 0 0.00481024278437125 
79 0 0.00541418236662938 
80 0 0.0057811564171163 
81 0 0.00676261313930226 
82 0 0.00736261384417125 
83 0 0.00823547375518507 
84 0 0.00922845694906671 
85 0 0.00992881407888069 
86 0 0.0108242049930578 
87 0 0.0120032272131262 
88 0 0.0131728597080366 
89 0 0.0144635245215857 
90 0 0.016126120521309 
91 0 0.0173946761907561 
92 0 0.018917669542472 
93 0 0.0207783832636117 
94 0 0.0225116652533575 
95 0 0.0249007878394276 
96 0 0.0263432003919946 
97 0 0.0283932994636067 
98 0 0.0305214082998744 
99 0 0.032718997752394 
100 0 0.0349766176228018 
101 0 0.0372824818469427 
102 0 0.0396247416536311 
103 0 0.0419901565684007 
104 0 0.044365312216801 
105 0 0.0467366640703841 
106 0 0.0490906107866427 
107 0 0.0514135988523052 
108 0 0.0536953179608678 
109 0 0.0559214245162772 
110 0 0.0580827952878722 
111 0 0.0833333333333333 
