** Period (Monthly) Age-Specific Probabilities of Death for USA in 1995 
* Retrieved from the Human Mortality Database (Life tables), www.mortality.org. 
* Max Planck Institute for Demographic Research (Germany), 
* University of California, Berkeley (USA), 
* and French Institute for Demographic Studies (France) 
* Data downloaded on  02 Apr 2023 10:05:01 PDT 
** NB: The original HMD annual probabilities have been converted into monthly probabilities 
** The open age interval (110+) is limited to one year [110-111) 

death 1 F single 
1 0 0.000583535856096162 
2 0 0.0000483461867075707 
3 0 0.0000300049511388067 
4 0 0.0000233363283135279 
5 0 0.0000191686874497776 
6 0 0.0000150012376423092 
7 0 0.0000150012376423092 
8 0 0.0000150012376423092 
9 0 0.000012500859457365 
10 0 0.0000116674153447516 
11 0 0.000012500859457365 
12 0 0.0000133343112110884 
13 0 0.0000141677706060328 
14 0 0.0000183351822042876 
15 0 0.0000216692490401238 
16 0 0.0000275041602521009 
17 0 0.0000375077365993848 
18 0 0.0000408425066913409 
19 0 0.0000425099376131222 
20 0 0.0000400088026996093 
21 0 0.0000408425066913409 
22 0 0.0000391751063537615 
23 0 0.0000408425066913409 
24 0 0.0000425099376131222 
25 0 0.0000416762183291786 
26 0 0.0000450111413439203 
27 0 0.0000475124138960004 
28 0 0.0000525151654794387 
29 0 0.0000575181923953005 
30 0 0.0000575181923953005 
31 0 0.0000625214946752273 
32 0 0.000070860943814588 
33 0 0.0000716949308086079 
34 0 0.0000766990134587475 
35 0 0.0000833715521976197 
36 0 0.0000900445807636707 
37 0 0.0000958838826297104 
38 0 0.000105060686358072 
39 0 0.00011590719442045 
40 0 0.000116741594805347 
41 0 0.000123417073636167 
42 0 0.000138438693701781 
43 0 0.000147619794864662 
44 0 0.000160140972956802 
45 0 0.000166819639945581 
46 0 0.000175168663833603 
47 0 0.000191869012675761 
48 0 0.000216925290815517 
49 0 0.000237810800436611 
50 0 0.000256194019795597 
51 0 0.000279596223468848 
52 0 0.000311365998618696 
53 0 0.000346492886541427 
54 0 0.000373265345959606 
55 0 0.00040925326311303 
56 0 0.000442743195606776 
57 0 0.000496352774039144 
58 0 0.000534904204619657 
59 0 0.000604505805596012 
60 0 0.000643942418526833 
61 0 0.000705228993514995 
62 0 0.000802701010725881 
63 0 0.000881763746147901 
64 0 0.000937317032136842 
65 0 0.000981952616601722 
66 0 0.00109490279521529 
67 0 0.00115987061682765 
68 0 0.00127980344642931 
69 0 0.0014261332009935 
70 0 0.00155404761804179 
71 0 0.00170591513877327 
72 0 0.0018546350570311 
73 0 0.00203001255969792 
74 0 0.00220914509233383 
75 0 0.00236125873241788 
76 0 0.00264480187714977 
77 0 0.00283289151686372 
78 0 0.00313947985395824 
79 0 0.0034202794502628 
80 0 0.00378879707473112 
81 0 0.00438243701038499 
82 0 0.0048427615202421 
83 0 0.00540799027976835 
84 0 0.00592694077516998 
85 0 0.00668721978346376 
86 0 0.00738250190233258 
87 0 0.00828385943889953 
88 0 0.00922937975889571 
89 0 0.0101905273487057 
90 0 0.0114321126362971 
91 0 0.0126604076310703 
92 0 0.0139193553779361 
93 0 0.0153640498153571 
94 0 0.0171211790123417 
95 0 0.0191915790891674 
96 0 0.0205833247447336 
97 0 0.0225041719887815 
98 0 0.0245375259471501 
99 0 0.0266758033329565 
100 0 0.0289119038995015 
101 0 0.0312380142592421 
102 0 0.0336418037221512 
103 0 0.0361094755580463 
104 0 0.0386268074152109 
105 0 0.0411790915589361 
106 0 0.043747010866751 
107 0 0.0463158469203396 
108 0 0.0488661935749846 
109 0 0.0513838186309663 
110 0 0.0538499108200255 
111 0 0.0833333333333333 

death 1 M single 
1 0 0.000711947844934002 
2 0 0.0000575181923953005 
3 0 0.0000391751063537615 
4 0 0.0000291713465325749 
5 0 0.0000241698794146705 
6 0 0.0000200022003373768 
7 0 0.0000183351822042876 
8 0 0.0000175016846010179 
9 0 0.0000191686874497776 
10 0 0.0000175016846010179 
11 0 0.0000166681946396352 
12 0 0.0000191686874497776 
13 0 0.0000225027848553827 
14 0 0.0000283377495704507 
15 0 0.0000416762183291786 
16 0 0.0000541828105240505 
17 0 0.0000833715521976197 
18 0 0.000101723559627565 
19 0 0.000123417073636167 
20 0 0.000129258519792286 
21 0 0.000128424004500527 
22 0 0.0001367695022092 
23 0 0.000133431211178481 
24 0 0.000131762111637901 
25 0 0.000126754996901401 
26 0 0.00012425154296114 
27 0 0.000131762111637901 
28 0 0.000135934917957492 
29 0 0.000150123892499576 
30 0 0.0001542975418658 
31 0 0.000165984779734729 
32 0 0.00018435347596979 
33 0 0.000187693637785924 
34 0 0.000194374329680724 
35 0 0.00020523150142393 
36 0 0.000211078208056104 
37 0 0.000228620584918904 
38 0 0.0002411529274019 
39 0 0.000261208270468494 
40 0 0.000264551257946888 
41 0 0.000274580958229742 
42 0 0.000305512837081023 
43 0 0.000323073452733302 
44 0 0.000338128110205616 
45 0 0.000341473928349267 
46 0 0.000364898105095768 
47 0 0.000389165226386101 
48 0 0.000412601701002879 
49 0 0.000436881566365344 
50 0 0.000456142625328448 
51 0 0.000497190674715542 
52 0 0.00055837830375205 
53 0 0.000591084480360493 
54 0 0.000668284190493806 
55 0 0.000693472199118195 
56 0 0.000758153405463147 
57 0 0.000838018409161312 
58 0 0.000904485983639791 
59 0 0.00099795939577596 
60 0 0.00107803563795417 
61 0 0.00121390524126508 
62 0 0.00135251592449592 
63 0 0.00145830661527757 
64 0 0.00156845987464871 
65 0 0.00167874697729087 
66 0 0.00182742234215294 
67 0 0.00197038023051599 
68 0 0.00217329027629476 
69 0 0.00240745604972326 
70 0 0.00263793840473536 
71 0 0.00287502897888547 
72 0 0.00312826594889781 
73 0 0.00331217659923588 
74 0 0.00361865911913606 
75 0 0.00391400037890077 
76 0 0.00430987576720077 
77 0 0.00458118527226481 
78 0 0.00516594684015037 
79 0 0.005534570002105 
80 0 0.00595986368723633 
81 0 0.00704319808470955 
82 0 0.00763509967681641 
83 0 0.00847674714256408 
84 0 0.0092238430417354 
85 0 0.0101774702220661 
86 0 0.0111705384320797 
87 0 0.0123646543786438 
88 0 0.0133920004038462 
89 0 0.0145623752714953 
90 0 0.015955878105112 
91 0 0.0173037539799815 
92 0 0.0188806636262813 
93 0 0.0207363991085847 
94 0 0.0230151590954479 
95 0 0.0240580216113668 
96 0 0.0260664256762734 
97 0 0.0280370928804911 
98 0 0.0300806976668719 
99 0 0.0321907068666414 
100 0 0.0343599101199382 
101 0 0.0365765433065003 
102 0 0.0388314104558253 
103 0 0.0411116219197123 
104 0 0.0434055519121909 
105 0 0.0457016690220363 
106 0 0.0479871842451983 
107 0 0.0502494350497973 
108 0 0.052477517806536 
109 0 0.0546595416985661 
110 0 0.0567873714934708 
111 0 0.0833333333333333 
