** Period (Monthly) Age-Specific Probabilities of Death for USA in 1970 
* Retrieved from the Human Mortality Database (Life tables), www.mortality.org. 
* Max Planck Institute for Demographic Research (Germany), 
* University of California, Berkeley (USA), 
* and French Institute for Demographic Studies (France) 
* Data downloaded on  31 Mar 2023 06:10:10 CEST 
** NB: The original HMD annual probabilities have been converted into monthly probabilities 
** The open age interval (110+) is limited to one year [110-111) 

death 1 F single 
1 0 0.00153285727928487 
2 0 0.0000992207949763735 
3 0 0.0000633554051622243 
4 0 0.0000491799671665794 
5 0 0.0000400088026996093 
6 0 0.0000366740631904117 
7 0 0.0000333394460065861 
8 0 0.0000258370045466139 
9 0 0.0000250034381590325 
10 0 0.0000233363283135279 
11 0 0.0000216692490401238 
12 0 0.0000216692490401238 
13 0 0.0000233363283135279 
14 0 0.0000266705785775256 
15 0 0.0000300049511388067 
16 0 0.0000375077365993848 
17 0 0.0000441773991204375 
18 0 0.0000516813544294559 
19 0 0.0000591859292243813 
20 0 0.000064189323299324 
21 0 0.0000608536966506534 
22 0 0.0000625214946752273 
23 0 0.0000625214946752273 
24 0 0.0000625214946752273 
25 0 0.0000608536966506534 
26 0 0.0000650232490866376 
27 0 0.000070860943814588 
28 0 0.000070860943814588 
29 0 0.0000775330540162544 
30 0 0.000079201158088904 
31 0 0.000080869292772956 
32 0 0.0000892104254029968 
33 0 0.0000958838826297104 
34 0 0.000107563611807859 
35 0 0.000116741594805347 
36 0 0.000133431211178481 
37 0 0.0001367695022092 
38 0 0.000149289185622847 
39 0 0.000165149927191854 
40 0 0.000179343463383219 
41 0 0.000195209450695066 
42 0 0.000204396288320696 
43 0 0.000235304285861493 
44 0 0.000243659603279878 
45 0 0.000268730165220221 
46 0 0.000305512837081023 
47 0 0.000328927745411711 
48 0 0.000352348688118842 
49 0 0.000360714773546156 
50 0 0.00041678742188056 
51 0 0.000443580602079829 
52 0 0.000467031117069472 
53 0 0.000511436168531554 
54 0 0.000554186055514827 
55 0 0.000605344704256772 
56 0 0.000648978112138598 
57 0 0.000682556537945356 
58 0 0.000760674384816196 
59 0 0.000806904742933212 
60 0 0.000880080843549624 
61 0 0.000928055791168059 
62 0 0.000977740775142899 
63 0 0.00112527157558184 
64 0 0.00118012983298654 
65 0 0.00126628196611334 
66 0 0.00146677519881655 
67 0 0.00150574086220534 
68 0 0.00166346845972065 
69 0 0.00178746845666045 
70 0 0.00211185782956225 
71 0 0.00228517002398931 
72 0 0.00226808021805236 
73 0 0.00273407433148143 
74 0 0.00293612007603017 
75 0 0.00338567250251909 
76 0 0.00370716041562125 
77 0 0.00403763450305983 
78 0 0.0043343477577481 
79 0 0.00491575150340284 
80 0 0.00538322617197284 
81 0 0.00604534127383105 
82 0 0.00637018038628567 
83 0 0.00723435080659873 
84 0 0.00806131778826435 
85 0 0.00893548188307669 
86 0 0.00991021577909235 
87 0 0.0108119947493108 
88 0 0.0118852917252983 
89 0 0.0128696498492329 
90 0 0.0138658970749542 
91 0 0.0161121703614979 
92 0 0.0164795853684656 
93 0 0.0182947311137699 
94 0 0.0199309985544224 
95 0 0.0218993059721658 
96 0 0.0229850195277215 
97 0 0.0247919824172077 
98 0 0.0266802913762677 
99 0 0.0286453371259905 
100 0 0.0306797597986613 
101 0 0.0327766907646362 
102 0 0.0349273183496348 
103 0 0.0371218852433575 
104 0 0.0393508559889757 
105 0 0.0416022967653276 
106 0 0.0438643139242347 
107 0 0.0461265131735817 
108 0 0.0483759540271863 
109 0 0.0505998411234146 
110 0 0.0527901922708386 
111 0 0.0833333333333333 

death 1 M single 
1 0 0.00197038023051599 
2 0 0.000112569669472262 
3 0 0.000079201158088904 
4 0 0.0000658571825241649 
5 0 0.0000533489841776369 
6 0 0.0000500137552731372 
7 0 0.0000441773991204375 
8 0 0.0000400088026996093 
9 0 0.0000383414176537977 
10 0 0.0000366740631904117 
11 0 0.0000341730888351321 
12 0 0.0000350067393084519 
13 0 0.0000391751063537615 
14 0 0.0000458448912142861 
15 0 0.0000600198091127435 
16 0 0.0000775330540162544 
17 0 0.000107563611807859 
18 0 0.000134265772442244 
19 0 0.000165149927191854 
20 0 0.000177673520552979 
21 0 0.000179343463383219 
22 0 0.00019103392235309 
23 0 0.000198550011486498 
24 0 0.000176838560643211 
25 0 0.000176838560643211 
26 0 0.000173498797702898 
27 0 0.000167654507824855 
28 0 0.000162645415570539 
29 0 0.000168489383372439 
30 0 0.000165984779734729 
31 0 0.000171828962249876 
32 0 0.000185188504916445 
33 0 0.00019103392235309 
34 0 0.000196044579382604 
35 0 0.000209407682068785 
36 0 0.000228620584918904 
37 0 0.000242824036972289 
38 0 0.000257029709030077 
39 0 0.000272909264649956 
40 0 0.00030718513048289 
41 0 0.000340637462264981 
42 0 0.000351512121934405 
43 0 0.000408416172918757 
44 0 0.000436881566365344 
45 0 0.000484622975796212 
46 0 0.000532389482234108 
47 0 0.000566763380568935 
48 0 0.000623802434801979 
49 0 0.000681716926024034 
50 0 0.000753951928672225 
51 0 0.000819517106936729 
52 0 0.000859888444115109 
53 0 0.000993746811937424 
54 0 0.00105189773397973 
55 0 0.00119110546266976 
56 0 0.00130093479161597 
57 0 0.00141343630729085 
58 0 0.00155404761804179 
59 0 0.00165922488348236 
60 0 0.00182062043837028 
61 0 0.00197719337047697 
62 0 0.00205643369029385 
63 0 0.00234843031936793 
64 0 0.00253162096401038 
65 0 0.00271432381309633 
66 0 0.00302223377064559 
67 0 0.00312050328894453 
68 0 0.00339605319891756 
69 0 0.00358571014365738 
70 0 0.0040620330010479 
71 0 0.00429239982379603 
72 0 0.00428191587703675 
73 0 0.00493862795416944 
74 0 0.00533371829407747 
75 0 0.00588158019628371 
76 0 0.00626117555538919 
77 0 0.00667376330569669 
78 0 0.00711798796594465 
79 0 0.00773670020584016 
80 0 0.00831491298971643 
81 0 0.00897872327057669 
82 0 0.00952146228163919 
83 0 0.010464230064581 
84 0 0.0113158683846979 
85 0 0.012395237360793 
86 0 0.0133804024610218 
87 0 0.0145888192061756 
88 0 0.0154025927064837 
89 0 0.0165446392073119 
90 0 0.017828333018466 
91 0 0.0194973731192 
92 0 0.0202278668558836 
93 0 0.0222508435580259 
94 0 0.0234219660638183 
95 0 0.0254335503681813 
96 0 0.0265300657029699 
97 0 0.0281967515522918 
98 0 0.0299152700421432 
99 0 0.0316821921483817 
100 0 0.0334913686550733 
101 0 0.0353373441482003 
102 0 0.0372141606646059 
103 0 0.0391153014056748 
104 0 0.0410336339019844 
105 0 0.0429627046121149 
106 0 0.0448940742184996 
107 0 0.0468199434812583 
108 0 0.048736153604387 
109 0 0.0506323035369212 
110 0 0.052503153645946 
111 0 0.0833333333333333 
