** Period (Monthly) Age-Specific Probabilities of Death for USA in 1962 
* Retrieved from the Human Mortality Database (Life tables), www.mortality.org. 
* Max Planck Institute for Demographic Research (Germany), 
* University of California, Berkeley (USA), 
* and French Institute for Demographic Studies (France) 
* Data downloaded on  31 Mar 2023 06:10:09 CEST 
** NB: The original HMD annual probabilities have been converted into monthly probabilities 
** The open age interval (110+) is limited to one year [110-111) 

death 1 F single 
1 0 0.00182827261597618 
2 0 0.000127589496870306 
3 0 0.0000775330540162544 
4 0 0.0000575181923953005 
5 0 0.0000441773991204375 
6 0 0.0000433436645435048 
7 0 0.0000358403974268784 
8 0 0.0000325058108229248 
9 0 0.0000283377495704507 
10 0 0.0000241698794146705 
11 0 0.0000225027848553827 
12 0 0.0000250034381590325 
13 0 0.0000250034381590325 
14 0 0.0000258370045466139 
15 0 0.0000283377495704507 
16 0 0.0000341730888351321 
17 0 0.0000408425066913409 
18 0 0.0000441773991204375 
19 0 0.0000491799671665794 
20 0 0.0000541828105240505 
21 0 0.0000550166445189015 
22 0 0.0000591859292243813 
23 0 0.0000591859292243813 
24 0 0.0000575181923953005 
25 0 0.000061687591838111 
26 0 0.0000675250723508602 
27 0 0.0000725289254539518 
28 0 0.0000691929927806312 
29 0 0.0000741969376999441 
30 0 0.0000850397634148958 
31 0 0.0000850397634148958 
32 0 0.0000942154723914124 
33 0 0.000103392107678624 
34 0 0.000106729295667018 
35 0 0.000118410418553538 
36 0 0.000128424004500527 
37 0 0.000140942538415234 
38 0 0.000155967055273654 
39 0 0.000162645415570539 
40 0 0.000179343463383219 
41 0 0.000191869012675761 
42 0 0.000202725885138699 
43 0 0.000236975287897678 
44 0 0.000254522664378531 
45 0 0.000264551257946888 
46 0 0.000280432127916508 
47 0 0.000312202195326683 
48 0 0.000360714773546156 
49 0 0.000383307052038151 
50 0 0.000421810541447409 
51 0 0.000460330352360039 
52 0 0.000484622975796212 
53 0 0.00056089374554491 
54 0 0.00054915561294655 
55 0 0.000592762037593619 
56 0 0.000630515266652032 
57 0 0.000685915063229903 
58 0 0.000722027053892349 
59 0 0.000822880699786643 
60 0 0.000893544937494828 
61 0 0.000976898430289919 
62 0 0.00116409091412772 
63 0 0.00134152076653626 
64 0 0.00125783206337748 
65 0 0.00140581902338277 
66 0 0.00158117847236128 
67 0 0.00166601470070726 
68 0 0.00185803722027744 
69 0 0.00198485876452781 
70 0 0.00212038762644862 
71 0 0.00238007702113152 
72 0 0.0024571016166639 
73 0 0.00305842593448735 
74 0 0.00332946439021486 
75 0 0.0036351381024492 
76 0 0.00403066471106928 
77 0 0.00444367849005223 
78 0 0.00486122330111283 
79 0 0.00561166684275205 
80 0 0.00610237128610813 
81 0 0.00675363443816523 
82 0 0.00710176321060818 
83 0 0.00848955999181944 
84 0 0.00913622367772993 
85 0 0.0102343758507339 
86 0 0.0113753893405386 
87 0 0.0123407686701226 
88 0 0.0134529142210578 
89 0 0.0146681978792116 
90 0 0.0161600085419499 
91 0 0.0176487382077007 
92 0 0.0179472468497494 
93 0 0.0208434978607641 
94 0 0.0215300930378959 
95 0 0.0238925995439384 
96 0 0.0257127903273527 
97 0 0.0276630265966745 
98 0 0.029689763681493 
99 0 0.0317831847786805 
100 0 0.0339361388121621 
101 0 0.0361394533376209 
102 0 0.0383829397237742 
103 0 0.0406539447807471 
104 0 0.0429410939878427 
105 0 0.0452317391315792 
106 0 0.0475146968994185 
107 0 0.0497776083933584 
108 0 0.0520098740312001 
109 0 0.0541983795188639 
110 0 0.0563335913510468 
111 0 0.0833333333333333 

death 1 M single 
1 0 0.00240745604972326 
2 0 0.000139273300942766 
3 0 0.0000900445807636707 
4 0 0.0000700269644720031 
5 0 0.0000541828105240505 
6 0 0.0000500137552731372 
7 0 0.0000466786487315352 
8 0 0.0000416762183291786 
9 0 0.0000391751063537615 
10 0 0.0000375077365993848 
11 0 0.0000358403974268784 
12 0 0.0000375077365993848 
13 0 0.0000416762183291786 
14 0 0.0000491799671665794 
15 0 0.000055850486162301 
16 0 0.0000633554051622243 
17 0 0.000087542137645058 
18 0 0.000105060686358072 
19 0 0.000127589496870306 
20 0 0.00014344645210207 
21 0 0.00014344645210207 
22 0 0.0001542975418658 
23 0 0.000148454486411209 
24 0 0.000153462796661064 
25 0 0.000142611806542514 
26 0 0.000142611806542514 
27 0 0.000137604094123889 
28 0 0.000137604094123889 
29 0 0.000140942538415234 
30 0 0.000145115766213677 
31 0 0.000149289185622847 
32 0 0.000155132294736626 
33 0 0.000165149927191854 
34 0 0.000175168663833603 
35 0 0.000188528697419477 
36 0 0.000206901950655758 
37 0 0.000216089970248357 
38 0 0.000246166348294219 
39 0 0.0002637154995494 
40 0 0.000278760326709371 
41 0 0.000313038399728627 
42 0 0.000334782415238655 
43 0 0.000384143910967083 
44 0 0.000405904948601377 
45 0 0.000464518272397019 
46 0 0.000508922095563746 
47 0 0.000543287115269853 
48 0 0.000615412092418444 
49 0 0.000685915063229903 
50 0 0.000763195434133168 
51 0 0.000837177359120589 
52 0 0.000942369016184275 
53 0 0.00105189773397973 
54 0 0.00107719236232429 
55 0 0.00121643890343159 
56 0 0.00125191759933518 
57 0 0.00135843694577442 
58 0 0.00149896302345776 
59 0 0.00166261972859949 
60 0 0.00181721967766446 
61 0 0.00193036336207375 
62 0 0.00226893463187861 
63 0 0.00252219559499967 
64 0 0.0024519646078518 
65 0 0.00271604107868439 
66 0 0.00307911366179969 
67 0 0.00324910413860813 
68 0 0.0035077208695643 
69 0 0.00367070823204263 
70 0 0.00388442287317114 
71 0 0.00412044182482352 
72 0 0.00418325155049504 
73 0 0.00499672494035686 
74 0 0.00535139656748507 
75 0 0.0057491864231991 
76 0 0.00604712291697673 
77 0 0.00665134029783965 
78 0 0.00723254558613573 
79 0 0.00793296784527986 
80 0 0.00845570141472196 
81 0 0.00934942561780072 
82 0 0.00977363606929438 
83 0 0.011298869634621 
84 0 0.0119480445640232 
85 0 0.0131921457671632 
86 0 0.0144400512633861 
87 0 0.0153452785198851 
88 0 0.0170204686304196 
89 0 0.0177988831262316 
90 0 0.0199944556303219 
91 0 0.0213576827315453 
92 0 0.0214729384921595 
93 0 0.0249172851657028 
94 0 0.0252302153720543 
95 0 0.0270445810651336 
96 0 0.0292832191821155 
97 0 0.0311647922031073 
98 0 0.0330958875123945 
99 0 0.0350728309624011 
100 0 0.0370852548647622 
101 0 0.0391269347914076 
102 0 0.0411870325980004 
103 0 0.0432590409155649 
104 0 0.0453330176331245 
105 0 0.0474008864352504 
106 0 0.0494523504023298 
107 0 0.0514776611748271 
108 0 0.0534708117064715 
109 0 0.0554238055835277 
110 0 0.05732807705495 
111 0 0.0833333333333333 
