** Period (Monthly) Age-Specific Probabilities of Death for USA in 2019 
* Retrieved from the Human Mortality Database (Life tables), www.mortality.org. 
* Max Planck Institute for Demographic Research (Germany), 
* University of California, Berkeley (USA), 
* and French Institute for Demographic Studies (France) 
* Data downloaded on  30 Mar 2023 17:43:13 CEST 
** NB: The original HMD annual probabilities have been converted into monthly probabilities 
** The open age interval (110+) is limited to one year [110-111) 

death 1 F single 
1 0 0.000417624589193033 
2 0 0.0000291713465325749 
3 0 0.0000175016846010179 
4 0 0.0000133343112110884 
5 0 0.0000108339788730261 
6 0 0.0000100005500421885 
7 0 0.00000916712885190574 
8 0 0.00000833371530217786 
9 0 0.00000750030939278279 
10 0 0.00000833371530217786 
11 0 0.00000750030939278279 
12 0 0.00000833371530217786 
13 0 0.0000100005500421885 
14 0 0.0000116674153447516 
15 0 0.0000133343112110884 
16 0 0.0000158347123201397 
17 0 0.0000183351822042876 
18 0 0.0000216692490401238 
19 0 0.0000300049511388067 
20 0 0.0000308385633891461 
21 0 0.0000341730888351321 
22 0 0.0000375077365993848 
23 0 0.0000383414176537977 
24 0 0.0000458448912142861 
25 0 0.0000450111413439203 
26 0 0.0000483461867075707 
27 0 0.0000516813544294559 
28 0 0.0000550166445189015 
29 0 0.0000575181923953005 
30 0 0.0000608536966506534 
31 0 0.0000683590287403613 
32 0 0.0000725289254539518 
33 0 0.0000758649805536749 
34 0 0.0000858738805041837 
35 0 0.0000833715521976197 
36 0 0.0000900445807636707 
37 0 0.0000942154723914124 
38 0 0.000100055042203562 
39 0 0.000110900952950965 
40 0 0.000119244841917165 
41 0 0.000120913711624038 
42 0 0.000126754996901401 
43 0 0.000130093042745694 
44 0 0.000142611806542514 
45 0 0.000150123892499576 
46 0 0.000165149927191854 
47 0 0.000178508488132945 
48 0 0.000194374329680724 
49 0 0.000211913482563775 
50 0 0.000229456020658048 
51 0 0.000247837550048202 
52 0 0.000268730165220221 
53 0 0.000292135597524501 
54 0 0.000320564585597816 
55 0 0.000350675563450809 
56 0 0.000384143910967083 
57 0 0.000415950262280695 
58 0 0.000457817692981588 
59 0 0.000491325532234299 
60 0 0.000527360246250774 
61 0 0.000580181113280731 
62 0 0.000622963365694118 
63 0 0.000668284190493806 
64 0 0.000707748504564121 
65 0 0.000758993724140677 
66 0 0.000799338165023977 
67 0 0.000864094823829986 
68 0 0.000929739582922529 
69 0 0.00100217217502307 
70 0 0.00109490279521529 
71 0 0.00121559434152052 
72 0 0.00134913265713799 
73 0 0.00147524457247405 
74 0 0.00163122225545576 
75 0 0.00176367450069981 
76 0 0.00200274720293747 
77 0 0.00220829124151523 
78 0 0.00242799574683439 
79 0 0.00266196283158604 
80 0 0.00298605605331337 
81 0 0.00333724497242649 
82 0 0.00372712854416823 
83 0 0.00418325155049504 
84 0 0.00473119191560989 
85 0 0.00523919819246554 
86 0 0.00588958335009981 
87 0 0.00659127407761639 
88 0 0.00779390083150056 
89 0 0.00872509149577505 
90 0 0.0100712183716586 
91 0 0.0112110939358964 
92 0 0.0125971551476047 
93 0 0.0141218137196187 
94 0 0.0157214544875667 
95 0 0.0177917759865668 
96 0 0.0194435765398762 
97 0 0.0215332693674493 
98 0 0.0237676492887052 
99 0 0.0261377686126201 
100 0 0.0286361595064447 
101 0 0.0312486483290497 
102 0 0.033959289579847 
103 0 0.0367487209587379 
104 0 0.0395961447037186 
105 0 0.0424791023065278 
106 0 0.0453718955627628 
107 0 0.0482509555422412 
108 0 0.0510925153491822 
109 0 0.0538728938695778 
110 0 0.0565704591545909 
111 0 0.0833333333333333 

death 1 M single 
1 0 0.000504732128525753 
2 0 0.0000350067393084519 
3 0 0.0000216692490401238 
4 0 0.0000158347123201397 
5 0 0.000012500859457365 
6 0 0.0000116674153447516 
7 0 0.0000108339788730261 
8 0 0.0000100005500421885 
9 0 0.0000100005500421885 
10 0 0.0000100005500421885 
11 0 0.0000116674153447516 
12 0 0.000012500859457365 
13 0 0.0000133343112110884 
14 0 0.0000150012376423092 
15 0 0.0000208357208674181 
16 0 0.0000291713465325749 
17 0 0.0000408425066913409 
18 0 0.0000525151654794387 
19 0 0.0000750309553007034 
20 0 0.0000850397634148958 
21 0 0.0000933812787555777 
22 0 0.000109232267063164 
23 0 0.000110066606177961 
24 0 0.000111735307382288 
25 0 0.000116741594805347 
26 0 0.000125920504593591 
27 0 0.000130927573360862 
28 0 0.000134265772442244 
29 0 0.000141777168646939 
30 0 0.000147619794864662 
31 0 0.000153462796661064 
32 0 0.000155967055273654 
33 0 0.000157636599346866 
34 0 0.000162645415570539 
35 0 0.000172663876141788 
36 0 0.000177673520552979 
37 0 0.000183518454694553 
38 0 0.000191869012675761 
39 0 0.000201055512655035 
40 0 0.000206901950655758 
41 0 0.000226114323775728 
42 0 0.000222772749752909 
43 0 0.000236139783039269 
44 0 0.000238646320656399 
45 0 0.000253686998195723 
46 0 0.000274580958229742 
47 0 0.000296315773371636 
48 0 0.000322237155992444 
49 0 0.000343983372797285 
50 0 0.000370755092807151 
51 0 0.000403393793679041 
52 0 0.000446092867803172 
53 0 0.000482947413934953 
54 0 0.000513950311063049 
55 0 0.000581019787371906 
56 0 0.000644781681412243 
57 0 0.000691792781259082 
58 0 0.000754792208484734 
59 0 0.000806063980928307 
60 0 0.000880922290951047 
61 0 0.000934791145488556 
62 0 0.00102829576903052 
63 0 0.00111092949702041 
64 0 0.0011877282045385 
65 0 0.00125529724589712 
66 0 0.00135420760545679 
67 0 0.00144814535777016 
68 0 0.0015421804188771 
69 0 0.00161595173547813 
70 0 0.00171101007460861 
71 0 0.00186994579626865 
72 0 0.00201808295786599 
73 0 0.00217329027629476 
74 0 0.00236040344842703 
75 0 0.00258219194256826 
76 0 0.00290169749273816 
77 0 0.00316795215424381 
78 0 0.00347134883974565 
79 0 0.00376881534663875 
80 0 0.0041483518787726 
81 0 0.00460573074419579 
82 0 0.00512184813848848 
83 0 0.00563649361146357 
84 0 0.00627457069906889 
85 0 0.00701888219766322 
86 0 0.0078729518533005 
87 0 0.00865629299341719 
88 0 0.0100423470066132 
89 0 0.0109332314028052 
90 0 0.0122968355617339 
91 0 0.0136863163599183 
92 0 0.0154114895772237 
93 0 0.0172573183389549 
94 0 0.0193536432585238 
95 0 0.0214930442378566 
96 0 0.0230614647835088 
97 0 0.0252677530157001 
98 0 0.0275904434801746 
99 0 0.0300224130976987 
100 0 0.0325485438714775 
101 0 0.0351567954461705 
102 0 0.0378271592910882 
103 0 0.0405421989840022 
104 0 0.0432820864706901 
105 0 0.0460243046532198 
106 0 0.0487491488050351 
107 0 0.0514359407692584 
108 0 0.0540661943430134 
109 0 0.0566210757234706 
110 0 0.0590832621896209 
111 0 0.0833333333333333 
