** Period (Monthly) Age-Specific Probabilities of Death for USA in 1994 
* Retrieved from the Human Mortality Database (Life tables), www.mortality.org. 
* Max Planck Institute for Demographic Research (Germany), 
* University of California, Berkeley (USA), 
* and French Institute for Demographic Studies (France) 
* Data downloaded on  30 Mar 2023 17:56:14 CEST 
** NB: The original HMD annual probabilities have been converted into monthly probabilities 
** The open age interval (110+) is limited to one year [110-111) 

death 1 F single 
1 0 0.000617090098907869 
2 0 0.0000508475510273554 
3 0 0.0000325058108229248 
4 0 0.0000233363283135279 
5 0 0.0000208357208674181 
6 0 0.0000158347123201397 
7 0 0.0000150012376423092 
8 0 0.0000141677706060328 
9 0 0.0000141677706060328 
10 0 0.0000108339788730261 
11 0 0.0000116674153447516 
12 0 0.0000116674153447516 
13 0 0.0000150012376423092 
14 0 0.0000158347123201397 
15 0 0.0000233363283135279 
16 0 0.0000266705785775256 
17 0 0.0000366740631904117 
18 0 0.0000391751063537615 
19 0 0.0000425099376131222 
20 0 0.0000400088026996093 
21 0 0.0000400088026996093 
22 0 0.0000416762183291786 
23 0 0.0000433436645435048 
24 0 0.0000425099376131222 
25 0 0.0000433436645435048 
26 0 0.0000458448912142861 
27 0 0.0000500137552731372 
28 0 0.0000533489841776369 
29 0 0.00005668433545436 
30 0 0.0000575181923953005 
31 0 0.000061687591838111 
32 0 0.0000675250723508602 
33 0 0.0000700269644720031 
34 0 0.000080869292772956 
35 0 0.0000833715521976197 
36 0 0.0000900445807636707 
37 0 0.0000983865554056162 
38 0 0.000103392107678624 
39 0 0.000111735307382288 
40 0 0.000113404039220888 
41 0 0.000121748157967727 
42 0 0.000133431211178481 
43 0 0.000141777168646939 
44 0 0.000153462796661064 
45 0 0.000165149927191854 
46 0 0.000182683441090514 
47 0 0.000201055512655035 
48 0 0.000214419352144724 
49 0 0.000244495177269322 
50 0 0.000257865405948854 
51 0 0.000276252682558709 
52 0 0.000318055787721261 
53 0 0.000353185262004341 
54 0 0.000379959693386556 
55 0 0.000404230837609543 
56 0 0.000436881566365344 
57 0 0.000487136376522423 
58 0 0.000536580724877167 
59 0 0.000615412092418444 
60 0 0.000651496063618806 
61 0 0.000706908659783623 
62 0 0.000816994494034828 
63 0 0.000859047191547391 
64 0 0.000924688301303211 
65 0 0.000992904318617094 
66 0 0.00107803563795417 
67 0 0.00117844139232004 
68 0 0.00130008944337168 
69 0 0.00144729863765058 
70 0 0.00158117847236128 
71 0 0.00169912233589764 
72 0 0.00184017728613417 
73 0 0.00202660394196275 
74 0 0.00221426836603822 
75 0 0.00240403321909355 
76 0 0.0025607601182841 
77 0 0.00288621159399427 
78 0 0.00316795215424381 
79 0 0.00339951369537483 
80 0 0.00382182002678944 
81 0 0.00438593540743748 
82 0 0.00483397152000897 
83 0 0.00534078918870218 
84 0 0.00602663614140531 
85 0 0.00666927825867825 
86 0 0.00737074933818449 
87 0 0.00818437745654743 
88 0 0.0090569785274186 
89 0 0.0101560233405822 
90 0 0.0112073205589333 
91 0 0.0125559691624424 
92 0 0.0136853466300697 
93 0 0.0152504942220326 
94 0 0.017122186689596 
95 0 0.0187553687433167 
96 0 0.0202028292360131 
97 0 0.0220706400551315 
98 0 0.0240471290978498 
99 0 0.026126617488557 
100 0 0.0283052559215143 
101 0 0.030571815310575 
102 0 0.0329162720277055 
103 0 0.0353286792152152 
104 0 0.0377927787163229 
105 0 0.0402955508656418 
106 0 0.0428209827598344 
107 0 0.0453510659345506 
108 0 0.0478713219016952 
109 0 0.0503641174030257 
110 0 0.052815921365683 
111 0 0.0833333333333333 

death 1 M single 
1 0 0.000753111656632388 
2 0 0.0000583520569852336 
3 0 0.0000416762183291786 
4 0 0.0000325058108229248 
5 0 0.0000258370045466139 
6 0 0.0000216692490401238 
7 0 0.0000200022003373768 
8 0 0.0000166681946396352 
9 0 0.0000183351822042876 
10 0 0.0000166681946396352 
11 0 0.0000183351822042876 
12 0 0.0000183351822042876 
13 0 0.0000225027848553827 
14 0 0.0000291713465325749 
15 0 0.0000408425066913409 
16 0 0.0000600198091127435 
17 0 0.0000867080052475711 
18 0 0.000107563611807859 
19 0 0.000130093042745694 
20 0 0.000135934917957492 
21 0 0.000133431211178481 
22 0 0.000140942538415234 
23 0 0.000135100341368544 
24 0 0.000132596657577144 
25 0 0.000130927573360862 
26 0 0.000127589496870306 
27 0 0.000135100341368544 
28 0 0.000137604094123889 
29 0 0.000158471382883385 
30 0 0.000156801823476993 
31 0 0.000170159157473537 
32 0 0.000183518454694553 
33 0 0.000194374329680724 
34 0 0.00020523150142393 
35 0 0.000207737186784573 
36 0 0.000216925290815517 
37 0 0.000224443521407491 
38 0 0.000246166348294219 
39 0 0.0002637154995494 
40 0 0.000264551257946888 
41 0 0.000282103959876823 
42 0 0.000303840574450209 
43 0 0.000322237155992444 
44 0 0.000329764103723651 
45 0 0.000341473928349267 
46 0 0.000361551424450379 
47 0 0.000383307052038151 
48 0 0.000400882708147643 
49 0 0.000451955091283596 
50 0 0.000452792582654515 
51 0 0.000506408092155519 
52 0 0.000557539838629828 
53 0 0.000612895140792546 
54 0 0.00067080267712083 
55 0 0.000711947844934002 
56 0 0.000775801730317993 
57 0 0.00083044923913056 
58 0 0.000916270122841567 
59 0 0.00103588144598277 
60 0 0.00109321593850065 
61 0 0.00124431385449342 
62 0 0.00135167009583625 
63 0 0.00151082457340934 
64 0 0.00157948255635787 
65 0 0.00173563963089352 
66 0 0.00184442933257434 
67 0 0.00205472886900471 
68 0 0.00223134803524316 
69 0 0.0024571016166639 
70 0 0.00269629448797448 
71 0 0.00289653523252886 
72 0 0.00312309076838246 
73 0 0.00336145550191136 
74 0 0.00365509035745093 
75 0 0.00398276190921931 
76 0 0.00423737264459678 
77 0 0.00477334378352845 
78 0 0.00508834749977916 
79 0 0.0055531735653771 
80 0 0.00608098081307595 
81 0 0.00711077660352044 
82 0 0.00772762407621419 
83 0 0.00841362469429408 
84 0 0.00937807558135828 
85 0 0.0102437080767442 
86 0 0.011239399313226 
87 0 0.0123092492612821 
88 0 0.0132316951551636 
89 0 0.0145271288298138 
90 0 0.0157432815955255 
91 0 0.017398719326593 
92 0 0.0186907361273013 
93 0 0.0204775846250878 
94 0 0.0220024925541644 
95 0 0.0244051028933225 
96 0 0.0257227794820712 
97 0 0.0276403379699641 
98 0 0.0296317368088308 
99 0 0.031688129684955 
100 0 0.033802227854571 
101 0 0.0359659741601067 
102 0 0.0381678745960142 
103 0 0.040399110614889 
104 0 0.0426458368014203 
105 0 0.044899599133834 
106 0 0.0471467759378568 
107 0 0.0493766812053517 
108 0 0.0515760820731808 
109 0 0.0537381475603892 
110 0 0.0558508312805212 
111 0 0.0833333333333333 
