** Period (Monthly) Age-Specific Probabilities of Death for USA in 2016 
* Retrieved from the Human Mortality Database (Life tables), www.mortality.org. 
* Max Planck Institute for Demographic Research (Germany), 
* University of California, Berkeley (USA), 
* and French Institute for Demographic Studies (France) 
* Data downloaded on  06 Apr 2023 08:10:30 PDT 
** NB: The original HMD annual probabilities have been converted into monthly probabilities 
** The open age interval (110+) is limited to one year [110-111) 

death 1 F single 
1 0 0.000443580602079829 
2 0 0.0000300049511388067 
3 0 0.0000200022003373768 
4 0 0.0000141677706060328 
5 0 0.000012500859457365 
6 0 0.0000108339788730261 
7 0 0.00000833371530217786 
8 0 0.0000100005500421885 
9 0 0.00000833371530217786 
10 0 0.00000916712885190574 
11 0 0.00000750030939278279 
12 0 0.00000916712885190574 
13 0 0.00000916712885190574 
14 0 0.0000108339788730261 
15 0 0.0000150012376423092 
16 0 0.0000158347123201397 
17 0 0.0000200022003373768 
18 0 0.0000250034381590325 
19 0 0.0000316721832838152 
20 0 0.0000325058108229248 
21 0 0.0000358403974268784 
22 0 0.0000400088026996093 
23 0 0.0000425099376131222 
24 0 0.0000450111413439203 
25 0 0.0000450111413439203 
26 0 0.0000491799671665794 
27 0 0.0000533489841776369 
28 0 0.00005668433545436 
29 0 0.0000591859292243813 
30 0 0.0000608536966506534 
31 0 0.0000658571825241649 
32 0 0.0000725289254539518 
33 0 0.0000766990134587475 
34 0 0.0000783671022263066 
35 0 0.0000842056539793745 
36 0 0.0000892104254029968 
37 0 0.0000958838826297104 
38 0 0.000097552323490957 
39 0 0.000107563611807859 
40 0 0.000110066606177961 
41 0 0.000116741594805347 
42 0 0.000120913711624038 
43 0 0.000134265772442244 
44 0 0.000145950434766062 
45 0 0.000156801823476993 
46 0 0.000173498797702898 
47 0 0.000187693637785924 
48 0 0.000195209450695066 
49 0 0.000219431298580264 
50 0 0.000246166348294219 
51 0 0.000266222797798643 
52 0 0.000290463581019584 
53 0 0.000316383294278633 
54 0 0.000349002469585802 
55 0 0.000374938886584797 
56 0 0.000405904948601377 
57 0 0.000436881566365344 
58 0 0.000467031117069472 
59 0 0.000501380294002152 
60 0 0.000540772160864456 
61 0 0.000577665137455718 
62 0 0.000604505805596012 
63 0 0.000664926316925163 
64 0 0.000708588357108852 
65 0 0.00076655694206218 
66 0 0.000810267868774917 
67 0 0.000869984082711328 
68 0 0.000960895362294378 
69 0 0.00104852564912838 
70 0 0.00114214750977637 
71 0 0.00125107270735048 
72 0 0.00136520430012821 
73 0 0.00153709495129795 
74 0 0.00170082048895193 
75 0 0.0018614395110873 
76 0 0.00203768241787416 
77 0 0.00220146072429805 
78 0 0.0024785089528272 
79 0 0.00274695742280107 
80 0 0.00304463673928912 
81 0 0.00342893325308513 
82 0 0.00380183101210763 
83 0 0.00425658468418677 
84 0 0.00469520273919743 
85 0 0.00542833730061132 
86 0 0.00634425748226108 
87 0 0.00708373912446336 
88 0 0.00793478713529527 
89 0 0.00898332463980056 
90 0 0.0100702868927149 
91 0 0.011347985909081 
92 0 0.0129100186800629 
93 0 0.0143100816386516 
94 0 0.0159538888813658 
95 0 0.0177795936345093 
96 0 0.0197191091423682 
97 0 0.0218132315091769 
98 0 0.0240471290978498 
99 0 0.0264158855108458 
100 0 0.0289073010954282 
101 0 0.0315113627158103 
102 0 0.0342094631247493 
103 0 0.0369842849359825 
104 0 0.0398147591398067 
105 0 0.0426781449202173 
106 0 0.0455484537358797 
107 0 0.0484047148600184 
108 0 0.0512216969215327 
109 0 0.0539786950713813 
110 0 0.0566527262559768 
111 0 0.0833333333333333 

death 1 M single 
1 0 0.000529036627315183 
2 0 0.0000358403974268784 
3 0 0.0000233363283135279 
4 0 0.0000191686874497776 
5 0 0.0000141677706060328 
6 0 0.0000116674153447516 
7 0 0.0000116674153447516 
8 0 0.0000108339788730261 
9 0 0.0000116674153447516 
10 0 0.00000916712885190574 
11 0 0.0000108339788730261 
12 0 0.0000108339788730261 
13 0 0.000012500859457365 
14 0 0.0000150012376423092 
15 0 0.0000200022003373768 
16 0 0.0000300049511388067 
17 0 0.0000416762183291786 
18 0 0.000055850486162301 
19 0 0.0000783671022263066 
20 0 0.0000917129144495377 
21 0 0.0000983865554056162 
22 0 0.000116741594805347 
23 0 0.000119244841917165 
24 0 0.000125086019946985 
25 0 0.000130093042745694 
26 0 0.000135100341368544 
27 0 0.000131762111637901 
28 0 0.000140107915847287 
29 0 0.000147619794864662 
30 0 0.00014344645210207 
31 0 0.000147619794864662 
32 0 0.000150123892499576 
33 0 0.00015930617408666 
34 0 0.000160975779494144 
35 0 0.000168489383372439 
36 0 0.000170994056027163 
37 0 0.000176838560643211 
38 0 0.000182683441090514 
39 0 0.000190198839702838 
40 0 0.000195209450695066 
41 0 0.000197714859778153 
42 0 0.000209407682068785 
43 0 0.000215254657358166 
44 0 0.000243659603279878 
45 0 0.000257029709030077 
46 0 0.000269565969733043 
47 0 0.000293807644791144 
48 0 0.000313874611824527 
49 0 0.000349002469585802 
50 0 0.000379122872988913 
51 0 0.000417624589193033 
52 0 0.000451117607631391 
53 0 0.000508084086699001 
54 0 0.000551670799416648 
55 0 0.000607022524816481 
56 0 0.000658210942097504 
57 0 0.00070270955234053 
58 0 0.000772439880273978 
59 0 0.00083044923913056 
60 0 0.000905327657166555 
61 0 0.00095584234764956 
62 0 0.00104515368948421 
63 0 0.00111008591587791 
64 0 0.0011826625528556 
65 0 0.00128233894818586 
66 0 0.00134490375023499 
67 0 0.00140920440398984 
68 0 0.00150150465368104 
69 0 0.00162528341460855 
70 0 0.0017526294271859 
71 0 0.00187675139860022 
72 0 0.00206495827732067 
73 0 0.00227662471851997 
74 0 0.002476796179953 
75 0 0.00271174797570151 
76 0 0.00296280657234849 
77 0 0.00320592914226192 
78 0 0.00351291806613074 
79 0 0.00381747421348821 
80 0 0.00423911902517116 
81 0 0.00469081479438171 
82 0 0.00517741602556188 
83 0 0.00570480240468274 
84 0 0.00629958028269995 
85 0 0.00718291616779088 
86 0 0.00800212667897338 
87 0 0.00910396433161975 
88 0 0.0101513616513581 
89 0 0.0114113099373672 
90 0 0.0129629101023507 
91 0 0.014495810296533 
92 0 0.0162098672031877 
93 0 0.0179777631049799 
94 0 0.0200798298649024 
95 0 0.0221633619151843 
96 0 0.0240732733772869 
97 0 0.0263923960986984 
98 0 0.0288302397796246 
99 0 0.0313751740854276 
100 0 0.034011705968338 
101 0 0.0367223067862671 
102 0 0.0394896385121676 
103 0 0.0422898962871782 
104 0 0.0451014995347406 
105 0 0.0479013453975167 
106 0 0.0506692074704512 
107 0 0.0533808682329745 
108 0 0.0560203526974284 
109 0 0.0585669983268122 
110 0 0.0610066880413502 
111 0 0.0833333333333333 
