** Period (Monthly) Age-Specific Probabilities of Death for USA in 1999 
* Retrieved from the Human Mortality Database (Life tables), www.mortality.org. 
* Max Planck Institute for Demographic Research (Germany), 
* University of California, Berkeley (USA), 
* and French Institute for Demographic Studies (France) 
* Data downloaded on  30 Mar 2023 17:43:10 CEST 
** NB: The original HMD annual probabilities have been converted into monthly probabilities 
** The open age interval (110+) is limited to one year [110-111) 

death 1 F single 
1 0 0.000550832396190359 
2 0 0.0000400088026996093 
3 0 0.0000258370045466139 
4 0 0.0000200022003373768 
5 0 0.0000158347123201397 
6 0 0.0000133343112110884 
7 0 0.0000133343112110884 
8 0 0.000012500859457365 
9 0 0.000012500859457365 
10 0 0.0000116674153447516 
11 0 0.0000116674153447516 
12 0 0.000012500859457365 
13 0 0.0000133343112110884 
14 0 0.000012500859457365 
15 0 0.0000175016846010179 
16 0 0.0000225027848553827 
17 0 0.0000333394460065861 
18 0 0.0000383414176537977 
19 0 0.0000383414176537977 
20 0 0.0000383414176537977 
21 0 0.0000383414176537977 
22 0 0.0000391751063537615 
23 0 0.0000383414176537977 
24 0 0.0000391751063537615 
25 0 0.0000391751063537615 
26 0 0.0000408425066913409 
27 0 0.0000408425066913409 
28 0 0.0000441773991204375 
29 0 0.0000458448912142861 
30 0 0.0000491799671665794 
31 0 0.0000516813544294559 
32 0 0.0000575181923953005 
33 0 0.0000608536966506534 
34 0 0.0000666911236122392 
35 0 0.0000716949308086079 
36 0 0.0000766990134587475 
37 0 0.0000867080052475711 
38 0 0.0000942154723914124 
39 0 0.000106729295667018 
40 0 0.000112569669472262 
41 0 0.00011590719442045 
42 0 0.000130927573360862 
43 0 0.000140942538415234 
44 0 0.000153462796661064 
45 0 0.000169324266588666 
46 0 0.000177673520552979 
47 0 0.000192704110671182 
48 0 0.00020523150142393 
49 0 0.000222772749752909 
50 0 0.0002411529274019 
51 0 0.000254522664378531 
52 0 0.000287955613937352 
53 0 0.000313038399728627 
54 0 0.00035485843287919 
55 0 0.000378286060297106 
56 0 0.000421810541447409 
57 0 0.000472057014896388 
58 0 0.000507246085562962 
59 0 0.00056089374554491 
60 0 0.000620446204865122 
61 0 0.000659050336805356 
62 0 0.000750590887146574 
63 0 0.000814471951187667 
64 0 0.000886812641038404 
65 0 0.000982795008333315 
66 0 0.00108562547102597 
67 0 0.0011775971837602 
68 0 0.00123924504500872 
69 0 0.00136943415278279 
70 0 0.00152184025784963 
71 0 0.00159389885253169 
72 0 0.00180531801874806 
73 0 0.00199763586062707 
74 0 0.00216475550379625 
75 0 0.00237665522364972 
76 0 0.00257447590225768 
77 0 0.00279077363245195 
78 0 0.00313257882509232 
79 0 0.00348520312925171 
80 0 0.00390095028841408 
81 0 0.00445155540188347 
82 0 0.00489024228516488 
83 0 0.00553014114647188 
84 0 0.00611306842190884 
85 0 0.0068066216854421 
86 0 0.00757075140824515 
87 0 0.00857563632450264 
88 0 0.00947981035885614 
89 0 0.010768802578812 
90 0 0.0119223676491609 
91 0 0.0131612900623747 
92 0 0.0149942895365286 
93 0 0.0165166102117226 
94 0 0.0178710018148285 
95 0 0.0203061548122121 
96 0 0.0218865489412481 
97 0 0.0239654778431289 
98 0 0.0261623060306645 
99 0 0.028467690305456 
100 0 0.0308701579836981 
101 0 0.0333593437585221 
102 0 0.0359211002331997 
103 0 0.0385368822451421 
104 0 0.0411896797717982 
105 0 0.0438615841475217 
106 0 0.0465323337060725 
107 0 0.049181992299339 
108 0 0.0517927051782848 
109 0 0.0543477163776024 
110 0 0.056828599357108 
111 0 0.0833333333333333 

death 1 M single 
1 0 0.000667444710466092 
2 0 0.0000475124138960004 
3 0 0.0000341730888351321 
4 0 0.0000258370045466139 
5 0 0.0000191686874497776 
6 0 0.0000183351822042876 
7 0 0.0000150012376423092 
8 0 0.0000150012376423092 
9 0 0.0000150012376423092 
10 0 0.0000141677706060328 
11 0 0.0000150012376423092 
12 0 0.0000166681946396352 
13 0 0.0000166681946396352 
14 0 0.0000225027848553827 
15 0 0.0000308385633891461 
16 0 0.0000408425066913409 
17 0 0.0000633554051622243 
18 0 0.000080869292772956 
19 0 0.000100889297087292 
20 0 0.000108397935606575 
21 0 0.000108397935606575 
22 0 0.00011590719442045 
23 0 0.000111735307382288 
24 0 0.000112569669472262 
25 0 0.000105894987183719 
26 0 0.000100889297087292 
27 0 0.000105060686358072 
28 0 0.000105894987183719 
29 0 0.000105894987183719 
30 0 0.000110900952950965 
31 0 0.000106729295667018 
32 0 0.000118410418553538 
33 0 0.000126754996901401 
34 0 0.000135100341368544 
35 0 0.00014344645210207 
36 0 0.000150958607041618 
37 0 0.000157636599346866 
38 0 0.000172663876141788 
39 0 0.000187693637785924 
40 0 0.000197714859778153 
41 0 0.000206066722202247 
42 0 0.000236139783039269 
43 0 0.000249508782532493 
44 0 0.000281268040052463 
45 0 0.000300496141496964 
46 0 0.000312202195326683 
47 0 0.00035485843287919 
48 0 0.000375775668454925 
49 0 0.000404230837609543 
50 0 0.000431020315210362 
51 0 0.000441068405811706 
52 0 0.000491325532234299 
53 0 0.000522331288624223 
54 0 0.00058437456115501 
55 0 0.000631354405509099 
56 0 0.000703549358301747 
57 0 0.000769918574388129 
58 0 0.000838018409161312 
59 0 0.000918795494455837 
60 0 0.00100301475432318 
61 0 0.00105948538273426 
62 0 0.00119532721198667 
63 0 0.00129839877049565 
64 0 0.00141766840787905 
65 0 0.00158202644224592 
66 0 0.00171270845011817 
67 0 0.0018614395110873 
68 0 0.00197889673541063 
69 0 0.00219036223070923 
70 0 0.00242885166850904 
71 0 0.00255647436122675 
72 0 0.00291030191312225 
73 0 0.00323183167143437 
74 0 0.00344104996590366 
75 0 0.00372018260881857 
76 0 0.00406377600251717 
77 0 0.00436931922559869 
78 0 0.00484803593035055 
79 0 0.0053257641984833 
80 0 0.00591270755418605 
81 0 0.00664864991101277 
82 0 0.00744219239015731 
83 0 0.00822999776648969 
84 0 0.00913991119585456 
85 0 0.0100404846559193 
86 0 0.011242230341249 
87 0 0.0121308479606022 
88 0 0.0134538814406775 
89 0 0.01477610882938 
90 0 0.0162657419223088 
91 0 0.0176203607880293 
92 0 0.0194508164962804 
93 0 0.0212921909677888 
94 0 0.0233171186896182 
95 0 0.0250306498096701 
96 0 0.027149423409154 
97 0 0.0292936200348072 
98 0 0.0315161035046339 
99 0 0.0338083102891407 
100 0 0.0361569451131274 
101 0 0.0385510072176096 
102 0 0.0409755187281605 
103 0 0.0434177723105116 
104 0 0.0458607418202285 
105 0 0.0482911652349031 
106 0 0.0506943111620625 
107 0 0.0530554191155521 
108 0 0.0553629749175861 
109 0 0.0576045157971922 
110 0 0.0597682895505389 
111 0 0.0833333333333333 
