** Period (Monthly) Age-Specific Probabilities of Death for USA in 1934 
* Retrieved from the Human Mortality Database (Life tables), www.mortality.org. 
* Max Planck Institute for Demographic Research (Germany), 
* University of California, Berkeley (USA), 
* and French Institute for Demographic Studies (France) 
* Data downloaded on  31 Mrz 2023 12:08:52 CEST 
** NB: The original HMD annual probabilities have been converted into monthly probabilities 
** The open age interval (110+) is limited to one year [110-111) 

death 1 F single 
1 0 0.0049412679169526 
2 0 0.000824562542920404 
3 0 0.000378286060297106 
4 0 0.000247837550048202 
5 0 0.00018602354153463 
6 0 0.000155132294736626 
7 0 0.000139273300942766 
8 0 0.00012425154296114 
9 0 0.000112569669472262 
10 0 0.000102557829824601 
11 0 0.0000958838826297104 
12 0 0.0000925470927749528 
13 0 0.0000950496736826789 
14 0 0.000102557829824601 
15 0 0.000116741594805347 
16 0 0.000135100341368544 
17 0 0.0001542975418658 
18 0 0.000172663876141788 
19 0 0.00019103392235309 
20 0 0.000209407682068785 
21 0 0.00022778515685884 
22 0 0.000244495177269322 
23 0 0.000258701110551818 
24 0 0.000270401781932272 
25 0 0.000278760326709371 
26 0 0.000285447716062204 
27 0 0.000291299585426952 
28 0 0.000297151831613829 
29 0 0.000303004454673572 
30 0 0.000308021288723315 
31 0 0.000313874611824527 
32 0 0.000321400866947319 
33 0 0.000331436843438837 
34 0 0.000345656374260206 
35 0 0.000364061423379858 
36 0 0.000384980777602628 
37 0 0.000405067889250321 
38 0 0.000421810541447409 
39 0 0.000436044221624798 
40 0 0.00044776775020694 
41 0 0.000460330352360039 
42 0 0.000477083190726146 
43 0 0.000500542354690436 
44 0 0.000531551256905183 
45 0 0.000566763380568935 
46 0 0.000606183610663558 
47 0 0.00065065673870468 
48 0 0.000698510638982297 
49 0 0.000751431135869618 
50 0 0.000811108669691585 
51 0 0.00087755654811561 
52 0 0.000942369016184275 
53 0 0.00100217217502307 
54 0 0.00105611301613129 
55 0 0.00110418106729526 
56 0 0.00114974270351575 
57 0 0.00121221617243084 
58 0 0.00129839877049565 
59 0 0.001410897141637 
60 0 0.00155319990950264 
61 0 0.00172120080445548 
62 0 0.00189121499859013 
63 0 0.00205643369029385 
64 0 0.0022168301114075 
65 0 0.00237237815833979 
66 0 0.00252990718768276 
67 0 0.00271861703805676 
68 0 0.00295419716664891 
69 0 0.00324564938177185 
70 0 0.00359871488648178 
71 0 0.00401498464046113 
72 0 0.00445155540188347 
73 0 0.00488408596519774 
74 0 0.00530544024346458 
75 0 0.00572077814078087 
76 0 0.0059545240217489 
77 0 0.00648558285069478 
78 0 0.00709275071765181 
79 0 0.00779117616950886 
80 0 0.00858571446156509 
81 0 0.00916572805037552 
82 0 0.0100628354082303 
83 0 0.0109793254068004 
84 0 0.0118852917252983 
85 0 0.0127601687582328 
86 0 0.0136291202353399 
87 0 0.0145976355860051 
88 0 0.0157244305978742 
89 0 0.0170124167010933 
90 0 0.0183887127274142 
91 0 0.0198042198257705 
92 0 0.0211856058934596 
93 0 0.022397194281001 
94 0 0.0233452099657563 
95 0 0.0240351488773286 
96 0 0.0255874667133674 
97 0 0.0270806418277022 
98 0 0.0286201009670294 
99 0 0.0302020531233422 
100 0 0.031822424929578 
101 0 0.0334792480111217 
102 0 0.0351666789069247 
103 0 0.0368796515727011 
104 0 0.0386139552963083 
105 0 0.0403650140860918 
106 0 0.0421265172620914 
107 0 0.0438929817568449 
108 0 0.0456584627801898 
109 0 0.0474179484722225 
110 0 0.0491660298343826 
111 0 0.0833333333333333 

death 1 M single 
1 0 0.00624956803723697 
2 0 0.000933949198882678 
3 0 0.000429345741460474 
4 0 0.000289627584302288 
5 0 0.00022193737544296 
6 0 0.000182683441090514 
7 0 0.000164315082316957 
8 0 0.000149289185622847 
9 0 0.000137604094123889 
10 0 0.000128424004500527 
11 0 0.000121748157967727 
12 0 0.000120079272940554 
13 0 0.000122582611971733 
14 0 0.000131762111637901 
15 0 0.000148454486411209 
16 0 0.000169324266588666 
17 0 0.000190198839702838 
18 0 0.000211078208056104 
19 0 0.000231126915174573 
20 0 0.000251180045748089 
21 0 0.000269565969733043 
22 0 0.000286283674331145 
23 0 0.000299660052488715 
24 0 0.00030885745465703 
25 0 0.000314710831614828 
26 0 0.000317219537152469 
27 0 0.000320564585597816 
28 0 0.000325582389131607 
29 0 0.000333946010742214 
30 0 0.000343983372797285 
31 0 0.000356531634559953 
32 0 0.00037242858720421 
33 0 0.0003908390598516 
34 0 0.000412601701002879 
35 0 0.000438556278994695 
36 0 0.000467031117069472 
37 0 0.000494676995866028 
38 0 0.000519816914184679 
39 0 0.000542448789399907 
40 0 0.000564247776269622 
41 0 0.000588568202586459 
42 0 0.000617090098907869 
43 0 0.00065569280450628 
44 0 0.00070270955234053 
45 0 0.000756472791427876 
46 0 0.000816153638635519 
47 0 0.000879239403943299 
48 0 0.00094742128126013 
49 0 0.00102071072564436 
50 0 0.0011008070404892 
51 0 0.00118857250729509 
52 0 0.00127388755101021 
53 0 0.00135336176103606 
54 0 0.0014269797237183 
55 0 0.00149387997649741 
56 0 0.00155913403554131 
57 0 0.00164310110308585 
58 0 0.00175517817099125 
59 0 0.0018988731320585 
60 0 0.00207689404501421 
61 0 0.00228431545721286 
62 0 0.00249392536461124 
63 0 0.0026928607372686 
64 0 0.00288105021559903 
65 0 0.00306014973141 
66 0 0.00323874026322257 
67 0 0.00345143700971973 
68 0 0.00372018260881857 
69 0 0.00405506133069977 
70 0 0.00446293437385614 
71 0 0.0049447879871809 
72 0 0.00545045882227913 
73 0 0.00594651511505362 
74 0 0.0064220485232791 
75 0 0.00688750963362472 
76 0 0.00714413398551672 
77 0 0.00774486950336484 
78 0 0.00842459933668649 
79 0 0.00918601791397811 
80 0 0.0100134849007238 
81 0 0.0108110555684596 
82 0 0.011743783424611 
83 0 0.0127275423421949 
84 0 0.0137280246679985 
85 0 0.0147397969975575 
86 0 0.0157859590502882 
87 0 0.0169228878842242 
88 0 0.0181947290055171 
89 0 0.0195760573392781 
90 0 0.0209991255425581 
91 0 0.0223587138082454 
92 0 0.0234728129670893 
93 0 0.0242117485902428 
94 0 0.024463082044459 
95 0 0.0243635562534201 
96 0 0.0281693609955577 
97 0 0.029686280992509 
98 0 0.0312403772749026 
99 0 0.032829609300156 
100 0 0.0344493218722571 
101 0 0.0360957391691363 
102 0 0.0377635022146529 
103 0 0.0394481103357717 
104 0 0.0411460116810529 
105 0 0.0428520068562926 
106 0 0.04456046910159 
107 0 0.0462653174826712 
108 0 0.047964285560356 
109 0 0.0496491091637385 
110 0 0.0513168507091974 
111 0 0.0833333333333333 
